-4309.3 -6299.5 -2.6 118 0 87.8 133.7 7.5 0.0 0 1 3 4 4
6666.2 -592.7 -15.2 266 0 41.5 36.8 10.5 0.0 0 0 3 5 5
6558.8 40.3 -9.4 266 0 45.6 58.6 10.5 0.0 0 1 3 3 3
6001.8 626.9 -22.5 290 0 37.0 50.2 7.5 0.0 0 1 3 5 5
5646.9 703.0 -12.8 10 0 35.6 45.8 12.5 0.0 0 1 5 2 2
5678.9 832.4 -10.6 17 0 23.8 22.3 12.5 2.5 2 0 5 4 4
6392.5 4230.8 -14.5 13 0 73.3 138.7 10.0 0.0 0 1 4 2 2
5531.5 1445.2 -19.0 3 0 16.4 9.9 7.5 2.5 2 0 3 1 1
6378.5 260.4 -10.9 262 0 36.6 51.5 17.5 0.0 0 1 7 5 5
6794.8 -1301.0 -1.0 92 0 10.8 20.2 10.5 2.5 2 1 3 4 4
6825.1 -1309.4 -5.2 91 0 24.2 10.4 7.0 2.5 2 0 2 1 1
6770.7 -1270.6 1.3 182 0 21.8 9.0 7.0 2.5 2 0 2 2 2
5930.1 5288.0 3.1 100 0 11.1 21.0 12.5 2.5 2 1 5 0 0
4499.8 3720.2 -2.3 178 0 9.1 24.5 10.5 0.0 0 1 3 3 3
4510.8 3705.4 -1.9 90 0 14.9 6.7 7.0 2.5 2 0 2 1 1
4545.6 3763.8 -3.6 268 0 8.0 38.9 7.5 2.5 2 1 3 5 5
4380.8 3672.8 2.3 234 0 30.1 8.0 10.5 2.5 2 0 3 2 2
4064.8 3092.7 -5.1 269 0 42.3 47.8 10.0 0.0 0 1 4 5 5
5925.5 5325.8 5.6 190 0 28.3 8.6 7.0 2.5 2 0 2 4 4
5985.0 5332.8 -2.6 13 0 11.3 43.9 12.5 2.5 2 1 5 1 1
5955.4 5291.5 1.9 11 0 8.7 8.2 10.5 2.5 2 0 3 5 5
5937.6 5322.6 3.1 195 0 25.9 10.6 10.0 2.5 2 0 4 2 2
5950.0 -142.8 -5.7 261 0 11.5 31.5 10.5 3.5 2 1 3 5 5
5954.8 -192.2 -3.5 170 0 25.4 10.5 10.5 3.5 2 0 3 0 0
5991.2 -217.9 0.9 81 0 12.9 10.1 10.5 3.5 2 0 3 1 1
6023.8 -205.0 1.4 353 0 10.4 25.8 10.5 3.5 2 1 3 2 2
6031.4 -177.9 -0.0 355 0 19.5 12.6 10.5 3.5 2 0 3 1 1
6020.5 -139.6 -2.4 266 0 12.7 26.8 10.5 3.5 4 1 3 5 5
6413.4 -225.2 -0.3 270 0 18.5 33.3 10.0 0.0 0 1 4 2 2
6534.9 -354.3 -1.1 257 0 37.2 14.1 10.5 3.5 4 0 3 3 3
6189.5 5714.3 -11.7 90 0 20.8 27.8 10.0 2.5 2 1 4 2 2
4178.9 937.7 -29.3 90 0 22.1 28.1 10.0 0.0 0 1 4 2 2
4541.8 258.7 -24.1 92 0 49.0 57.1 12.5 0.0 0 1 5 2 2
6394.0 3008.5 -32.0 268 0 13.6 22.1 12.5 2.5 4 1 5 4 4
-1708.0 37.5 -6.8 348 0 35.0 58.9 10.0 0.0 0 1 4 2 2
6171.5 682.0 -14.6 177 0 27.7 26.7 14.0 0.0 0 0 4 3 3
6146.7 474.9 -14.7 179 0 8.9 33.8 10.5 3.5 2 1 3 0 0
5605.2 3747.1 -3.3 269 0 39.7 21.3 10.0 2.5 2 0 4 3 3
2037.1 4746.5 -30.8 93 0 17.0 31.6 12.5 2.5 2 1 5 0 0
3506.6 3555.5 -30.7 82 0 13.2 17.3 5.0 2.5 2 1 2 5 5
3705.4 3390.3 -22.7 89 0 16.6 32.9 12.5 0.0 0 1 5 4 4
4438.0 3686.1 0.4 286 0 35.7 12.0 10.0 2.5 2 0 4 4 4
-3428.8 523.5 38.5 38 0 22.6 19.1 10.0 2.5 4 0 4 4 4
-4054.2 567.3 21.5 98 0 12.4 9.3 2.5 2.5 2 0 1 0 0
-5178.7 -6586.4 -14.3 279 0 11.6 13.9 7.5 2.5 2 1 3 3 3
-5235.8 -6566.7 -12.1 189 0 10.3 10.7 5.0 2.5 4 1 2 1 1
-5241.9 -6475.3 -13.8 117 0 10.6 14.0 5.0 0.0 0 1 2 4 4
-6706.7 -5212.0 13.7 19 0 16.0 12.5 7.5 2.5 2 0 3 0 0
-6705.1 -5138.3 12.7 278 0 4.3 8.6 5.0 2.5 2 0 2 5 5
-6750.8 -5259.9 12.4 186 0 15.1 15.1 5.0 2.5 2 0 2 3 3
-5363.2 -6800.4 -23.2 11 0 15.4 16.4 10.0 2.5 2 1 4 4 4
-5480.9 -6677.9 -11.9 182 0 16.5 15.4 10.0 2.5 4 0 4 2 2
-6754.7 -5392.1 14.6 88 0 9.6 15.7 7.5 2.5 2 1 3 3 3
-6780.3 -5323.2 10.9 82 0 10.6 15.8 5.0 2.5 2 1 2 0 0
-202.3 -6581.2 -29.3 294 0 7.2 47.4 7.5 2.5 2 1 3 1 1
-342.5 -6475.7 -19.3 205 0 7.9 8.5 7.5 2.5 2 1 3 1 1
-268.6 -6510.8 -23.7 42 0 13.4 7.9 2.5 2.5 2 0 1 1 1
-280.6 -6529.6 -23.7 52 0 8.1 12.0 7.5 2.5 2 1 3 2 2
-224.5 -6607.1 -29.1 299 0 5.2 18.5 5.0 0.0 0 1 2 3 3
-211.5 -6655.5 -28.4 105 0 9.2 29.7 7.5 0.0 0 1 3 4 4
-41.1 -6754.3 -18.1 194 0 14.2 12.2 7.5 2.5 2 0 3 3 3
661.8 -5968.3 -24.4 188 0 11.7 24.7 15.0 0.0 0 1 6 1 1
609.2 -6164.6 -29.5 130 0 10.3 10.9 7.5 2.5 4 1 3 2 2
510.5 -6205.6 -21.0 274 0 10.0 11.2 5.0 2.5 2 1 2 5 5
376.8 -6058.3 -28.7 180 0 10.3 18.2 2.5 0.0 0 1 1 1 1
411.9 -6281.9 -14.1 178 0 15.6 12.8 5.0 2.5 2 0 2 0 0
400.5 -6317.8 -13.4 173 0 13.6 12.1 5.0 2.5 2 0 2 3 3
406.1 -6351.6 -12.8 170 0 8.3 10.4 2.5 2.5 4 1 1 2 2
446.9 -6437.4 -16.0 19 0 12.3 9.4 7.5 2.5 2 0 3 5 5
396.9 -6490.9 -16.1 356 0 12.5 10.4 7.5 2.5 2 0 3 1 1
318.7 -6489.1 -13.7 359 0 15.5 14.4 5.0 2.5 2 0 2 2 2
240.1 -6533.2 -12.5 97 0 7.0 10.7 7.5 2.5 2 1 3 5 5
260.7 -6384.0 -15.4 101 0 11.2 7.5 5.0 0.0 0 0 2 0 0
279.1 -6390.4 -14.7 85 0 10.6 9.6 7.5 2.5 2 0 3 0 0
206.4 -6327.9 -18.8 192 0 12.1 12.7 2.5 2.5 2 1 1 3 3
209.4 -6240.7 -22.2 96 0 8.5 15.3 2.5 2.5 2 1 1 2 2
260.8 -6314.3 -17.7 293 0 12.0 13.8 5.0 0.0 0 1 2 1 1
630.6 -6425.3 -26.7 21 0 7.9 8.9 7.5 2.5 2 1 3 1 1
657.9 -6379.8 -28.2 200 0 12.2 9.2 5.0 2.5 2 0 2 4 4
808.6 -6038.9 -25.3 1 0 18.9 17.6 10.0 0.0 0 0 4 1 1
820.8 -6062.4 -26.4 354 0 18.2 11.6 7.5 2.5 2 0 3 3 3
973.1 -5817.8 -18.5 199 0 10.3 20.0 10.0 0.0 0 0 4 0 0
933.1 -5848.0 -15.5 181 0 11.0 14.6 2.5 2.5 2 1 1 1 1
998.8 -5822.5 -19.0 24 0 6.6 7.5 5.0 2.5 2 0 2 4 4
1015.3 -5694.4 -20.2 180 0 11.7 8.8 5.0 2.5 2 0 2 3 3
982.8 -5851.5 -18.1 38 0 7.0 14.6 7.5 2.5 2 1 3 5 5
987.5 -5695.0 -17.9 6 0 11.0 13.0 7.5 2.5 2 1 3 3 3
924.3 -5762.1 -13.4 20 0 9.6 11.3 7.5 2.5 2 1 3 3 3
962.9 -5826.9 -16.7 286 0 9.4 12.5 5.0 2.5 4 1 2 3 3
1145.6 -5776.4 -24.9 115 0 10.0 8.4 5.0 2.5 2 0 2 3 3
1241.5 -5556.2 -35.0 294 0 13.9 7.9 5.0 0.0 0 0 2 3 3
1342.7 -5610.6 -35.2 300 0 12.3 10.9 2.5 2.5 4 0 1 0 0
1394.1 -5641.6 -31.6 307 0 11.7 14.2 5.0 2.5 2 1 2 0 0
1389.2 -5775.3 -17.9 24 0 13.0 10.7 7.5 2.5 2 0 3 4 4
1622.7 -5818.9 -31.4 342 0 10.4 15.3 7.5 2.5 2 1 3 1 1
1780.1 -5729.8 -22.1 25 0 5.7 7.6 5.0 2.5 2 1 2 5 5
1853.8 -5628.4 -15.0 211 0 9.2 9.1 5.0 2.5 2 0 2 2 2
1859.6 -5617.3 -14.5 204 0 9.8 9.8 7.5 2.5 2 1 3 0 0
1883.3 -5496.4 -25.7 219 0 7.5 18.0 5.0 2.5 2 1 2 2 2
2094.4 -6075.0 -0.7 116 0 13.0 12.1 2.5 2.5 4 0 1 4 4
2066.1 -5830.0 -1.4 14 0 5.8 13.4 5.0 2.5 2 1 2 1 1
1090.3 -5541.8 -26.0 210 0 10.8 8.8 2.5 2.5 2 0 1 0 0
1058.4 -5370.9 -25.2 111 0 7.6 11.4 5.0 2.5 2 1 2 5 5
1160.5 -5539.3 -30.8 244 0 9.3 16.5 7.5 2.5 2 1 3 0 0
1227.8 -5544.8 -34.8 294 0 10.1 17.8 7.5 2.5 2 1 3 5 5
1160.4 -5524.2 -30.7 96 0 9.8 10.3 2.5 2.5 2 1 1 5 5
1049.7 -5614.2 -22.9 91 0 12.2 9.6 7.5 2.5 2 0 3 1 1
1086.3 -5617.0 -25.1 50 0 11.1 15.4 10.0 0.0 0 1 4 1 1
1067.5 -5617.8 -23.9 87 0 10.4 14.4 10.0 0.0 0 1 4 5 5
509.8 -5753.5 -19.8 302 0 10.9 9.7 7.5 2.5 2 0 3 2 2
379.5 -5566.3 -31.7 197 0 13.0 14.8 2.5 2.5 2 1 1 2 2
282.8 -5670.2 -36.0 92 0 16.5 25.2 10.0 2.5 2 1 4 1 1
155.6 -5598.9 -30.2 117 0 11.1 8.5 2.5 2.5 2 0 1 0 0
88.4 -5493.5 -27.5 267 0 13.2 12.2 7.5 0.0 0 0 3 3 3
98.3 -5555.8 -27.8 91 0 13.7 12.4 2.5 2.5 2 0 1 4 4
81.8 -5407.7 -24.8 359 0 11.6 13.3 5.0 2.5 2 1 2 4 4
-26.6 -5545.3 -22.2 97 0 9.8 12.7 2.5 2.5 4 1 1 2 2
-467.1 163.4 7.0 296 0 9.8 12.0 5.0 2.5 4 1 2 1 1
-513.7 -81.5 -4.0 82 0 6.5 8.6 7.5 0.0 0 1 3 0 0
-552.9 -63.7 -8.7 186 0 7.5 10.0 5.0 2.5 2 1 2 0 0
-548.1 -132.5 -5.9 182 0 11.0 7.4 7.5 2.5 2 0 3 2 2
-509.9 104.6 1.3 190 0 7.3 12.9 7.5 2.5 2 1 3 2 2
-537.5 328.7 0.1 267 0 6.8 7.2 5.0 2.5 2 1 2 3 3
-678.9 423.4 8.1 225 0 4.7 6.7 2.5 2.5 2 1 1 5 5
-842.7 443.5 3.8 98 0 8.2 12.1 5.0 2.5 4 1 2 4 4
-2603.7 -54.7 28.5 180 0 10.2 7.1 7.5 2.5 2 0 3 4 4
-2572.6 -15.5 21.8 295 0 6.4 10.3 5.0 2.5 2 1 2 4 4
-2563.0 -97.2 22.8 9 0 8.7 7.3 5.0 2.5 2 0 2 2 2
-2566.1 -37.6 21.6 80 0 6.0 9.1 5.0 2.5 2 1 2 3 3
-2560.0 -7.4 20.5 296 0 5.6 7.7 5.0 2.5 2 1 2 5 5
-2550.1 -36.1 20.1 62 0 6.5 5.4 5.0 2.5 2 0 2 1 1
-2487.7 -18.8 13.6 76 0 8.4 9.1 7.5 2.5 2 1 3 2 2
-2475.3 -2.1 12.0 75 0 8.1 8.7 7.5 2.5 2 1 3 3 3
-2422.7 -0.9 7.7 4 0 9.8 4.6 5.0 0.0 0 0 2 2 2
-2363.6 -42.0 7.3 176 0 5.9 9.5 5.0 2.5 2 1 2 1 1
-1820.4 291.6 -7.1 355 0 16.2 10.9 5.0 2.5 2 0 2 1 1
-1671.0 415.5 -8.0 182 0 9.5 8.0 5.0 2.5 2 0 2 3 3
-1066.1 4.9 0.6 11 0 9.5 11.9 5.0 2.5 2 1 2 0 0
-1185.8 -12.1 5.1 108 0 11.7 17.3 5.0 2.5 2 1 2 1 1
-1124.4 60.4 3.9 13 0 14.6 12.1 5.0 0.0 0 0 2 1 1
-1074.7 -73.4 -0.3 31 0 9.0 8.1 5.0 0.0 0 0 2 5 5
-1063.9 -20.8 0.0 2 0 10.3 9.9 5.0 2.5 2 0 2 1 1
-1112.5 25.9 2.5 191 0 8.9 9.3 5.0 2.5 2 1 2 1 1
-1273.6 50.2 4.3 99 0 13.0 10.0 5.0 2.5 2 0 2 5 5
-1337.3 224.3 4.5 291 0 7.9 9.8 5.0 2.5 2 1 2 0 0
-1345.2 129.4 3.0 14 0 7.4 12.0 5.0 2.5 2 1 2 4 4
-1247.7 335.3 8.9 183 0 10.9 10.6 2.5 2.5 2 0 1 4 4
-1263.1 283.8 7.7 87 0 8.2 12.5 2.5 2.5 2 1 1 1 1
-1320.6 351.7 5.9 179 0 6.0 13.6 5.0 2.5 2 1 2 0 0
-1254.4 412.0 9.3 274 0 7.0 15.1 5.0 2.5 2 1 2 2 2
6543.8 -187.7 -3.9 97 0 17.4 17.5 10.5 3.5 4 1 3 5 5
-4657.0 -4967.8 13.1 113 0 53.8 12.2 10.0 2.5 2 0 4 5 5
-1807.1 -623.3 -12.2 289 0 22.5 30.8 10.0 0.0 0 1 4 0 0
-1767.3 -652.0 -12.0 19 0 29.6 19.9 10.0 2.5 2 0 4 3 3
-1841.2 -658.9 -10.1 281 0 13.0 13.3 5.0 2.5 2 1 2 5 5
-1787.0 -629.8 -12.1 287 0 11.6 13.8 5.0 2.5 2 0 2 2 2
-1847.7 -680.7 -9.1 272 0 12.5 46.5 15.0 0.0 0 1 6 4 4
-1854.6 -660.7 -9.9 267 0 5.6 7.2 2.5 2.5 2 1 1 4 4
-1871.3 -725.3 -6.6 269 0 13.7 14.6 7.5 2.5 2 1 3 0 0
-1965.3 -953.8 0.8 42 0 26.7 12.2 12.5 2.5 4 0 5 4 4
-1957.6 -907.7 -1.0 107 0 6.0 24.5 5.0 2.5 2 1 2 0 0
-1867.9 -767.0 -5.8 94 0 7.9 11.4 7.5 2.5 2 1 3 5 5
-1898.7 -792.4 -4.4 8 0 7.9 8.3 5.0 2.5 2 1 2 0 0
-1840.2 -786.4 -5.6 33 0 17.4 25.9 7.5 2.5 2 1 3 5 5
-1927.2 -755.0 -5.3 180 0 7.3 9.6 7.5 2.5 2 1 3 0 0
-1929.7 -766.5 -5.0 178 0 9.4 10.8 5.0 2.5 2 1 2 0 0
-1943.0 -810.6 -3.3 270 0 6.3 12.9 5.0 2.5 2 1 2 5 5
-1900.1 -852.3 -2.2 7 0 5.2 7.5 2.5 0.0 0 1 1 0 0
-1928.5 -791.6 -4.2 186 0 7.8 11.9 5.0 2.5 2 1 2 3 3
-1817.2 -865.4 -1.3 195 0 5.9 11.1 5.0 2.5 2 1 2 3 3
-1861.0 -797.0 -4.7 29 0 9.3 7.0 7.5 2.5 2 0 3 3 3
-1930.3 -895.7 -1.0 19 0 6.6 13.7 5.0 2.5 2 1 2 0 0
-2008.1 -998.8 2.8 34 0 13.7 9.1 7.5 2.5 2 0 3 4 4
-1995.9 -983.3 2.7 31 0 16.7 9.1 7.5 2.5 2 0 3 2 2
-2022.1 -995.0 2.6 128 0 9.2 8.5 2.5 2.5 2 0 1 3 3
-2030.3 -848.6 -1.5 202 0 12.0 13.4 5.0 2.5 2 0 2 5 5
-1796.3 -944.6 2.4 104 0 12.2 11.5 5.0 2.5 2 0 2 1 1
-1750.6 -895.1 -0.2 94 0 14.5 14.4 7.5 2.5 2 0 3 1 1
-1703.3 -827.9 -2.0 7 0 7.8 7.9 5.0 2.5 2 1 2 5 5
-1668.5 -887.4 1.5 11 0 13.4 9.7 5.0 2.5 2 0 2 5 5
-1754.3 -915.2 1.2 95 0 13.6 7.3 7.5 0.0 0 0 3 5 5
-1776.1 -850.0 -2.0 182 0 8.8 11.7 2.5 2.5 2 1 1 0 0
-1737.0 -839.9 -1.9 13 0 6.8 11.8 2.5 2.5 2 1 1 2 2
-1716.3 -818.3 -2.5 275 0 5.8 8.8 2.5 2.5 2 1 1 3 3
-1720.8 -735.3 -5.7 276 0 5.2 9.5 5.0 2.5 2 1 2 5 5
-1750.8 -737.0 -6.7 186 0 5.8 11.5 7.5 2.5 2 1 3 0 0
-1714.6 -932.8 1.6 105 0 10.7 25.8 10.0 2.5 4 1 4 5 5
-1714.8 -812.5 -3.0 2 0 6.7 8.5 7.5 2.5 2 1 3 4 4
-1849.2 -950.0 1.7 276 0 6.2 9.0 7.5 2.5 2 1 3 2 2
-1947.4 -974.1 1.1 219 0 7.4 9.8 7.5 2.5 2 1 3 4 4
-1922.2 -949.7 0.6 219 0 9.8 6.8 5.0 0.0 0 0 2 4 4
-1891.4 -968.7 0.9 291 0 11.7 12.3 7.5 2.5 2 1 3 5 5
-1865.2 -961.8 1.4 274 0 12.8 16.6 10.0 2.5 2 1 4 1 1
-1889.5 -927.2 0.4 102 0 13.2 11.0 7.5 2.5 2 0 3 3 3
-1953.5 -1032.9 2.7 196 0 11.7 14.8 10.0 2.5 2 1 4 0 0
-2040.5 -1088.3 -1.4 211 0 25.4 24.9 10.0 2.5 2 0 4 4 4
-2001.6 -1100.2 -0.5 203 0 10.8 24.9 10.0 2.5 2 1 4 5 5
-1982.9 -1157.6 -1.4 108 0 12.9 7.1 5.0 2.5 2 0 2 4 4
-1999.6 -1049.3 1.5 190 0 13.6 7.9 5.0 2.5 2 0 2 0 0
-1936.1 -963.4 0.7 216 0 18.4 6.3 7.5 2.5 2 0 3 2 2
-1882.4 -900.2 0.2 207 0 11.2 5.4 2.5 2.5 2 0 1 0 0
-2155.7 -879.3 -1.9 117 0 7.9 52.0 7.5 2.5 2 1 3 0 0
-2172.4 -840.2 -2.5 206 0 55.5 8.4 7.5 2.5 4 0 3 3 3
-2124.0 -781.4 -3.1 14 0 8.7 19.1 2.5 2.5 2 1 1 1 1
-2106.5 -775.9 -2.9 13 0 9.7 11.9 5.0 2.5 2 1 2 4 4
-2011.9 -655.5 -7.1 2 0 11.8 8.1 7.5 2.5 2 0 3 1 1
-2034.6 -640.2 -7.2 286 0 8.8 7.7 7.5 2.5 2 0 3 2 2
-2042.2 -681.5 -6.3 5 0 7.9 8.8 7.5 2.5 2 1 3 4 4
-2014.0 -675.7 -6.7 6 0 7.2 12.1 5.0 2.5 2 1 2 1 1
-2144.4 -685.7 -4.9 269 0 12.4 20.7 7.5 2.5 2 1 3 2 2
-2098.0 -693.8 -5.4 188 0 9.6 9.7 2.5 2.5 2 1 1 5 5
-2078.9 -637.6 -7.1 267 0 7.7 7.5 7.5 2.5 2 0 3 3 3
-2177.8 -773.0 -3.6 189 0 6.5 8.4 2.5 2.5 2 1 1 2 2
-2290.2 -843.9 -3.9 10 0 8.7 11.9 2.5 0.0 0 1 1 1 1
-2279.4 -814.9 -4.2 1 0 7.8 8.6 5.0 2.5 2 1 2 0 0
-2270.4 -802.2 -4.3 359 0 5.5 9.3 2.5 2.5 4 1 1 4 4
-2334.6 -831.4 -4.5 193 0 14.0 9.7 5.0 2.5 2 0 2 3 3
-2325.1 -771.5 -5.5 197 0 8.1 9.3 5.0 2.5 2 1 2 1 1
-2222.0 -995.6 2.8 290 0 13.0 16.7 5.0 2.5 4 1 2 5 5
732.4 -915.4 -5.0 79 0 32.5 32.6 15.0 0.0 0 1 6 3 3
1026.6 -1555.7 3.5 90 0 15.2 36.4 12.5 2.5 2 1 5 2 2
3750.6 1196.2 -32.2 349 0 7.8 10.5 5.0 2.5 2 1 2 1 1
3748.1 1169.2 -33.6 26 0 8.2 9.1 5.0 2.5 2 1 2 0 0
3646.8 1204.0 -32.2 181 0 5.6 7.6 5.0 2.5 2 1 2 0 0
3409.1 1157.8 -31.8 86 0 10.1 12.8 7.5 2.5 2 1 3 5 5
3262.0 1195.3 -25.0 312 0 10.1 11.6 5.0 2.5 2 1 2 0 0
3234.8 1088.1 -30.0 265 0 6.0 6.9 5.0 2.5 2 1 2 0 0
2886.5 1051.5 -40.1 271 0 13.3 9.3 7.5 2.5 2 0 3 4 4
2734.0 1159.0 -26.2 176 0 9.6 11.2 5.0 2.5 2 1 2 5 5
2673.6 1109.6 -20.9 95 0 17.9 11.7 7.5 0.0 0 0 3 3 3
2622.9 990.6 -17.7 115 0 12.2 6.2 7.5 2.5 2 0 3 1 1
2589.3 1098.5 -10.8 268 0 8.4 8.2 7.5 2.5 2 0 3 0 0
2499.0 1099.1 -0.3 300 0 8.8 8.2 7.5 2.5 2 0 3 4 4
2114.7 935.5 25.2 271 0 7.9 6.5 7.5 2.5 4 0 3 0 0
2024.9 153.6 -12.0 85 0 6.0 12.7 2.5 2.5 2 1 1 5 5
2013.4 52.1 -12.3 178 0 16.0 12.0 7.5 2.5 2 0 3 5 5
2062.8 48.1 -11.8 2 0 35.6 10.2 7.5 2.5 2 0 3 0 0
2084.9 55.9 -11.6 347 0 21.7 9.8 2.5 2.5 2 0 1 2 2
2017.8 28.6 -13.8 187 0 11.0 19.9 10.0 2.5 2 1 4 5 5
2132.8 -8.9 -12.6 292 0 8.3 9.2 5.0 2.5 2 1 2 1 1
2147.1 -58.7 -15.3 265 0 5.5 9.6 5.0 2.5 2 1 2 3 3
2146.7 -156.5 -19.3 112 0 14.1 14.6 5.0 2.5 2 1 2 2 2
2189.7 -98.1 -18.3 52 0 10.0 10.3 5.0 2.5 2 1 2 2 2
2151.1 -6.4 -13.6 108 0 14.2 11.1 5.0 2.5 2 0 2 3 3
2277.8 -77.8 -22.5 184 0 15.3 8.4 5.0 2.5 2 0 2 0 0
2374.9 -110.4 -28.3 86 0 23.0 9.5 5.0 2.5 2 0 2 0 0
2420.6 -41.1 -28.4 257 0 10.4 11.6 5.0 2.5 2 1 2 1 1
2434.8 -62.5 -29.2 338 0 12.8 11.7 5.0 2.5 2 0 2 0 0
2469.4 -129.3 -33.3 263 0 12.4 11.3 5.0 0.0 0 0 2 2 2
2605.7 -105.7 -36.7 62 0 13.1 10.3 5.0 2.5 2 0 2 2 2
2329.9 136.4 -22.1 267 0 8.1 9.1 7.5 2.5 2 1 3 5 5
2222.3 352.5 -20.1 268 0 6.7 11.2 2.5 2.5 2 1 1 2 2
2113.2 359.2 -16.6 175 0 14.7 15.5 5.0 2.5 2 1 2 3 3
2137.1 113.2 -14.4 0 0 11.7 12.8 5.0 2.5 4 1 2 5 5
2053.3 91.9 -11.4 271 0 12.7 20.2 5.0 2.5 2 1 2 0 0
2040.8 88.5 -11.1 271 0 9.7 10.4 5.0 2.5 4 1 2 0 0
2058.8 212.4 -13.9 177 0 8.0 12.9 5.0 2.5 2 1 2 0 0
2037.5 271.6 -13.9 73 0 9.5 12.7 5.0 2.5 4 1 2 0 0
2094.5 320.8 -15.5 1 0 11.5 9.4 5.0 2.5 2 0 2 1 1
2085.9 389.3 -15.0 156 0 13.4 14.4 5.0 2.5 2 1 2 5 5
2084.5 458.9 -7.5 182 0 17.2 11.5 5.0 2.5 2 0 2 5 5
2176.3 651.3 -3.9 170 0 8.3 14.4 7.5 2.5 2 1 3 1 1
2473.1 531.7 -32.2 224 0 11.5 8.8 5.0 2.5 2 0 2 2 2
2382.2 497.7 -26.6 270 0 8.8 11.5 5.0 2.5 2 1 2 2 2
2864.2 -137.5 -34.0 64 1 12.0 17.0 10.0 2.5 4 1 4 3 3
2906.9 -102.1 -29.0 60 0 14.1 16.8 7.5 2.5 2 1 3 4 4
2981.8 -81.9 -26.1 343 0 6.7 24.9 5.0 2.5 2 1 2 2 2
3001.8 -127.5 -29.3 83 0 12.7 15.5 7.5 2.5 2 1 3 5 5
2996.2 -69.4 -23.7 241 0 8.4 10.9 5.0 2.5 2 1 2 0 0
2971.0 -60.8 -23.3 263 0 7.9 9.9 7.5 2.5 2 1 3 2 2
2903.7 -48.5 -23.2 259 0 8.3 7.0 7.5 2.5 4 0 3 2 2
3067.6 -99.5 -27.1 274 0 28.4 23.1 10.0 0.0 0 0 4 1 1
3539.1 114.3 -0.3 334 0 7.8 7.2 7.5 2.5 2 0 3 0 0
3577.7 -124.4 3.6 262 0 11.7 9.3 5.0 0.0 0 0 2 3 3
3732.3 106.3 -1.1 267 0 15.7 8.7 5.0 2.5 2 0 2 3 3
3697.9 221.9 1.1 352 0 12.8 13.9 7.5 2.5 2 1 3 3 3
3676.4 146.8 -0.1 106 0 9.3 5.7 7.5 2.5 2 0 3 2 2
3742.0 370.0 -9.2 226 0 10.1 6.1 7.5 2.5 2 0 3 3 3
3595.8 579.3 -15.0 19 0 12.2 12.2 7.5 2.5 2 0 3 5 5
3529.4 406.7 -8.5 100 1 14.0 10.4 10.0 0.0 0 0 4 3 3
3531.0 424.3 -9.5 83 0 10.3 13.7 5.0 2.5 2 1 2 3 3
3509.6 557.2 -16.3 256 0 6.3 10.4 5.0 2.5 2 1 2 5 5
3326.2 634.5 -27.0 194 0 8.5 10.5 5.0 2.5 2 1 2 1 1
3284.9 656.2 -28.4 263 0 11.9 11.0 5.0 2.5 2 0 2 0 0
3183.1 641.6 -28.9 260 0 12.2 12.3 5.0 2.5 2 1 2 1 1
3099.1 556.3 -25.8 168 0 7.1 14.1 5.0 2.5 2 1 2 5 5
3126.1 494.7 -22.7 12 0 10.5 9.4 5.0 2.5 2 0 2 5 5
3038.4 586.9 -28.3 350 0 12.7 7.5 5.0 2.5 2 0 2 0 0
3034.9 610.0 -29.1 353 0 9.0 5.1 5.0 2.5 2 0 2 1 1
3032.1 630.3 -29.7 271 0 6.5 9.5 5.0 2.5 2 1 2 0 0
2993.4 554.1 -27.8 151 0 4.6 8.2 5.0 2.5 2 1 2 3 3
2966.0 494.0 -26.6 245 0 7.4 7.3 7.5 2.5 2 0 3 4 4
2883.3 270.9 -19.0 7 0 10.4 5.7 5.0 2.5 2 0 2 3 3
2856.9 226.4 -21.4 174 0 12.8 9.3 7.5 2.5 2 0 3 4 4
3390.3 994.6 -37.1 55 0 14.1 5.1 5.0 0.0 0 0 2 5 5
3198.6 961.9 -36.1 101 0 26.7 21.6 12.5 2.5 2 0 5 3 3
3240.5 1050.6 -31.8 86 0 10.3 9.2 5.0 2.5 2 0 2 1 1
3099.2 1155.2 -29.7 356 0 8.9 8.0 5.0 2.5 2 0 2 4 4
3686.1 973.6 -26.4 265 0 19.5 19.1 12.5 2.5 2 0 5 3 3
3737.8 889.8 -21.3 353 0 12.3 9.0 5.0 2.5 2 0 2 2 2
3632.6 723.9 -20.5 263 0 9.1 20.2 5.0 2.5 2 1 2 4 4
3724.0 778.8 -18.9 79 0 10.5 13.3 5.0 0.0 0 1 2 0 0
4012.8 593.5 -17.3 187 0 9.4 6.7 5.0 2.5 2 0 2 5 5
3965.2 647.4 -17.8 185 0 8.8 6.3 5.0 2.5 2 0 2 5 5
3979.7 755.5 -26.2 84 0 13.0 14.5 7.5 2.5 2 1 3 1 1
4055.3 795.1 -23.2 89 0 10.0 10.4 7.5 2.5 2 1 3 3 3
3903.6 871.7 -30.7 170 0 6.2 12.3 7.5 2.5 2 1 3 3 3
3738.3 957.6 -24.3 101 0 11.9 8.9 7.5 2.5 2 0 3 0 0
3706.9 837.3 -21.4 68 0 6.4 9.8 5.0 2.5 2 1 2 3 3
3847.1 289.9 -9.2 270 0 9.3 10.9 7.5 2.5 2 1 3 3 3
3840.0 143.8 -1.3 173 0 12.9 12.8 7.5 2.5 2 0 3 0 0
3856.7 111.0 -0.1 95 0 6.2 10.1 5.0 2.5 2 1 2 0 0
2432.9 -113.4 -31.3 258 0 11.5 7.6 5.0 2.5 2 0 2 2 2
2382.0 -131.0 -29.5 268 0 11.5 11.2 5.0 0.0 0 0 2 5 5
2042.6 469.6 2.6 333 0 9.6 6.8 7.5 0.0 0 0 3 2 2
4757.5 -6739.3 -41.2 114 0 6.5 10.7 7.5 2.5 2 1 3 0 0
4716.9 -6662.0 -41.0 117 0 8.9 14.0 7.5 2.5 2 1 3 5 5
4708.1 -6620.5 -40.1 189 0 8.6 10.6 5.0 2.5 2 1 2 5 5
4670.7 -6786.5 -37.5 191 0 12.2 18.3 5.0 2.5 4 1 2 4 4
