-3957.1 6250.4 -1.4 84 0 10.3 11.2 5.0 2.5 2 1 2 5 5
-3998.7 6258.3 -1.6 261 0 11.9 15.3 5.0 0.0 0 1 2 1 1
-4062.1 6274.0 -1.6 176 0 12.6 13.7 7.5 2.5 2 1 3 3 3
-4010.2 6066.3 -0.1 355 0 15.5 12.4 2.5 0.0 0 0 1 4 4
-3994.9 6175.4 -1.2 256 0 10.8 12.1 7.5 2.5 2 1 3 2 2
-3870.8 6501.1 -1.5 269 0 12.7 11.6 7.5 2.5 2 0 3 5 5
-3891.6 6496.0 -1.5 269 0 10.5 10.7 2.5 2.5 2 1 1 3 3
-4192.8 6001.9 -0.1 82 0 10.9 10.7 7.5 2.5 2 0 3 1 1
-4219.9 6246.3 -1.1 82 0 9.8 14.5 5.0 2.5 2 1 2 4 4
-4255.7 6244.1 -1.0 84 0 10.0 16.5 5.0 2.5 2 1 2 1 1
-4332.0 6559.1 -1.4 253 0 13.2 11.7 7.5 0.0 0 0 3 2 2
-4314.1 6569.8 -1.5 256 0 10.3 10.6 10.0 0.0 0 1 4 3 3
-4291.3 6580.9 -1.6 339 0 11.6 12.4 5.0 2.5 2 1 2 1 1
-4289.2 6542.4 -1.4 341 0 12.7 9.4 5.0 2.5 2 0 2 2 2
-4377.4 6755.0 -2.4 245 0 14.4 8.7 7.5 2.5 2 0 3 5 5
-4409.0 6709.0 -2.2 166 0 7.7 12.1 2.5 0.0 0 1 1 4 4
-4378.6 6639.0 -1.8 342 0 5.4 13.0 5.0 0.0 0 1 2 3 3
-4328.8 6348.0 -2.1 344 0 12.5 12.6 7.5 2.5 2 1 3 3 3
-4402.0 6436.2 -1.5 345 0 14.6 17.1 12.5 2.5 2 1 5 2 2
-4503.1 6631.2 -1.7 337 0 11.0 16.2 7.5 2.5 4 1 3 3 3
-4368.5 6168.9 -0.3 258 0 11.1 11.4 7.5 2.5 2 1 3 4 4
-4364.7 6178.9 -0.3 77 0 15.2 13.0 2.5 2.5 2 0 1 4 4
-4274.1 6495.7 -1.2 347 0 18.3 15.6 15.0 0.0 0 0 6 3 3
-4291.4 6291.8 -1.3 175 0 10.9 11.7 7.5 0.0 0 1 3 1 1
-4033.6 6642.8 -2.2 82 0 12.9 15.4 10.0 2.5 2 1 4 1 1
-4339.1 6014.0 -0.4 350 0 16.1 14.3 7.5 2.5 2 0 3 4 4
-4123.2 6193.9 -0.9 175 0 13.1 13.5 7.5 2.5 2 1 3 1 1
-4385.2 6078.6 -0.4 173 0 13.3 13.7 5.0 2.5 2 1 2 2 2
-4310.5 6131.8 -0.2 173 0 12.3 11.7 5.0 2.5 2 0 2 0 0
-4588.1 6324.3 -0.6 343 0 12.9 15.4 2.5 2.5 2 1 1 5 5
-4608.7 6261.4 -0.7 161 0 11.3 17.3 10.0 2.5 2 1 4 3 3
-4540.1 6194.0 -0.6 255 0 12.4 17.0 7.5 2.5 2 1 3 2 2
-4527.1 6154.4 -0.6 83 0 12.9 12.4 5.0 2.5 2 0 2 4 4
-4458.3 6005.0 -0.6 81 0 12.2 11.6 5.0 2.5 2 0 2 0 0
-4515.5 5995.6 -0.8 80 0 19.9 12.2 7.5 2.5 4 0 3 5 5
-4494.9 5755.8 -1.5 176 0 12.8 16.4 2.5 2.5 2 1 1 4 4
-4425.4 5767.3 -2.1 355 0 15.4 13.9 5.0 2.5 2 0 2 0 0
-4577.5 5964.3 -2.2 266 0 9.5 13.9 7.5 2.5 4 1 3 2 2
-4557.7 5903.1 -2.2 171 0 12.0 13.5 5.0 2.5 2 1 2 0 0
-4405.5 5722.4 -1.8 1 0 10.9 14.9 5.0 2.5 2 1 2 1 1
-4267.2 5626.1 -2.1 352 0 14.5 15.0 7.5 2.5 2 1 3 2 2
-4423.3 5680.8 -1.6 355 0 15.0 12.3 5.0 2.5 2 0 2 3 3
-4196.0 5595.7 -2.3 351 0 19.3 14.6 7.5 2.5 2 0 3 4 4
-4365.4 5691.5 -2.0 179 0 14.1 14.4 10.0 2.5 4 1 4 1 1
-4269.1 5689.7 -2.3 281 0 15.3 21.8 7.5 2.5 2 1 3 3 3
-4225.9 5618.8 -2.3 262 0 15.3 13.1 7.5 2.5 2 0 3 0 0
-4220.6 5573.3 -2.3 85 0 14.7 25.6 10.0 2.5 2 1 4 1 1
-4048.4 5654.6 -0.2 85 0 15.4 13.9 2.5 2.5 4 0 1 3 3
-4308.3 5703.8 -2.3 359 0 12.5 16.8 5.0 2.5 2 1 2 2 2
-4390.0 5791.5 -2.1 177 0 17.3 12.8 5.0 2.5 2 0 2 0 0
-4186.7 6193.5 -0.6 168 0 11.1 16.3 7.5 0.0 0 1 3 3 3
-4208.7 6129.9 -0.1 170 0 6.7 7.2 2.5 2.5 2 1 1 0 0
-4231.1 5995.6 -0.2 256 0 9.8 11.2 7.5 2.5 2 1 3 3 3
-3852.4 6523.9 -1.7 85 0 9.6 8.7 5.0 0.0 0 0 2 4 4
-3921.4 6580.1 -1.9 82 0 10.7 9.9 5.0 0.0 0 0 2 2 2
-3912.5 6633.8 -2.2 251 0 9.1 8.2 2.5 2.5 2 0 1 1 1
-3860.1 6593.0 -2.0 352 0 11.9 15.1 5.0 2.5 2 1 2 3 3
-4005.6 6527.6 -1.6 348 0 11.1 12.3 2.5 2.5 2 1 1 0 0
-4037.4 6340.9 -2.0 338 0 13.0 13.7 7.5 2.5 2 1 3 2 2
-4997.3 5775.2 1.9 73 0 17.6 9.8 5.0 2.5 2 0 2 1 1
-4924.3 6025.2 -1.2 177 0 10.9 13.6 5.0 2.5 4 1 2 0 0
-4898.0 6137.3 -2.1 60 0 21.9 7.9 7.5 2.5 4 0 3 2 2
-4798.0 6196.8 -1.5 79 0 12.6 12.7 5.0 2.5 2 1 2 0 0
-4880.1 6272.1 -1.6 357 0 9.8 9.4 5.0 0.0 0 0 2 5 5
-4886.6 6712.8 -1.8 178 0 12.7 12.3 7.5 2.5 2 0 3 5 5
-4876.4 6057.3 -1.9 76 0 10.1 15.1 2.5 2.5 2 1 1 2 2
-4875.4 6130.0 -2.0 254 0 15.5 12.5 2.5 2.5 2 0 1 1 1
-5025.8 6377.8 -1.9 89 0 18.8 11.6 5.0 0.0 0 0 2 1 1
-4918.2 6609.4 -1.7 61 0 11.4 10.8 5.0 2.5 2 0 2 0 0
-4701.0 5641.9 0.2 253 0 11.6 12.3 5.0 2.5 2 1 2 2 2
-6216.1 4736.2 -5.9 254 0 7.0 18.1 5.0 0.0 0 1 2 3 3
-6191.2 4759.6 -1.8 159 0 15.0 14.6 5.0 2.5 2 0 2 5 5
-6202.8 4809.3 -2.4 225 0 6.6 11.0 2.5 2.5 2 1 1 1 1
-6132.0 4791.4 -2.0 64 0 15.0 16.5 7.5 2.5 2 1 3 5 5
-6155.0 4860.4 -2.8 280 0 14.2 15.8 5.0 0.0 0 1 2 3 3
-6129.9 4883.3 -3.1 39 0 8.5 13.1 2.5 2.5 2 1 1 3 3
-6154.9 4936.4 -3.8 251 0 8.6 20.0 2.5 0.0 0 1 1 4 4
-6230.8 5096.6 -6.6 341 0 9.8 9.4 7.5 2.5 2 0 3 0 0
-6229.7 5371.4 -7.2 215 0 8.7 17.3 2.5 0.0 0 1 1 0 0
-6205.7 5351.8 -7.3 66 0 9.6 13.1 5.0 2.5 2 1 2 0 0
-6152.4 5407.9 -7.8 82 0 18.4 24.7 7.5 2.5 2 1 3 2 2
-6182.1 5443.5 -7.6 160 0 16.0 4.6 7.5 2.5 2 0 3 1 1
-6078.2 5405.0 -7.8 84 0 9.8 14.0 5.0 2.5 2 1 2 1 1
-5999.6 5467.5 -6.8 80 0 16.4 15.0 7.5 2.5 2 0 3 4 4
-6059.8 5490.1 -7.7 278 0 8.1 15.1 5.0 2.5 2 1 2 5 5
-6075.6 5102.6 -6.1 80 0 8.7 12.6 5.0 2.5 2 1 2 4 4
-6024.0 5125.7 -6.6 70 0 11.3 11.8 10.0 2.5 2 1 4 4 4
-6123.2 5090.9 -5.6 65 0 6.5 4.8 7.5 2.5 4 0 3 3 3
-6048.7 4955.7 -4.8 68 0 11.9 17.5 10.0 2.5 2 1 4 0 0
-1243.1 6740.6 -0.5 166 0 12.9 10.3 2.5 2.5 2 0 1 2 2
-867.7 6740.0 -4.9 173 0 14.7 15.8 5.0 2.5 2 1 2 1 1
-1156.5 6572.6 -7.7 258 0 6.3 8.4 5.0 0.0 0 1 2 2 2
-1186.3 6554.0 -7.7 78 0 10.5 10.7 7.5 2.5 2 1 3 0 0
-1118.7 6661.4 -2.9 168 0 10.7 13.3 10.0 2.5 2 1 4 0 0
-1280.8 6649.1 -1.0 258 0 9.9 8.8 7.5 2.5 2 0 3 1 1
-1297.3 6736.2 -0.8 258 0 8.9 8.3 7.5 0.0 0 0 3 3 3
-1106.7 6704.9 -1.7 250 0 11.5 23.7 10.0 2.5 2 1 4 5 5
-1065.6 6696.6 -2.0 335 0 6.3 15.8 5.0 2.5 2 1 2 4 4
-894.9 6653.1 -9.1 270 0 13.4 11.6 7.5 2.5 2 0 3 3 3
-4033.5 5518.4 -8.3 170 0 16.3 9.4 5.0 2.5 2 0 2 0 0
-4044.9 5550.0 -5.4 173 0 7.9 18.7 5.0 2.5 4 1 2 0 0
-4185.9 5463.0 -8.5 346 0 13.8 11.8 5.0 2.5 2 0 2 3 3
-4243.3 5489.5 -5.6 251 0 9.4 10.9 7.5 2.5 4 1 3 4 4
-4242.4 5439.0 -8.9 78 0 9.4 12.3 5.0 2.5 2 1 2 4 4
-4278.1 5509.6 -3.4 250 0 10.0 11.8 10.0 2.5 2 1 4 0 0
-4863.7 5236.9 -8.4 167 0 6.6 12.5 7.5 2.5 2 0 3 5 5
-4833.3 5294.2 -6.6 251 0 8.9 14.1 5.0 2.5 2 1 2 4 4
-6882.0 4584.4 -3.2 256 0 10.3 9.6 2.5 2.5 2 0 1 4 4
-6818.2 4524.4 -3.0 76 0 12.7 15.4 7.5 0.0 0 1 3 1 1
-6855.7 4604.1 -3.2 254 0 11.0 13.2 2.5 2.5 2 1 1 5 5
-6872.0 4481.7 -7.1 257 0 11.7 7.0 5.0 2.5 2 0 2 1 1
-6774.6 4603.6 -2.9 257 0 14.1 12.1 2.5 2.5 2 0 1 2 2
-6744.1 4552.8 -2.9 74 0 9.1 13.4 7.5 2.5 4 1 3 3 3
-6766.0 4678.8 -3.0 172 0 14.6 10.5 5.0 2.5 2 0 2 0 0
-6741.5 4738.9 -3.1 259 0 9.0 13.2 5.0 0.0 0 1 2 4 4
-6759.0 4757.2 -3.1 255 0 14.8 13.4 7.5 2.5 4 0 3 2 2
-6767.0 4845.8 -3.2 77 0 10.2 12.4 10.0 0.0 0 1 4 1 1
-6798.3 4944.8 -3.3 259 0 14.4 14.9 2.5 2.5 2 1 1 4 4
-6681.6 4872.4 -3.6 175 0 14.0 17.8 2.5 2.5 4 1 1 3 3
-6620.9 4796.1 -3.9 172 0 16.4 16.8 7.5 2.5 2 1 3 1 1
-6617.7 4873.3 -3.9 260 0 11.1 11.4 5.0 2.5 2 1 2 5 5
-6650.6 4614.4 -3.3 81 0 12.2 7.3 7.5 2.5 2 0 3 5 5
-6620.4 4563.9 -11.6 167 0 20.0 15.1 12.5 2.5 2 0 5 0 0
-6618.4 4606.8 -3.4 78 0 6.1 9.5 7.5 2.5 2 1 3 4 4
-6555.0 4628.2 -3.6 73 0 18.3 18.4 10.0 0.0 0 1 4 2 2
-6575.1 4610.1 -6.3 256 0 11.8 17.5 10.0 2.5 2 1 4 0 0
-6544.2 4601.9 -10.5 263 0 13.9 16.4 5.0 2.5 2 1 2 4 4
-6513.0 4630.8 -9.3 255 0 11.1 29.7 10.0 0.0 0 1 4 4 4
-6567.5 4676.9 -3.9 72 0 18.1 14.7 7.5 2.5 2 0 3 4 4
-6565.0 4650.5 -3.7 78 0 9.1 7.5 7.5 2.5 2 0 3 4 4
-6590.5 4734.1 -3.9 81 0 20.4 13.3 12.5 2.5 2 0 5 4 4
-6549.3 4705.4 -4.1 83 0 11.3 9.5 5.0 2.5 2 0 2 0 0
-6533.8 4751.0 -4.3 79 0 15.3 19.6 7.5 0.0 0 1 3 3 3
-6519.1 4818.7 -4.4 345 0 9.6 10.9 5.0 2.5 2 1 2 3 3
-6585.8 4909.1 -4.2 263 0 9.1 13.3 5.0 2.5 2 1 2 0 0
-6513.9 4950.8 -4.7 343 0 12.6 45.7 12.5 2.5 2 0 5 5 5
-6494.8 4981.8 -4.8 346 0 21.9 11.9 15.0 0.0 0 0 6 3 3
-6525.0 4994.0 -4.8 256 0 13.0 45.1 7.5 2.5 2 0 3 2 2
-6486.0 4958.3 -4.9 349 0 8.1 7.2 5.0 2.5 2 0 2 2 2
-6487.8 4989.0 -4.9 344 0 44.6 29.6 7.5 0.0 0 0 3 5 5
-6472.0 4986.7 -5.0 347 0 9.7 17.3 7.5 2.5 2 1 3 0 0
-6491.6 5016.0 -5.0 326 0 20.4 10.5 5.0 2.5 2 0 2 2 2
-6890.5 4659.3 -3.3 166 0 8.4 11.6 7.5 2.5 2 1 3 0 0
-6880.9 4613.9 -3.2 78 0 9.6 14.4 5.0 0.0 0 1 2 2 2
-6831.7 4613.7 -3.1 257 0 8.5 12.6 2.5 2.5 2 1 1 1 1
-6409.1 4690.4 -2.4 75 0 7.4 7.5 2.5 2.5 2 1 1 5 5
-6368.7 4769.9 -3.2 347 0 16.4 20.4 10.0 2.5 2 1 4 5 5
-6374.2 4795.3 -3.5 342 0 17.8 14.7 10.0 2.5 2 0 4 5 5
-6395.7 4828.2 -4.5 348 0 11.1 12.5 5.0 2.5 2 1 2 0 0
-6402.1 4850.6 -5.0 343 0 12.8 16.2 7.5 2.5 2 1 3 4 4
-6472.2 4889.1 -4.8 348 0 12.5 15.4 5.0 2.5 2 1 2 5 5
-6408.1 4643.6 -11.0 258 0 10.2 12.3 2.5 2.5 2 1 1 2 2
-6400.0 4704.3 -2.6 78 0 6.2 9.6 5.0 2.5 2 1 2 1 1
-4254.0 5904.1 -0.4 348 0 11.0 36.8 7.5 2.5 2 1 3 0 0
-4342.2 5898.4 -0.6 237 0 13.8 26.9 12.5 2.5 2 1 5 2 2
-4734.3 6217.7 -1.0 68 0 13.6 14.2 7.5 2.5 2 1 3 4 4
-6845.2 6067.1 -4.5 61 0 14.0 12.3 5.0 2.5 2 0 2 2 2
-6836.9 6024.7 -4.5 235 0 19.6 12.6 10.0 2.5 4 0 4 5 5
-6854.9 6032.7 -4.4 233 0 9.6 4.9 2.5 2.5 2 0 1 1 1
-6894.6 5831.2 -4.3 160 0 6.4 8.2 7.5 2.5 2 1 3 5 5
-6881.6 5857.2 -4.3 251 0 8.5 8.9 7.5 2.5 2 1 3 3 3
-6818.0 5784.8 -4.2 351 0 10.2 9.9 2.5 2.5 2 0 1 5 5
