-5873.9 -744.3 10.1 90 0 64.3 85.3 7.5 0.0 0 1 3 4 4
-5944.0 -5150.5 -37.4 257 0 45.4 55.2 10.0 0.0 0 1 4 1 1
-6789.2 -707.4 -41.3 95 0 21.8 24.4 10.0 2.5 2 1 4 3 3
-5593.2 -1048.9 -15.4 358 0 32.6 37.6 10.0 0.0 0 1 4 1 1
-5435.8 -1238.0 -24.8 125 0 92.5 38.2 12.5 0.0 0 0 5 1 1
-5179.2 -1049.8 -20.6 60 0 44.1 34.5 12.5 0.0 0 0 5 4 4
-4803.1 -734.7 -26.3 359 0 39.9 32.2 10.0 0.0 0 0 4 4 4
-4204.1 -1314.7 -8.3 274 0 29.5 24.4 12.5 0.0 0 0 5 5 5
-2172.4 4007.9 -29.9 272 0 52.7 54.0 12.5 0.0 0 1 5 1 1
-6297.0 -437.2 -3.4 87 0 8.2 16.1 5.0 2.5 2 1 2 5 5
-6254.1 -366.7 -6.9 355 0 49.2 21.0 7.5 2.5 2 0 3 5 5
-6260.5 -448.8 0.4 81 0 18.9 41.2 12.5 2.5 4 1 5 3 3
-6280.2 -443.5 -1.6 88 0 16.2 31.7 12.5 2.5 2 1 5 2 2
-6158.6 -439.9 13.8 80 0 27.8 19.0 7.5 2.5 2 0 3 0 0
-6270.9 -324.9 -9.4 271 0 15.5 13.4 7.5 2.5 2 0 3 1 1
-5991.1 -277.2 2.2 359 0 46.4 43.7 10.0 0.0 0 0 4 3 3
-6004.1 -184.1 -2.1 274 0 30.2 36.8 10.0 0.0 0 1 4 1 1
-5991.9 -236.5 0.6 7 0 17.9 30.4 10.0 2.5 2 1 4 0 0
-6117.6 -355.1 8.8 270 0 18.2 11.3 2.5 2.5 2 0 1 2 2
-6153.2 -471.0 14.0 356 0 10.2 21.9 7.5 2.5 2 1 3 2 2
-3964.2 -1212.1 -12.9 177 0 33.0 9.9 7.5 2.5 4 0 3 1 1
-3954.6 -1166.9 -15.2 274 0 11.2 26.4 10.0 2.5 2 1 4 0 0
-3926.8 -1172.6 -13.5 266 0 30.7 7.8 3.5 2.5 2 0 1 5 5
-3897.5 -1212.8 -12.6 90 0 10.2 29.1 12.5 2.5 4 1 5 1 1
-3874.8 -1196.2 -13.6 92 0 10.3 34.2 5.0 2.5 2 1 2 4 4
-3895.8 -1128.1 -15.1 176 0 9.4 33.5 7.5 2.5 2 1 3 2 2
-3891.8 -1101.4 -17.3 176 0 11.3 27.5 12.5 0.0 0 1 5 3 3
-3934.7 -1268.1 -10.8 87 0 20.2 24.5 7.5 2.5 2 0 3 3 3
-3884.5 -1285.0 -12.0 89 0 24.4 10.2 7.0 2.5 2 0 2 3 3
-3892.7 -1260.8 -11.9 89 0 12.0 14.2 10.5 2.5 4 1 3 0 0
-3877.0 -1270.8 -12.4 91 0 13.3 18.6 10.5 2.5 2 1 3 0 0
-3912.1 -1246.8 -11.4 87 0 7.6 13.8 3.5 0.0 0 1 1 5 5
-6232.9 -1074.3 -29.5 329 0 53.5 16.9 7.5 0.0 0 0 3 2 2
-6270.1 -1039.0 -30.0 240 0 11.2 20.1 10.5 2.5 2 1 3 0 0
-6302.7 -1058.6 -30.7 141 0 12.8 14.4 3.5 2.5 2 1 1 5 5
-6254.8 -1125.8 -28.8 147 0 10.2 15.7 7.0 2.5 2 1 2 4 4
-5912.3 4171.9 -22.0 106 0 19.2 20.3 10.0 2.5 2 1 4 5 5
-5950.5 4329.1 -28.2 194 0 16.6 23.1 12.5 2.5 2 1 5 2 2
-1382.4 -1876.1 -37.4 274 0 19.5 23.8 17.5 0.0 0 1 7 5 5
-2918.2 4102.3 -29.7 92 0 7.9 31.7 10.5 2.5 4 1 3 2 2
-2889.7 4133.7 -29.2 274 0 7.9 20.2 7.0 0.0 0 1 2 4 4
-2898.4 4143.9 -30.2 270 0 10.6 9.8 10.5 2.5 2 0 3 4 4
-2937.1 3958.6 -15.9 94 0 15.8 14.7 2.5 2.5 2 0 1 4 4
106.8 -1855.4 -34.0 268 0 47.4 45.4 10.0 0.0 0 0 4 1 1
582.7 -1289.1 -26.6 82 0 9.2 61.2 7.5 2.5 4 1 3 3 3
539.6 -1209.4 -17.7 172 0 12.3 21.5 12.5 2.5 2 1 5 5 5
608.7 -1233.4 -24.7 352 0 21.3 10.0 7.0 2.5 2 0 2 3 3
604.1 -1206.6 -22.1 355 0 26.9 10.2 10.0 2.5 2 0 4 2 2
595.3 -1292.0 -28.0 90 0 9.7 29.1 7.5 2.5 2 1 3 4 4
171.5 -1756.6 -31.7 291 0 16.5 29.0 10.0 2.5 2 1 4 5 5
156.0 -1653.9 -31.4 292 0 48.3 17.9 12.5 2.5 2 0 5 0 0
83.6 -1488.3 -35.3 76 0 12.9 28.6 12.5 2.5 2 1 5 4 4
-75.3 -1552.6 -29.0 287 0 24.3 13.8 10.0 2.5 2 0 4 2 2
-190.3 -1628.2 -24.6 179 0 20.6 15.5 17.5 0.0 0 0 7 3 3
262.5 -2264.9 -37.9 11 0 31.5 31.7 12.5 0.0 0 1 5 1 1
-60.5 -3058.8 -17.5 179 0 46.5 66.3 12.5 0.0 0 1 5 4 4
6397.1 -6363.3 -5.0 6 0 29.8 25.7 12.5 0.0 0 0 5 3 3
3508.9 3670.2 -30.3 266 0 22.6 31.5 15.0 0.0 0 1 6 2 2
2642.5 3698.2 -39.7 94 0 23.4 28.5 7.5 0.0 0 1 3 2 2
3140.4 3720.3 -36.7 96 0 17.8 21.2 10.0 2.5 2 1 4 3 3
3306.9 4314.2 -29.8 243 0 22.4 39.4 10.0 0.0 0 1 4 3 3
-6394.6 -4528.3 -51.2 189 0 67.7 57.6 12.5 0.0 0 0 5 4 4
-5974.5 4666.6 -35.0 17 0 25.6 17.8 10.0 2.5 2 0 4 0 0
3589.4 6198.3 -33.7 182 0 33.6 27.2 7.5 0.0 0 0 3 4 4
-6422.7 -5915.4 -40.9 177 0 25.6 19.9 14.0 3.5 2 0 4 1 1
-4539.9 -1103.5 -19.6 272 0 20.4 14.6 10.0 2.5 2 0 4 3 3
-4872.3 -1104.3 -20.3 101 0 20.3 25.0 12.5 2.5 2 1 5 1 1
4472.1 4812.9 -7.3 163 0 30.6 42.7 10.0 0.0 0 1 4 1 1
6736.6 4642.3 -28.2 322 0 37.7 68.1 12.5 0.0 0 1 5 0 0
607.6 -1183.0 -19.5 352 0 8.6 31.3 7.5 2.5 2 1 3 4 4
558.3 -1187.3 -16.1 262 0 9.2 6.1 2.5 2.5 4 0 1 5 5
542.7 -1188.2 -15.8 262 0 18.5 8.1 5.0 2.5 2 0 2 2 2
741.2 -1841.4 -23.8 91 0 13.3 13.5 7.5 2.5 2 1 3 1 1
686.5 -1888.2 -26.1 273 0 9.8 12.6 7.5 2.5 2 1 3 1 1
650.7 -1894.4 -26.4 273 0 9.2 9.5 2.5 2.5 2 1 1 1 1
616.8 -1916.3 -27.5 272 0 13.7 15.7 5.0 2.5 2 1 2 1 1
1072.0 -1869.0 -19.2 335 0 11.6 12.1 2.5 2.5 2 1 1 2 2
1072.9 -1889.4 -18.7 62 0 11.7 10.1 2.5 2.5 2 0 1 4 4
1021.3 -1903.6 -23.7 87 0 9.4 14.1 7.5 2.5 2 1 3 5 5
745.5 -1987.5 -29.0 0 0 9.8 8.9 5.0 0.0 0 0 2 0 0
796.6 -2485.6 -28.9 93 0 11.8 9.9 7.5 2.5 2 0 3 5 5
1760.4 -2673.8 7.4 359 0 15.6 14.6 2.5 2.5 2 0 1 1 1
1666.7 -1858.3 -12.1 163 0 16.9 12.6 2.5 2.5 2 0 1 3 3
1012.8 -1843.5 -24.0 262 0 12.7 10.0 5.0 0.0 0 0 2 2 2
-3187.9 -6700.0 -4.2 180 0 7.5 12.5 7.5 2.5 2 1 3 5 5
-3316.2 -6761.7 -5.1 90 0 7.9 17.9 5.0 2.5 2 1 2 0 0
-2972.9 730.6 -21.1 270 0 9.3 7.0 5.0 2.5 2 0 2 3 3
-2819.5 763.7 -18.6 180 0 12.9 7.7 7.5 2.5 2 0 3 5 5
-2834.6 622.8 -21.3 90 0 12.0 8.4 5.0 2.5 2 0 2 3 3
-1876.5 1708.8 -31.1 201 0 11.0 18.1 7.5 0.0 0 1 3 3 3
-2830.7 990.0 -8.1 180 0 8.4 6.4 7.5 2.5 2 0 3 1 1
-1901.7 994.8 -29.1 243 0 9.3 8.5 2.5 2.5 2 0 1 4 4
-2561.0 613.6 -22.0 265 0 11.1 9.6 5.0 0.0 0 0 2 1 1
-2582.4 608.7 -22.4 263 0 8.9 16.8 7.5 2.5 2 1 3 5 5
-2643.5 672.5 -19.5 269 0 8.6 8.4 7.5 2.5 2 0 3 3 3
-2168.6 1401.9 -30.4 268 0 8.6 6.7 2.5 2.5 4 0 1 0 0
-2153.3 1370.6 -28.2 0 0 8.1 6.3 5.0 2.5 2 0 2 1 1
-2206.7 1351.9 -24.4 90 0 9.6 5.6 5.0 2.5 2 0 2 0 0
-2280.0 1344.4 -24.8 90 0 10.0 9.1 7.5 2.5 2 0 3 1 1
-2213.8 798.7 -22.7 90 0 6.4 7.5 5.0 2.5 2 1 2 4 4
-2278.5 612.6 -20.0 120 0 4.5 8.8 5.0 2.5 2 1 2 4 4
-1805.0 677.8 -21.4 269 0 5.7 9.2 5.0 2.5 2 1 2 1 1
-2549.1 664.9 -20.0 180 0 18.2 12.5 5.0 2.5 2 0 2 1 1
-2512.4 678.3 -19.8 269 0 7.7 15.8 5.0 2.5 2 1 2 5 5
-2389.5 755.9 -18.1 270 0 7.0 13.5 7.5 2.5 2 1 3 4 4
-2213.1 820.5 -22.7 271 0 7.2 9.8 5.0 2.5 2 1 2 0 0
-2269.6 698.3 -21.1 33 0 12.2 10.2 10.0 2.5 2 0 4 4 4
-2347.1 656.0 -20.4 286 0 9.1 11.7 5.0 2.5 2 1 2 1 1
-2389.7 665.8 -19.9 90 0 12.7 27.3 10.0 2.5 4 1 4 0 0
-1483.4 -3724.0 -22.6 92 0 15.0 11.1 5.0 2.5 2 0 2 1 1
-1552.8 -3704.9 -29.1 282 0 17.7 13.9 5.0 2.5 2 0 2 2 2
-1592.9 -3796.7 -31.9 274 0 13.0 12.9 2.5 2.5 4 0 1 1 1
-1583.2 -3661.5 -34.4 280 0 16.5 11.1 5.0 2.5 2 0 2 4 4
-1653.8 -3970.0 -30.8 188 0 11.9 22.5 10.0 2.5 2 1 4 3 3
-1751.9 -3980.5 -38.7 79 0 10.6 17.6 5.0 2.5 4 1 2 4 4
-1711.2 -3711.5 -39.7 270 0 13.7 16.9 5.0 0.0 0 1 2 4 4
-1357.4 411.6 -35.0 174 0 8.2 15.4 5.0 2.5 2 1 2 5 5
-1526.5 553.5 -28.2 85 0 9.2 12.5 7.5 2.5 2 1 3 0 0
-1542.5 466.8 -24.5 186 0 8.4 7.9 5.0 2.5 2 0 2 5 5
-526.0 -146.7 -17.3 183 0 11.2 10.2 7.5 2.5 4 0 3 5 5
-516.0 283.3 -26.7 350 0 12.2 13.2 5.0 2.5 2 1 2 5 5
-502.2 369.1 -27.9 180 0 15.1 11.1 5.0 2.5 4 0 2 2 2
-425.9 297.3 -26.2 160 0 11.9 9.5 5.0 2.5 2 0 2 0 0
-524.6 411.4 -31.2 73 0 5.5 7.3 7.5 2.5 4 1 3 1 1
-747.1 363.8 -33.2 128 0 6.3 24.3 7.5 2.5 2 1 3 3 3
-1483.1 278.1 -28.4 280 0 13.3 11.1 2.5 2.5 2 0 1 4 4
-1460.1 -438.5 -41.1 91 0 16.2 15.6 2.5 2.5 2 0 1 3 3
-1380.1 -271.9 -37.2 183 0 12.2 8.4 2.5 2.5 2 0 1 3 3
-5987.3 1552.7 -18.5 351 0 9.9 8.7 2.5 2.5 2 0 1 1 1
-5994.1 1508.9 -21.8 352 0 10.2 7.5 7.5 2.5 4 0 3 1 1
-5961.6 1514.7 -16.7 180 0 10.6 6.3 5.0 2.5 2 0 2 3 3
-5923.0 1503.7 -12.6 100 0 7.5 6.7 5.0 2.5 4 0 2 4 4
-5955.9 1503.0 -17.2 278 0 6.5 7.0 7.5 2.5 2 1 3 1 1
-6001.4 1468.5 -24.0 90 0 5.5 10.7 7.5 0.0 0 1 3 4 4
-5908.6 1092.6 -21.2 103 0 7.3 9.2 5.0 2.5 2 1 2 1 1
-5928.3 1152.2 -24.4 357 0 6.7 5.9 5.0 2.5 2 0 2 4 4
-5893.4 1228.9 -19.1 175 0 7.6 5.9 5.0 2.5 2 0 2 5 5
-5910.7 1199.2 -23.1 355 0 6.9 7.7 2.5 2.5 2 1 1 4 4
-6066.5 1049.4 -25.1 114 0 10.1 9.3 7.5 0.0 0 0 3 2 2
-5832.6 875.9 -6.6 78 0 15.4 18.3 12.5 2.5 2 1 5 1 1
-6038.6 914.3 -30.9 86 0 10.8 20.7 7.5 2.5 2 1 3 5 5
-5388.0 5.5 -4.8 242 0 6.9 12.9 4.0 2.5 2 1 1 5 5
-5402.5 -28.6 -3.2 173 0 11.3 10.4 12.0 2.5 4 0 3 2 2
-5414.2 -433.4 -9.1 184 0 11.9 11.9 5.0 2.5 2 1 2 3 3
-5436.8 -432.1 -7.2 2 0 16.4 12.0 5.0 2.5 2 0 2 4 4
-5424.1 -493.6 -7.0 0 0 8.3 9.0 2.5 2.5 2 1 1 4 4
-5406.4 -375.9 -6.2 174 0 5.9 6.1 5.0 2.5 2 1 2 0 0
-5394.0 -376.5 -6.6 180 0 6.9 6.8 7.5 2.5 2 0 3 1 1
-5418.1 -337.3 -5.9 13 0 6.0 5.8 7.5 2.5 2 0 3 3 3
-5416.1 -576.0 -6.4 279 0 9.9 8.6 5.0 2.5 2 0 2 3 3
-5442.3 -552.6 -4.4 0 0 9.6 8.7 2.5 2.5 2 0 1 1 1
-5461.5 -560.0 -3.2 89 0 10.8 10.5 5.0 2.5 2 0 2 0 0
-5498.5 -502.1 -1.3 180 0 11.5 6.8 7.5 2.5 2 0 3 0 0
-5543.7 -540.0 3.6 359 0 11.8 10.5 7.5 2.5 2 0 3 1 1
-5646.8 -336.3 6.4 100 0 6.2 8.0 2.5 2.5 2 1 1 4 4
-5652.5 -312.2 6.5 258 0 6.3 8.9 5.0 2.5 2 1 2 4 4
-5617.3 -423.5 6.0 3 0 8.3 8.6 5.0 2.5 2 1 2 5 5
-5545.1 -283.5 -0.4 4 0 9.4 5.7 5.0 2.5 2 0 2 3 3
-5657.1 -416.2 7.3 200 0 10.4 5.7 7.5 0.0 0 0 3 1 1
-5717.8 -407.3 9.8 176 0 12.8 8.2 5.0 2.5 2 0 2 4 4
-5718.1 -509.9 10.6 176 0 13.3 7.4 7.5 2.5 2 0 3 0 0
-5703.7 -567.9 10.4 183 0 5.9 8.6 5.0 2.5 2 1 2 1 1
-5688.1 -514.7 9.6 265 0 7.4 7.2 7.5 2.5 2 0 3 3 3
-5843.1 -383.2 18.7 10 0 9.2 7.1 5.0 2.5 2 0 2 4 4
-5843.2 -480.7 16.5 91 0 9.0 14.9 5.0 2.5 2 1 2 4 4
-5899.1 -580.0 17.5 104 0 13.6 14.2 7.5 2.5 2 1 3 0 0
-5875.6 -572.2 17.5 96 0 6.2 10.9 5.0 2.5 2 1 2 4 4
-5985.4 -660.4 5.7 81 0 7.4 10.1 5.0 2.5 2 1 2 4 4
-5950.7 -724.8 8.6 84 0 9.6 17.7 2.5 2.5 2 1 1 0 0
-5973.5 -710.8 6.6 178 0 8.2 6.5 2.5 2.5 2 0 1 0 0
-5943.6 -799.5 7.5 357 0 11.6 8.6 7.5 2.5 2 0 3 3 3
-5973.1 -797.0 5.0 174 0 8.1 8.4 2.5 2.5 2 1 1 5 5
-5941.0 -763.2 9.5 180 0 12.9 15.0 7.5 2.5 2 1 3 1 1
-5941.8 -751.3 9.7 180 0 7.5 10.5 5.0 2.5 2 1 2 4 4
-5918.3 -815.3 10.6 92 0 11.5 44.2 12.5 2.5 2 1 5 4 4
-5871.7 -789.1 10.5 183 0 18.4 13.4 5.0 2.5 2 0 2 0 0
-5843.6 -811.3 7.2 187 0 39.6 18.0 12.5 2.5 4 0 5 5 5
-5922.1 -855.7 9.2 272 0 15.6 20.4 12.5 2.5 4 1 5 5 5
-5907.1 -880.1 10.3 279 0 18.6 11.9 5.0 2.5 2 0 2 3 3
-5901.4 -858.8 10.8 278 0 24.7 19.0 12.5 2.5 2 0 5 4 4
-5873.7 -900.6 9.7 1 0 9.2 13.9 7.5 2.5 2 1 3 3 3
-5833.2 -841.4 6.2 269 0 24.8 10.8 10.0 2.5 2 0 4 2 2
-5812.2 -840.0 5.1 267 0 9.2 10.3 7.5 2.5 2 1 3 0 0
-5810.2 -824.6 5.4 97 0 9.6 14.3 7.5 0.0 0 1 3 5 5
-5820.0 -766.6 6.1 186 0 12.0 18.9 5.0 2.5 2 1 2 4 4
-5776.5 -906.9 0.6 85 0 18.4 13.7 12.5 2.5 2 0 5 3 3
-5786.8 -847.9 2.9 283 0 8.3 6.6 7.5 2.5 2 0 3 1 1
-5743.3 -791.1 3.7 357 0 10.3 9.8 2.5 2.5 2 0 1 3 3
-5784.4 -960.6 -2.8 359 0 9.4 13.7 7.5 2.5 2 1 3 3 3
-5748.1 -758.6 6.0 355 0 6.5 10.7 2.5 2.5 2 1 1 2 2
-5721.2 -644.8 12.0 270 0 5.8 9.5 5.0 2.5 2 1 2 4 4
-5687.5 -637.8 10.6 2 0 10.1 9.3 7.5 2.5 2 0 3 5 5
-5653.1 -709.8 9.4 101 0 7.5 10.5 7.5 2.5 2 1 3 5 5
-5587.5 -808.5 5.5 358 0 18.9 11.5 2.5 0.0 0 0 1 4 4
-5606.0 -752.4 8.0 359 0 13.1 7.7 5.0 2.5 2 0 2 0 0
-5538.3 -888.0 1.6 98 0 13.3 20.0 12.5 2.5 4 1 5 3 3
-5514.2 -936.5 -2.0 93 0 10.7 25.1 12.5 2.5 2 0 5 1 1
-5522.9 -921.8 -0.8 93 0 10.2 12.7 5.0 2.5 2 0 2 2 2
-5470.4 -774.1 1.7 87 0 8.4 14.4 5.0 2.5 2 1 2 3 3
-5433.3 -775.5 -0.9 359 0 10.1 13.4 5.0 0.0 0 1 2 1 1
-5453.7 -854.1 2.0 261 0 15.9 16.4 12.5 2.5 2 1 5 0 0
-5461.9 -946.1 -5.7 261 0 18.8 38.8 12.5 2.5 2 1 5 2 2
-5485.9 -873.4 2.8 262 0 8.4 14.2 5.0 2.5 4 1 2 4 4
-5456.4 -889.0 2.3 98 0 17.9 12.7 2.5 2.5 2 0 1 4 4
-5489.4 -1044.2 -12.3 77 0 10.1 9.6 7.5 2.5 2 0 3 3 3
-5479.3 -1047.8 -12.3 117 0 7.7 12.4 5.0 0.0 0 1 2 2 2
-5482.1 -1073.8 -16.6 304 0 11.9 16.7 7.5 2.5 2 1 3 1 1
-5460.8 -1150.7 -22.4 190 0 8.3 8.2 5.0 2.5 2 0 2 0 0
-5443.9 -1161.6 -23.2 353 0 7.9 8.3 5.0 2.5 2 0 2 5 5
-5446.0 -1079.5 -15.2 282 0 10.8 6.4 7.5 2.5 2 0 3 5 5
-5495.4 -1410.6 -24.5 270 0 7.9 13.8 5.0 2.5 2 1 2 0 0
-5481.1 -1476.9 -29.2 357 0 15.0 12.8 5.0 2.5 2 0 2 4 4
-5572.4 -1493.3 -29.7 179 0 11.9 11.8 7.5 2.5 2 0 3 4 4
-5573.1 -1512.5 -31.3 183 0 10.6 12.4 5.0 2.5 2 1 2 0 0
-5529.7 -1528.2 -32.8 356 0 13.2 12.4 5.0 2.5 4 0 2 4 4
-5504.5 -1487.6 -29.0 83 0 4.9 10.1 5.0 2.5 2 1 2 0 0
-5552.4 -1453.0 -26.6 190 0 13.3 8.2 2.5 2.5 2 0 1 3 3
-5588.3 -1478.9 -28.4 3 0 10.4 9.4 5.0 2.5 2 0 2 5 5
-5557.1 -1382.1 -21.3 294 0 19.5 13.0 5.0 2.5 2 0 2 1 1
-5527.6 -1411.9 -23.2 193 0 10.4 5.1 5.0 2.5 2 0 2 5 5
-5511.1 -1398.5 -22.7 270 0 10.9 9.1 5.0 2.5 2 0 2 2 2
6257.8 -4518.1 -12.4 168 0 6.7 13.0 2.5 2.5 2 1 1 3 3
6192.7 -4863.9 -7.8 122 0 6.9 6.2 7.5 2.5 2 0 3 2 2
6185.3 -4948.4 -14.8 183 0 5.3 8.5 5.0 2.5 2 1 2 0 0
6197.8 -4976.7 -17.6 39 0 8.6 7.9 5.0 2.5 2 0 2 1 1
5450.3 -5114.7 4.4 286 0 15.8 12.9 2.5 2.5 2 0 1 3 3
5708.0 -4811.8 6.9 119 0 15.1 12.1 2.5 2.5 2 0 1 5 5
6276.0 -4395.4 -0.1 84 0 8.5 10.2 5.0 2.5 2 0 2 4 4
6261.2 -4389.9 -1.2 237 0 11.4 10.7 5.0 2.5 2 0 2 2 2
5899.9 -4285.6 0.6 25 0 9.4 14.1 5.0 2.5 4 1 2 2 2
6102.4 -4977.7 -12.4 197 0 9.8 16.2 5.0 2.5 2 1 2 4 4
6066.8 -4987.8 -11.5 297 0 8.4 18.3 5.0 2.5 2 1 2 3 3
6024.4 -4969.7 -8.6 281 0 14.0 9.0 7.5 2.5 2 0 3 4 4
5941.3 -4926.3 -2.6 104 0 16.0 19.3 10.0 2.5 2 1 4 2 2
5957.2 -5304.3 -5.4 83 0 13.6 11.5 7.5 2.5 2 0 3 4 4
6210.0 -5217.9 -20.1 3 0 10.0 11.7 5.0 2.5 2 1 2 2 2
6169.7 -5363.6 -14.5 188 0 8.3 7.1 5.0 2.5 4 0 2 5 5
6194.5 -5394.3 -12.9 16 0 15.2 13.6 2.5 2.5 2 0 1 3 3
6219.9 -5259.3 -19.1 3 0 13.2 14.1 5.0 2.5 2 1 2 1 1
6230.7 -5267.3 -19.2 180 0 12.3 14.0 5.0 2.5 2 1 2 3 3
6222.8 -5130.9 -22.2 4 0 15.9 16.4 7.5 2.5 2 1 3 4 4
6248.4 -5137.2 -22.4 180 0 13.2 11.7 10.0 2.5 4 0 4 4 4
6289.0 -5179.7 -22.3 351 0 11.3 12.5 10.0 0.0 0 1 4 3 3
6277.6 -5258.8 -20.1 90 0 9.3 12.3 5.0 2.5 2 0 2 1 1
5960.9 -5139.1 -10.0 90 0 19.8 14.1 10.0 2.5 2 0 4 2 2
5661.7 -4554.0 16.7 113 0 15.2 21.6 10.0 2.5 2 1 4 4 4
5755.9 -4869.9 2.7 2 0 14.1 10.7 7.5 2.5 2 0 3 4 4
5803.2 -4992.5 -7.4 189 0 7.4 7.5 5.0 2.5 4 1 2 3 3
5771.3 -5058.1 -9.3 211 0 16.4 12.5 5.0 2.5 2 0 2 2 2
5763.2 -5035.5 -5.1 16 0 11.9 11.1 7.5 2.5 2 0 3 2 2
5752.8 -5062.9 -5.6 32 0 10.6 12.2 5.0 2.5 2 1 2 4 4
5659.1 -5064.2 4.7 278 0 12.9 11.2 5.0 2.5 2 0 2 2 2
5606.3 -5290.7 -4.5 9 0 14.6 11.2 5.0 2.5 2 0 2 5 5
5598.9 -5344.2 -5.2 25 0 5.5 11.4 7.5 2.5 2 1 3 3 3
5622.2 -5394.2 -8.7 107 0 11.2 13.5 5.0 0.0 0 1 2 5 5
5591.3 -5355.7 -4.9 19 0 17.3 12.8 5.0 2.5 2 0 2 1 1
5464.5 -5395.2 2.3 98 0 12.1 21.3 12.5 2.5 2 1 5 5 5
5508.2 -5195.5 1.7 108 0 15.6 20.3 10.0 2.5 2 1 4 0 0
5465.1 -5041.2 2.1 107 0 7.0 9.6 5.0 2.5 2 1 2 5 5
5443.6 -5100.2 4.7 304 0 8.4 7.2 5.0 2.5 2 0 2 1 1
5673.6 -4247.2 3.6 300 0 17.1 33.8 12.5 2.5 2 1 5 3 3
5687.3 -4279.5 4.6 294 0 13.7 16.9 7.5 2.5 2 1 3 5 5
5728.5 -4327.7 5.6 309 0 6.0 10.1 5.0 2.5 2 1 2 1 1
5756.9 -4366.3 6.2 38 0 12.5 12.2 5.0 2.5 2 0 2 0 0
5763.9 -4309.8 2.9 112 0 12.3 21.5 15.0 0.0 0 1 6 1 1
5864.9 -4509.8 6.1 182 0 7.9 8.8 5.0 2.5 2 1 2 4 4
5935.1 -4433.7 -0.6 90 0 9.0 7.9 7.5 2.5 4 0 3 3 3
5923.0 -4441.1 -0.4 85 0 9.8 12.7 5.0 2.5 2 1 2 2 2
5919.8 -4522.8 -0.5 292 0 13.6 17.6 10.0 2.5 4 1 4 4 4
5995.9 -4579.7 -8.7 117 0 8.5 11.3 2.5 2.5 2 1 1 4 4
5959.2 -4575.9 -5.1 115 0 11.0 11.9 7.5 2.5 2 1 3 5 5
5976.7 -4588.8 -5.7 88 0 9.9 12.0 2.5 2.5 2 1 1 5 5
6039.3 -4542.8 -11.5 296 0 10.8 13.0 10.0 2.5 2 1 4 5 5
5951.3 -4449.5 -2.5 265 0 13.2 11.2 5.0 2.5 4 0 2 0 0
5999.1 -4432.5 -1.5 100 0 10.1 11.6 10.0 2.5 2 1 4 1 1
6095.7 -4486.6 -9.8 281 0 9.5 12.0 7.5 2.5 2 1 3 3 3
6161.6 -4447.3 -9.3 89 0 14.0 17.3 5.0 2.5 2 1 2 5 5
6205.0 -4465.2 -9.9 121 0 9.6 10.3 5.0 2.5 2 1 2 0 0
6226.5 -4634.2 -21.2 271 0 11.7 20.0 7.5 2.5 2 1 3 0 0
6265.8 -4777.3 -22.5 182 0 22.9 15.2 12.5 2.5 2 0 5 1 1
6297.9 -4716.8 -22.0 87 0 6.7 12.0 5.0 2.5 2 0 2 3 3
6288.7 -4717.3 -22.0 86 0 11.7 8.8 5.0 2.5 2 0 2 4 4
6264.1 -4713.7 -22.0 182 0 10.3 8.2 7.5 2.5 2 0 3 3 3
6282.2 -4639.6 -21.2 304 0 9.5 11.8 2.5 2.5 2 1 1 0 0
6375.0 -4718.2 -22.1 92 0 9.4 8.8 2.5 2.5 2 0 1 0 0
6378.7 -4690.0 -21.9 272 0 8.1 10.0 5.0 2.5 2 1 2 2 2
6417.4 -4689.8 -21.8 17 0 11.1 8.2 5.0 0.0 0 0 2 1 1
6430.5 -4699.4 -22.0 198 0 8.2 10.7 2.5 2.5 4 1 1 2 2
6362.8 -4338.6 -10.6 209 0 17.8 11.5 7.5 2.5 2 0 3 0 0
6284.3 -4424.3 -2.5 201 0 8.2 12.0 5.0 2.5 2 1 2 4 4
6299.9 -4410.2 -0.8 222 0 11.0 11.8 5.0 2.5 2 1 2 0 0
6248.7 -4472.9 -8.9 186 0 11.5 8.5 5.0 2.5 2 0 2 5 5
6267.2 -4534.3 -14.1 217 0 8.5 11.7 5.0 2.5 2 0 2 3 3
6289.9 -4549.3 -14.5 207 0 9.8 11.4 5.0 2.5 2 1 2 3 3
6313.4 -4539.8 -12.0 100 0 9.6 10.8 5.0 2.5 2 1 2 4 4
6316.5 -4520.8 -10.1 203 0 6.7 8.6 5.0 2.5 2 1 2 5 5
6340.7 -4511.1 -8.4 297 0 10.2 6.2 2.5 2.5 2 0 1 4 4
6335.0 -4519.5 -9.8 287 0 11.4 8.6 2.5 2.5 2 0 1 2 2
6346.5 -4529.6 -10.5 269 0 8.3 9.8 2.5 2.5 2 1 1 5 5
6396.6 -4590.5 -13.6 99 0 12.8 14.0 5.0 2.5 2 1 2 4 4
6417.1 -4595.1 -13.2 99 0 16.1 9.9 5.0 0.0 0 0 2 0 0
6453.0 -4588.0 -12.4 276 0 10.2 7.2 7.5 2.5 2 0 3 1 1
6468.4 -4630.8 -14.6 109 0 10.9 3.1 2.5 2.5 4 0 1 5 5
6483.5 -4617.5 -15.3 102 0 11.0 9.9 7.5 2.5 2 0 3 3 3
6535.9 -4609.6 -18.3 24 0 6.1 8.6 5.0 2.5 4 1 2 3 3
6536.8 -4632.4 -19.1 1 0 5.9 8.0 2.5 2.5 2 1 1 0 0
6522.5 -4633.5 -18.3 94 0 8.2 9.6 7.5 2.5 2 1 3 1 1
6531.0 -4408.2 -10.9 281 0 11.9 9.0 7.5 2.5 2 0 3 5 5
6706.2 -2842.8 -19.7 269 0 4.3 8.2 5.0 2.5 2 1 2 4 4
6721.1 -2841.2 -20.8 266 0 7.0 8.0 5.0 2.5 4 1 2 2 2
6590.0 -2813.2 -15.1 182 0 6.9 8.0 5.0 2.5 2 1 2 1 1
6611.2 -2827.9 -16.0 359 0 8.9 7.3 5.0 2.5 2 0 2 0 0
2859.6 -2803.5 -9.5 287 0 8.1 12.1 2.5 2.5 2 1 1 4 4
2847.8 -2799.0 -9.8 284 0 8.4 14.4 2.5 2.5 2 1 1 4 4
2805.7 -2770.6 -13.1 99 0 8.3 7.3 2.5 2.5 2 0 1 4 4
2967.6 -2900.6 -2.0 88 0 8.1 9.1 7.5 2.5 4 1 3 5 5
2841.6 -2697.0 -20.1 4 0 7.4 11.6 7.5 2.5 2 1 3 1 1
2787.9 -2643.6 -25.0 96 0 6.9 21.0 5.0 2.5 2 1 2 4 4
2783.3 -2581.0 -26.5 107 0 7.8 10.4 7.5 2.5 2 1 3 1 1
2477.4 -3011.5 -19.8 16 0 9.4 12.2 5.0 2.5 2 1 2 5 5
2499.1 -2981.5 -20.9 40 0 12.3 9.4 5.0 2.5 4 0 2 0 0
2462.5 -2941.3 -20.6 101 0 7.9 13.5 5.0 2.5 2 1 2 2 2
2432.3 -2871.1 -20.8 162 0 11.0 5.7 7.5 2.5 2 0 3 1 1
2456.8 -2829.0 -23.2 251 0 10.7 10.2 7.5 2.5 2 0 3 5 5
2448.0 -2785.2 -19.2 62 0 4.5 7.4 2.5 2.5 2 1 1 0 0
2496.0 -2781.4 -26.0 90 0 9.3 17.9 5.0 2.5 2 1 2 1 1
2411.3 -2811.8 -12.8 151 0 12.7 4.1 5.0 0.0 0 0 2 0 0
2372.5 -3009.9 -14.1 17 0 6.4 5.7 7.5 2.5 2 0 3 2 2
2017.3 -2891.6 29.3 357 0 9.1 6.1 5.0 2.5 2 0 2 3 3
1931.7 -2876.8 20.7 71 0 5.0 7.1 5.0 2.5 2 1 2 2 2
1933.6 -2780.2 20.3 120 0 13.9 6.3 7.5 2.5 2 0 3 5 5
2487.3 -2512.7 -23.4 192 0 8.8 9.8 5.0 2.5 2 1 2 3 3
2520.2 -2506.3 -24.9 113 0 8.7 9.2 5.0 2.5 2 1 2 3 3
2454.5 -2481.0 -21.8 194 0 9.2 9.4 7.5 2.5 2 1 3 4 4
2457.4 -2463.3 -21.9 196 0 9.6 8.1 7.5 2.5 2 0 3 1 1
2432.9 -2463.4 -20.3 3 0 13.3 9.2 5.0 2.5 2 0 2 4 4
2421.5 -2491.0 -19.6 3 0 11.5 8.8 2.5 2.5 2 0 1 0 0
2460.6 -2439.4 -22.0 190 0 11.3 8.7 2.5 2.5 2 0 1 5 5
2462.1 -2419.9 -21.7 273 0 4.4 9.1 2.5 2.5 2 1 1 5 5
2458.5 -2376.9 -20.7 4 0 14.3 11.5 5.0 0.0 0 0 2 0 0
2501.7 -2309.3 -21.0 268 0 8.5 11.4 7.5 2.5 2 1 3 0 0
2428.5 -2341.2 -19.4 263 0 12.5 10.6 2.5 2.5 4 0 1 4 4
2354.9 -2368.7 -16.8 260 0 7.6 6.6 2.5 2.5 2 0 1 2 2
2327.2 -2380.5 -15.5 266 0 15.1 8.5 7.5 2.5 2 0 3 5 5
2281.5 -2315.5 -13.1 268 0 5.0 8.7 2.5 2.5 2 1 1 4 4
2534.8 -2339.3 -22.3 92 0 5.6 9.1 5.0 2.5 2 1 2 4 4
2253.0 -2547.3 -8.5 167 0 9.2 6.9 7.5 2.5 2 0 3 2 2
2247.0 -2534.5 -9.4 172 0 10.4 9.5 2.5 2.5 2 0 1 2 2
2206.6 -2444.8 -9.2 237 0 6.7 6.5 2.5 2.5 2 0 1 2 2
2192.6 -2339.8 -7.6 351 0 6.4 6.7 5.0 2.5 2 1 2 1 1
2190.3 -2265.4 -3.2 172 0 7.8 10.3 7.5 2.5 2 1 3 4 4
2889.3 -1958.6 -18.7 122 0 7.1 7.0 7.5 2.5 2 0 3 1 1
2914.6 -1997.4 -19.4 294 0 6.4 14.2 2.5 2.5 2 1 1 3 3
2949.8 -2016.7 -16.2 158 0 12.9 7.3 2.5 2.5 2 0 1 3 3
2583.0 -2038.1 -24.3 180 0 16.6 5.0 2.5 2.5 4 0 1 4 4
2577.0 -2033.0 -24.2 2 0 7.6 14.3 2.5 2.5 2 1 1 0 0
2493.2 -2082.2 -21.7 341 0 9.8 8.3 5.0 2.5 2 0 2 2 2
2369.8 -2483.1 -17.2 283 0 5.0 11.5 7.5 2.5 2 1 3 1 1
2368.4 -2513.7 -17.4 112 0 7.3 8.8 5.0 2.5 2 1 2 3 3
2406.9 -2518.0 -19.1 357 0 8.1 12.0 5.0 2.5 2 1 2 4 4
2378.9 -2531.8 -18.2 117 0 6.3 7.4 2.5 2.5 2 1 1 0 0
2433.8 -2540.1 -20.6 11 0 13.0 8.9 5.0 2.5 2 0 2 4 4
2493.2 -2487.4 -23.7 184 0 7.4 10.6 7.5 2.5 2 1 3 0 0
2519.6 -2470.7 -24.3 272 0 5.1 8.5 5.0 2.5 2 1 2 4 4
2533.4 -2446.4 -24.3 270 0 8.4 5.6 7.5 2.5 2 0 3 2 2
2571.6 -2492.5 -26.1 36 0 6.8 10.6 5.0 2.5 2 1 2 2 2
-5013.5 -3388.9 -36.4 186 0 20.0 96.5 10.0 0.0 0 1 4 0 0
-4786.6 -3234.5 -31.9 186 0 16.5 15.2 7.5 2.5 2 0 3 4 4
-4722.6 -3241.2 -28.7 5 0 8.5 12.5 7.5 2.5 2 1 3 2 2
-4779.8 -3264.9 -29.8 176 0 6.4 13.0 2.5 2.5 2 1 1 4 4
-4378.7 -4175.8 -31.4 71 0 5.6 9.8 5.0 0.0 0 1 2 4 4
-4346.7 -4102.1 -33.5 355 0 9.6 15.9 7.5 2.5 2 1 3 2 2
-4344.9 -4071.1 -37.3 91 0 10.4 9.9 5.0 2.5 2 0 2 5 5
-4283.3 -4140.0 -34.2 185 0 11.1 10.9 7.5 0.0 0 0 3 3 3
-4302.5 -4195.3 -31.1 177 0 12.2 15.6 5.0 2.5 2 1 2 3 3
-4303.5 -4170.1 -32.0 185 0 36.2 9.1 7.5 0.0 0 0 3 4 4
-4245.2 -4043.0 -40.9 276 0 18.7 14.0 12.5 0.0 0 0 5 3 3
-4200.6 -4056.9 -43.2 265 0 5.2 9.1 2.5 2.5 2 1 1 1 1
-4339.8 -4168.3 -30.7 96 0 15.4 14.6 5.0 2.5 2 0 2 2 2
-4374.2 -4093.6 -35.9 323 0 11.6 18.6 7.5 2.5 2 1 3 3 3
-4367.5 -4191.1 -30.9 342 0 9.0 9.6 5.0 2.5 4 1 2 5 5
-4456.9 -4173.4 -33.4 80 0 12.1 10.1 2.5 2.5 2 0 1 3 3
-4591.0 -4121.0 -41.9 83 0 7.8 8.4 5.0 2.5 2 1 2 4 4
-4634.8 -4140.5 -40.5 354 0 10.8 11.8 2.5 2.5 2 1 1 0 0
-4691.1 -4153.6 -42.2 259 0 6.7 9.2 7.5 2.5 4 1 3 3 3
-4741.8 -3522.6 -38.5 76 0 12.2 9.5 7.5 2.5 2 0 3 0 0
-4809.8 -3511.5 -37.5 187 0 6.6 6.8 5.0 2.5 2 1 2 2 2
-4806.6 -3497.3 -36.6 190 0 5.9 7.0 2.5 2.5 4 1 1 0 0
-4780.3 -3513.1 -38.1 190 0 6.1 8.8 7.5 0.0 0 1 3 3 3
-4794.8 -3413.7 -29.3 174 0 9.5 4.3 2.5 2.5 2 0 1 5 5
-4808.1 -3079.8 -31.8 274 0 7.8 7.8 5.0 0.0 0 0 2 1 1
-4538.5 -3203.3 -22.6 97 0 15.3 13.0 7.5 2.5 2 0 3 5 5
-4380.2 -3226.8 -33.2 272 0 9.0 10.1 5.0 2.5 2 1 2 5 5
-4351.5 -3489.2 -43.2 274 0 7.6 11.7 5.0 2.5 2 1 2 1 1
-4392.8 -3421.6 -39.4 17 0 14.6 20.6 12.5 2.5 2 1 5 2 2
-4421.7 -3490.8 -43.5 97 0 12.7 11.5 7.5 2.5 2 0 3 3 3
-4455.1 -3305.3 -30.6 84 0 14.6 11.5 2.5 2.5 2 0 1 2 2
3268.1 -3178.1 -15.1 195 0 17.6 9.8 5.0 2.5 2 0 2 4 4
3201.9 -3235.9 -19.3 280 0 10.4 8.6 7.5 2.5 2 0 3 4 4
3177.4 -3655.6 -4.1 193 0 16.6 12.9 2.5 2.5 2 0 1 0 0
3122.6 -4066.7 4.2 83 0 8.5 11.8 5.0 2.5 2 1 2 5 5
3437.5 -3603.5 1.2 349 0 16.1 13.2 5.0 2.5 2 0 2 2 2
3863.0 -3586.8 27.9 84 0 15.4 11.5 5.0 2.5 2 0 2 1 1
-6877.4 -5940.9 -40.0 348 0 10.8 16.5 10.5 3.5 2 1 3 2 2
-6910.8 -5929.7 -38.6 172 0 6.8 11.2 10.5 3.5 2 1 3 0 0
-6820.4 -5875.5 -48.6 68 0 12.0 9.7 10.5 3.5 4 0 3 3 3
-6740.6 -5824.1 -45.5 178 0 9.5 9.8 10.5 0.0 0 1 3 5 5
938.2 -1346.4 -27.3 273 0 15.4 12.6 5.0 2.5 2 0 2 5 5
-6692.0 -5874.0 -43.2 243 0 9.4 10.9 10.5 3.5 2 1 3 2 2
-6664.6 -6608.8 -22.2 275 0 8.7 6.8 10.5 3.5 2 0 3 0 0
-6768.3 -6564.3 -27.0 352 0 10.7 7.4 10.5 3.5 2 0 3 4 4
-6773.6 -6541.6 -27.7 270 0 8.7 8.2 10.5 3.5 4 0 3 1 1
-6717.9 -6519.0 -26.8 91 0 5.5 10.6 10.5 3.5 2 1 3 3 3
-6875.8 -6479.7 -33.1 267 0 9.7 13.2 10.5 3.5 2 1 3 2 2
-6844.3 -6501.2 -31.5 353 0 5.5 8.6 10.5 3.5 2 1 3 2 2
-6858.2 -6545.4 -30.4 265 0 8.4 10.4 10.5 3.5 2 1 3 1 1
-2473.8 -6708.0 42.4 292 0 7.1 7.2 7.5 0.0 0 1 3 4 4
-2492.9 -6715.4 42.1 187 0 6.7 4.5 7.5 0.0 0 0 3 2 2
3141.1 -2986.2 -9.0 336 0 8.6 11.1 7.5 2.5 2 1 3 1 1
3083.8 -2997.0 -6.7 352 0 6.6 9.9 5.0 0.0 0 1 2 5 5
3569.6 -1833.5 -14.7 188 0 15.7 17.0 12.5 2.5 2 1 5 5 5
-263.7 -6744.1 -27.4 33 0 8.4 21.7 7.5 2.5 4 1 3 1 1
-270.4 -6758.1 -28.7 36 0 15.1 10.3 7.5 2.5 2 0 3 3 3
-355.4 -6716.5 -23.1 117 0 11.0 12.3 5.0 0.0 0 1 2 5 5
-247.5 -6765.5 -31.9 221 0 12.2 29.5 10.0 2.5 2 1 4 1 1
-227.6 -6727.6 -29.1 192 0 19.3 15.4 10.0 2.5 2 0 4 1 1
-260.8 -6692.6 -24.1 100 0 8.0 16.0 5.0 2.5 2 1 2 5 5
-229.2 -6662.3 -24.8 2 0 24.7 9.9 7.5 2.5 2 0 3 1 1
-368.5 -6657.6 -19.1 290 0 26.5 13.0 12.5 2.5 2 0 5 2 2
-369.9 -6644.8 -16.8 114 0 10.4 18.2 10.0 2.5 2 1 4 1 1
-333.3 -6666.2 -19.5 119 0 9.9 8.4 7.5 2.5 4 0 3 1 1
-373.6 -6818.1 -29.8 115 0 12.7 12.9 5.0 2.5 4 1 2 1 1
-516.8 -6798.0 -18.7 181 0 6.8 16.4 5.0 2.5 4 1 2 1 1
-576.0 -6732.7 -20.8 189 0 12.6 9.5 5.0 2.5 2 0 2 4 4
-585.1 -6716.5 -21.6 184 0 13.6 8.2 5.0 0.0 0 0 2 2 2
-584.1 -6694.4 -22.2 185 0 9.4 9.1 7.5 2.5 2 0 3 1 1
-567.7 -6670.8 -21.4 196 0 12.5 11.9 7.5 2.5 2 0 3 0 0
-562.8 -6657.5 -21.1 195 0 13.6 14.0 7.5 2.5 2 1 3 0 0
-3144.8 -6725.3 -2.5 341 0 9.3 8.7 7.5 2.5 2 0 3 0 0
-3377.4 -6660.8 -14.3 85 0 15.3 14.7 5.0 2.5 2 0 2 5 5
5826.0 -4085.3 -5.3 93 0 13.9 20.1 10.0 2.5 2 1 4 5 5
6425.3 -3348.7 -3.7 115 0 13.1 11.0 5.0 2.5 2 0 2 3 3
5862.2 -3886.9 -0.2 85 0 11.6 15.3 2.5 0.0 0 1 1 4 4
5667.4 -4023.3 -3.6 146 0 7.5 8.1 5.0 2.5 2 1 2 0 0
5580.2 -3930.2 2.8 354 0 12.5 10.6 7.5 2.5 2 0 3 4 4
5559.1 -4034.1 6.7 285 0 37.0 10.9 12.5 2.5 2 0 5 0 0
5634.6 -4179.7 1.8 294 0 20.4 33.3 12.5 0.0 0 1 5 3 3
5610.1 -4147.2 1.7 282 0 8.3 9.0 7.5 2.5 2 1 3 2 2
5576.4 -4208.1 3.9 203 0 14.1 29.1 10.0 2.5 2 1 4 4 4
5408.0 -3457.7 -7.3 177 0 11.2 13.0 2.5 2.5 2 1 1 2 2
5384.2 -3410.2 -13.3 186 0 19.1 16.1 10.0 2.5 2 0 4 3 3
5421.2 -3389.3 -8.7 287 0 4.4 7.0 7.5 2.5 4 1 3 4 4
5375.4 -3451.4 -13.7 336 0 9.8 7.0 5.0 2.5 2 0 2 2 2
5368.7 -3419.9 -14.8 329 0 8.2 12.4 2.5 2.5 2 1 1 3 3
5403.8 -3396.3 -11.3 268 0 8.9 12.2 2.5 2.5 2 1 1 1 1
5480.0 -3393.7 -0.9 23 0 13.8 10.7 7.5 2.5 2 0 3 4 4
5473.8 -3350.6 -2.5 270 0 5.3 8.6 7.5 2.5 2 1 3 2 2
2504.2 -347.8 -24.7 356 0 11.0 14.1 7.5 2.5 2 1 3 3 3
2034.2 -509.6 -26.6 86 0 11.3 16.7 5.0 2.5 2 1 2 1 1
2090.9 -457.5 -18.8 264 0 20.0 10.6 7.5 2.5 4 0 3 4 4
2503.8 -568.8 -24.2 7 0 10.4 9.5 7.5 2.5 2 0 3 1 1
-5014.8 -171.9 -29.8 167 0 13.0 9.2 5.0 2.5 2 0 2 0 0
-5006.6 -70.2 -26.7 231 0 12.3 10.9 5.0 2.5 4 0 2 4 4
-4959.5 -228.7 -26.9 337 0 14.4 24.9 10.0 2.5 2 1 4 3 3
-4949.9 -141.1 -30.0 138 0 8.3 13.7 5.0 2.5 2 1 2 3 3
-4929.8 -145.1 -29.4 332 0 12.9 17.0 5.0 2.5 2 1 2 4 4
-5090.8 94.9 -12.0 90 0 8.1 17.7 7.5 2.5 2 1 3 0 0
-5087.5 -51.1 -23.6 154 0 14.5 8.8 5.0 2.5 2 0 2 4 4
-4479.2 -36.8 -13.3 183 0 10.7 14.3 5.0 2.5 2 1 2 2 2
-5161.2 170.6 -5.5 191 0 13.0 13.9 7.5 0.0 0 1 3 3 3
