2636.7 5783.2 -0.5 6 0 105.3 102.1 14.0 0.0 0 0 4 1 1
-5299.1 817.8 -2.5 358 0 52.9 56.8 10.0 0.0 0 1 4 0 0
-5431.6 421.3 -1.8 174 0 17.0 20.7 7.5 0.0 0 1 3 5 5
-5468.4 128.6 -3.7 73 0 64.0 74.2 12.5 0.0 0 1 5 1 1
1906.6 4696.7 -1.8 160 0 59.4 60.5 14.0 0.0 0 1 4 5 5
1239.3 4219.6 0.4 65 0 153.8 61.1 12.5 0.0 0 0 5 2 2
-3274.6 2167.5 -1.3 80 0 22.9 38.5 7.5 0.0 0 1 3 2 2
2322.1 6840.8 -1.7 23 0 17.6 17.6 5.0 0.0 0 1 2 3 3
464.5 1634.1 -7.4 83 0 23.7 17.3 10.0 2.5 2 0 4 3 3
-4806.2 6506.0 -12.3 164 0 19.4 42.3 12.5 2.5 2 1 5 2 2
-4750.5 6494.1 -11.5 347 0 26.2 33.9 12.5 0.0 0 1 5 0 0
-4806.7 6391.7 -9.0 70 0 17.1 24.0 7.5 2.5 2 1 3 2 2
-3493.3 2083.6 -1.0 171 0 17.4 31.5 7.5 2.5 2 1 3 5 5
-4167.4 1578.6 -0.7 76 0 20.1 21.4 7.5 2.5 2 1 3 5 5
-392.4 3463.6 -1.2 341 0 27.1 24.9 10.0 0.0 0 0 4 3 3
-4398.6 5930.0 -5.1 352 0 29.1 30.8 10.0 0.0 0 1 4 5 5
-4430.1 5888.8 -3.6 159 0 27.3 19.9 10.0 2.5 2 0 4 0 0
-4363.1 5624.8 -2.9 162 0 6.7 8.5 5.0 2.5 2 1 2 2 2
-4080.5 5202.9 0.7 243 0 23.2 23.4 5.0 0.0 0 1 2 4 4
-3971.9 4839.6 1.3 261 0 38.4 29.5 7.5 0.0 0 0 3 0 0
-3582.0 5927.8 1.7 77 0 12.2 12.9 5.0 2.5 2 1 2 1 1
-3589.8 6009.9 2.3 265 0 11.7 15.4 7.5 2.5 2 1 3 4 4
1510.3 4471.5 2.8 56 0 10.5 21.2 2.5 2.5 2 1 1 0 0
746.6 2664.6 -0.7 15 0 27.4 22.2 15.0 0.0 0 0 6 5 5
2274.8 4747.6 -0.1 75 0 16.3 29.8 10.5 0.0 0 1 3 4 4
2269.4 4875.1 -2.0 246 0 25.0 46.7 10.5 0.0 0 1 3 0 0
2310.3 4905.4 -3.0 63 0 25.2 12.6 10.0 2.5 4 0 4 2 2
2488.4 4867.6 -1.2 342 0 11.5 8.8 10.5 3.5 2 0 3 3 3
2545.7 4550.1 -0.3 41 0 11.0 18.6 14.0 3.5 2 1 4 1 1
2671.4 5099.5 -1.8 346 0 13.8 14.5 10.5 3.5 2 1 3 3 3
2619.8 5222.3 -1.2 338 0 20.9 36.9 10.5 3.5 2 1 3 3 3
2570.0 5421.2 1.0 359 0 16.1 13.6 14.0 3.5 2 0 4 3 3
2552.0 5423.7 0.2 358 0 15.1 15.2 14.0 3.5 2 1 4 0 0
2565.9 5448.1 0.2 1 0 14.7 20.8 14.0 3.5 2 1 4 5 5
2528.5 5604.8 -0.4 73 0 21.4 25.9 14.0 0.0 0 1 4 5 5
2571.2 5674.7 -0.5 87 0 14.6 15.3 14.0 3.5 2 1 4 2 2
2567.8 5657.2 -0.5 354 0 12.8 10.6 14.0 3.5 2 0 4 5 5
2572.5 5708.6 -0.3 89 0 11.6 13.0 7.0 3.5 2 1 2 3 3
2527.8 5580.2 -0.4 67 0 12.7 12.4 14.0 3.5 2 0 4 2 2
2514.7 5592.4 -0.3 74 0 11.6 13.1 14.0 3.5 2 0 4 2 2
2486.1 5596.5 -0.3 162 0 16.5 20.1 14.0 3.5 2 0 4 4 4
2548.4 5594.5 -0.6 68 0 14.2 43.4 14.0 3.5 2 1 4 3 3
-915.7 3345.1 -2.5 337 0 10.9 20.4 10.0 2.5 2 1 4 3 3
-4212.9 1724.0 0.7 165 0 48.9 48.7 10.0 0.0 0 0 4 5 5
-3502.1 2897.8 -2.9 341 0 29.0 43.1 10.0 0.0 0 1 4 2 2
-4970.4 5328.7 -7.6 342 0 11.1 20.4 5.0 0.0 0 1 2 1 1
-5188.9 4932.9 -3.7 90 0 12.8 17.0 7.5 2.5 2 1 3 2 2
-4396.9 4420.2 5.1 356 0 9.3 6.5 5.0 2.5 4 0 2 5 5
-4484.8 4376.5 4.7 89 0 9.9 11.4 5.0 0.0 0 1 2 2 2
-4377.3 4372.4 6.5 357 0 8.7 9.2 5.0 0.0 0 1 2 4 4
-4441.9 4901.8 -3.5 268 0 13.4 16.5 7.5 0.0 0 1 3 1 1
-4474.0 4773.3 -2.5 177 0 10.4 11.7 5.0 2.5 4 1 2 3 3
-4436.8 4811.9 -2.9 356 0 9.1 9.5 7.5 0.0 0 1 3 2 2
-4511.3 4931.0 -3.7 345 0 12.5 13.1 10.0 2.5 2 1 4 2 2
-4585.9 4967.5 -2.3 259 0 13.8 15.8 5.0 2.5 2 1 2 0 0
-4460.0 5062.8 -0.2 3 0 6.5 11.3 7.5 2.5 2 1 3 3 3
-4412.1 4987.7 -2.5 94 0 7.4 6.9 5.0 2.5 2 0 2 5 5
-4387.4 4946.5 -3.0 175 0 10.8 8.7 7.5 2.5 2 0 3 0 0
-4499.3 5185.6 3.2 263 0 15.5 15.4 5.0 2.5 2 0 2 5 5
-4548.0 5151.0 3.2 85 0 16.0 14.7 7.5 2.5 2 0 3 2 2
-4606.8 5161.5 3.6 264 0 16.2 13.6 10.0 2.5 2 0 4 4 4
-4641.9 5164.0 2.9 268 0 11.3 17.9 7.5 2.5 2 1 3 0 0
-4691.0 5058.2 1.7 357 0 13.3 12.0 2.5 2.5 2 0 1 0 0
-4662.6 4950.4 -1.7 357 0 8.2 9.4 7.5 2.5 2 1 3 1 1
-4701.5 5189.2 -1.2 89 0 11.1 13.2 5.0 0.0 0 1 2 0 0
-4383.9 5239.9 1.4 359 0 16.4 12.7 5.0 0.0 0 0 2 1 1
-4401.3 5295.9 -2.7 359 0 18.7 16.5 10.0 2.5 2 0 4 0 0
-5317.1 5444.0 -3.6 269 0 12.2 15.9 2.5 2.5 2 1 1 1 1
-5267.7 5495.7 -5.4 266 0 15.9 13.8 7.5 2.5 2 0 3 2 2
-5428.6 5482.9 -2.7 76 0 10.6 19.9 5.0 2.5 4 1 2 0 0
-5389.7 5494.2 -2.6 75 0 15.0 9.4 5.0 2.5 2 0 2 1 1
-5394.4 5418.5 -3.3 357 0 13.4 10.3 2.5 2.5 2 0 1 4 4
-5401.7 5450.1 -2.9 348 0 15.0 10.9 7.5 2.5 2 0 3 1 1
-5515.0 5410.2 -2.4 158 0 16.6 19.2 12.5 2.5 2 1 5 0 0
-5537.4 5437.6 -2.1 74 0 17.7 16.8 10.0 2.5 4 0 4 0 0
-5517.1 5266.9 -0.9 266 0 10.9 18.7 5.0 2.5 4 1 2 0 0
-5453.3 5281.1 -2.2 266 0 7.9 13.5 7.5 2.5 4 1 3 5 5
737.0 5342.7 2.8 343 0 12.5 10.3 10.0 2.5 2 0 4 0 0
720.4 5413.7 1.8 155 0 13.9 13.7 7.5 2.5 2 0 3 5 5
784.4 5249.2 0.9 270 0 11.7 12.6 5.0 2.5 2 1 2 2 2
733.7 5224.5 3.7 88 0 13.1 19.4 7.5 2.5 2 1 3 4 4
692.9 4569.4 1.9 68 0 11.7 15.3 5.0 2.5 2 1 2 0 0
450.7 4438.4 2.4 159 0 13.8 14.8 10.0 2.5 2 1 4 1 1
583.0 4471.0 2.6 254 0 12.1 12.8 2.5 2.5 2 1 1 4 4
792.2 4566.9 0.7 88 0 6.4 10.0 7.5 0.0 0 1 3 5 5
780.5 4665.8 1.0 168 0 19.9 12.5 7.5 2.5 2 0 3 3 3
-5412.7 5335.6 -3.5 172 0 8.0 7.6 2.5 2.5 2 0 1 5 5
-5300.0 5346.0 -4.4 82 0 8.9 17.7 2.5 2.5 2 1 1 2 2
-5266.3 5377.1 -4.4 357 0 11.4 8.5 5.0 0.0 0 0 2 5 5
-5326.5 5213.5 -4.0 357 0 7.7 9.8 7.5 2.5 2 1 3 0 0
-5328.7 5019.0 -2.1 87 0 15.0 18.8 10.0 2.5 2 1 4 4 4
1449.2 4920.9 2.2 246 0 14.4 15.4 10.0 2.5 2 1 4 0 0
1559.5 4801.1 1.7 249 0 11.7 58.0 7.5 2.5 2 1 3 0 0
1594.6 4875.6 1.0 255 0 11.6 17.2 7.5 2.5 2 1 3 5 5
1606.6 4847.4 1.0 74 0 22.7 11.9 7.5 2.5 2 0 3 1 1
-5008.2 5180.0 -8.2 67 0 13.8 13.8 5.0 2.5 2 0 2 1 1
-5535.0 5538.6 -4.4 169 0 12.3 11.7 7.5 2.5 2 0 3 5 5
1571.8 4595.2 1.9 161 0 12.7 16.1 7.5 2.5 2 1 3 0 0
1590.4 4394.6 2.5 72 0 10.4 20.0 5.0 2.5 2 1 2 1 1
-4929.1 4485.3 -4.0 170 0 16.0 7.6 7.5 2.5 2 0 3 0 0
-4958.8 4429.8 -3.3 80 0 10.0 15.5 5.0 0.0 0 1 2 5 5
-5275.9 5069.1 -3.5 262 0 10.0 11.1 5.0 2.5 4 1 2 0 0
-5401.1 5126.0 -1.9 82 0 10.2 15.4 2.5 2.5 2 1 1 0 0
-5532.4 4729.5 2.9 87 0 8.0 18.1 7.5 2.5 2 1 3 3 3
-5502.6 4553.6 -5.3 59 0 9.6 9.1 5.0 0.0 0 0 2 5 5
-4871.0 5118.2 -0.6 0 0 8.8 9.8 2.5 2.5 4 1 1 1 1
-4797.5 4778.3 -8.1 354 0 8.7 13.8 5.0 2.5 2 1 2 1 1
-4938.5 5285.9 -8.4 162 0 11.9 13.0 5.0 2.5 2 1 2 0 0
-4682.2 5228.0 -3.9 358 0 24.3 16.6 12.5 2.5 2 0 5 5 5
-4782.9 5153.3 0.9 268 0 22.9 29.1 12.5 0.0 0 1 5 0 0
-4465.7 5155.7 2.5 359 0 10.4 12.1 5.0 2.5 2 1 2 3 3
-4642.1 4961.4 -1.4 89 0 8.5 10.6 5.0 2.5 2 1 2 2 2
-4617.4 4931.8 -2.7 178 0 7.9 12.8 5.0 2.5 2 1 2 5 5
-4612.4 4876.0 -4.3 165 0 10.5 10.6 5.0 2.5 2 1 2 4 4
-4729.2 5003.9 0.3 345 0 8.4 8.6 5.0 2.5 2 1 2 1 1
-4759.6 4998.4 0.0 172 0 8.6 15.7 7.5 2.5 2 1 3 3 3
-4747.8 4980.5 -0.7 166 0 12.2 12.4 5.0 2.5 2 1 2 1 1
-4758.5 4662.8 -5.5 335 0 10.8 12.9 10.0 2.5 2 1 4 5 5
-4830.8 4666.4 -6.7 150 0 7.7 11.7 5.0 2.5 2 1 2 3 3
-4913.4 4759.0 -9.6 173 0 5.9 10.7 7.5 2.5 4 1 3 4 4
-5401.1 -1117.0 -10.3 358 0 16.5 13.8 5.0 0.0 0 0 2 5 5
-4795.2 4380.2 0.3 352 0 11.6 17.1 5.0 2.5 2 1 2 1 1
-5220.1 -1167.1 -5.2 78 0 8.0 7.9 7.5 2.5 2 0 3 3 3
-5169.1 -1143.7 -2.9 71 0 12.4 7.9 5.0 2.5 4 0 2 2 2
-5233.2 -1172.1 -5.8 74 0 7.8 6.6 2.5 2.5 2 0 1 5 5
-85.6 1809.6 3.1 267 0 17.9 14.7 7.5 2.5 2 0 3 5 5
-74.5 1746.7 3.5 359 0 13.5 14.9 7.5 2.5 2 1 3 4 4
-4812.0 4867.5 -5.3 359 0 7.2 12.5 7.5 2.5 2 1 3 0 0
-4774.7 4621.6 -5.3 66 0 11.6 17.8 5.0 2.5 2 1 2 3 3
-4831.3 4552.3 -4.2 177 0 19.6 12.8 10.0 2.5 2 0 4 1 1
-5045.2 5408.9 -6.2 336 0 8.7 15.7 5.0 2.5 2 1 2 4 4
-5012.6 5420.2 -6.6 247 0 10.5 9.5 7.5 2.5 2 0 3 0 0
-5004.9 5507.7 -5.9 161 0 13.8 13.1 10.0 0.0 0 0 4 0 0
-5015.6 5546.2 -5.6 165 0 7.9 14.6 7.5 2.5 4 1 3 1 1
-5196.0 5310.0 -6.1 177 0 5.3 11.0 7.5 2.5 2 1 3 1 1
-5190.9 5297.5 -6.1 158 0 8.7 6.7 7.5 2.5 2 0 3 2 2
-396.0 1919.2 0.5 348 0 12.3 12.1 2.5 2.5 2 0 1 1 1
-312.8 1823.9 1.0 90 0 13.0 12.7 2.5 2.5 2 0 1 4 4
-237.4 1845.3 1.8 90 0 11.7 12.3 10.0 0.0 0 1 4 4 4
-152.9 1856.4 2.7 177 0 11.0 12.0 2.5 2.5 2 1 1 1 1
-5338.0 5340.4 -4.4 66 0 6.9 18.0 5.0 2.5 2 1 2 5 5
-5275.1 5221.8 -5.1 62 0 14.2 12.0 5.0 2.5 2 0 2 0 0
-5314.3 5224.7 -4.6 159 0 9.9 14.9 5.0 2.5 4 1 2 5 5
-4545.5 4770.4 -3.5 358 0 11.2 12.6 5.0 2.5 2 1 2 0 0
-4518.3 4686.2 -1.6 359 0 14.2 12.8 2.5 2.5 2 0 1 1 1
-299.8 1313.5 -6.8 249 0 10.8 7.1 7.5 2.5 2 0 3 1 1
181.3 1501.5 -4.1 249 0 8.7 7.4 2.5 2.5 4 0 1 2 2
-5185.0 4418.8 -6.8 353 0 9.2 11.5 5.0 2.5 2 1 2 1 1
-4634.3 4474.5 0.5 172 0 12.4 10.5 5.0 0.0 0 0 2 1 1
-4608.7 4390.5 2.9 178 0 9.7 18.4 7.5 2.5 4 1 3 3 3
-5114.7 4901.2 -6.2 178 0 17.6 14.0 5.0 2.5 2 0 2 5 5
-5178.9 4897.9 -3.4 268 0 13.4 6.0 7.5 0.0 0 0 3 4 4
104.9 1536.4 3.0 252 0 13.1 19.2 10.0 2.5 2 1 4 2 2
-630.4 1662.2 -0.3 247 0 11.8 11.6 5.0 2.5 2 0 2 4 4
-674.9 1815.3 -0.6 245 0 15.4 11.7 5.0 2.5 2 0 2 3 3
-684.9 1928.9 -0.4 339 0 16.6 16.6 10.0 2.5 4 1 4 4 4
359.9 1957.0 -1.1 333 0 12.5 12.7 2.5 2.5 2 1 1 5 5
230.8 1864.0 -1.7 265 0 11.9 8.3 7.5 0.0 0 0 3 2 2
164.3 1798.1 -0.2 359 0 18.2 14.8 7.5 2.5 2 0 3 1 1
-737.3 1685.2 -0.2 157 0 8.1 8.9 7.5 2.5 2 1 3 3 3
-5034.9 4968.9 -8.7 88 0 11.2 12.6 5.0 2.5 2 1 2 2 2
-5164.4 4751.8 -3.6 93 0 13.6 11.2 10.0 2.5 4 0 4 2 2
3877.0 5244.1 -1.6 158 0 11.6 28.9 7.5 2.5 2 1 3 5 5
3728.6 4959.4 -1.2 256 0 12.2 11.2 5.0 2.5 2 0 2 1 1
-4425.1 5458.9 -4.2 65 0 15.6 13.9 2.5 2.5 2 0 1 4 4
-4522.2 5514.3 -4.0 69 0 14.6 18.9 7.5 2.5 4 1 3 0 0
-4578.2 5230.7 -1.5 358 0 11.8 11.9 5.0 2.5 2 1 2 5 5
-4574.1 5198.5 0.4 86 0 15.9 15.3 5.0 2.5 4 0 2 5 5
3730.5 5486.9 -3.3 161 0 18.9 11.3 5.0 2.5 2 0 2 2 2
3659.3 5342.3 -2.7 66 0 31.0 10.7 7.5 2.5 2 0 3 2 2
37.7 1629.9 4.5 56 0 11.9 15.9 7.5 2.5 2 1 3 1 1
3028.5 4929.1 0.1 86 0 14.1 18.8 10.0 2.5 2 1 4 0 0
3204.2 5151.5 0.5 158 0 11.9 13.9 7.5 2.5 2 1 3 0 0
3265.7 5258.8 0.6 344 0 14.4 13.6 10.0 2.5 4 0 4 0 0
-4612.8 4573.2 -1.2 176 0 7.0 11.9 7.5 2.5 2 1 3 3 3
-4507.1 4831.1 -4.0 271 0 12.5 11.5 7.5 2.5 2 0 3 2 2
-4508.0 4814.0 -3.8 266 0 14.8 14.4 10.0 2.5 2 0 4 5 5
3972.9 5439.3 -1.2 83 0 9.7 25.5 5.0 2.5 2 1 2 0 0
3982.7 5477.4 -1.2 18 0 17.0 13.6 2.5 2.5 2 0 1 4 4
3235.6 5179.6 0.3 72 0 9.0 17.5 2.5 2.5 2 1 1 3 3
2944.1 5088.2 -0.0 69 0 9.0 20.7 5.0 2.5 2 1 2 0 0
3054.6 5152.8 1.1 340 0 16.0 10.9 5.0 2.5 2 0 2 5 5
3178.8 5204.1 0.4 249 0 10.2 9.1 5.0 2.5 2 0 2 5 5
2868.1 4878.3 0.3 251 0 11.5 10.7 14.0 0.0 0 0 4 3 3
2828.8 5025.6 0.2 251 0 12.5 20.9 14.0 0.0 0 1 4 0 0
2877.5 5001.5 0.4 341 0 25.1 15.4 14.0 3.5 2 0 4 5 5
2886.9 5000.6 0.3 163 0 24.6 26.9 14.0 0.0 0 1 4 5 5
3320.1 4841.0 0.7 352 0 11.0 11.5 5.0 2.5 2 1 2 0 0
3322.9 4591.8 0.8 350 0 12.2 7.8 7.5 2.5 2 0 3 2 2
2927.9 4719.8 0.5 349 0 19.7 21.1 14.0 3.5 2 1 4 4 4
2938.8 4498.3 0.6 175 0 10.3 9.4 5.0 2.5 2 0 2 2 2
-489.7 1803.3 0.1 243 0 13.8 17.4 2.5 2.5 2 1 1 5 5
-703.7 1750.5 -0.4 252 0 13.2 14.8 2.5 2.5 2 1 1 5 5
-4374.5 5079.8 -0.5 86 0 21.6 12.2 7.5 2.5 2 0 3 4 4
-4385.2 4796.8 -1.9 175 0 8.1 9.1 5.0 2.5 4 1 2 5 5
-4385.5 4731.3 -1.0 75 0 14.3 19.5 5.0 2.5 2 1 2 0 0
-4441.3 5281.1 -2.6 179 0 12.5 16.7 5.0 2.5 2 1 2 4 4
-4458.7 5217.6 1.3 89 0 11.2 13.5 5.0 2.5 2 1 2 2 2
-4456.8 5187.9 3.1 167 0 8.6 14.6 7.5 2.5 2 1 3 5 5
-4387.3 5191.5 2.5 266 0 12.5 14.4 5.0 2.5 2 1 2 2 2
-4611.4 5455.4 -5.8 255 0 6.6 7.3 7.5 2.5 2 1 3 3 3
2504.8 6818.7 -3.7 341 0 10.9 14.0 5.0 2.5 2 1 2 2 2
-4924.9 5082.2 -2.2 177 0 14.7 16.3 5.0 2.5 2 1 2 5 5
-5010.0 5079.5 -6.3 248 0 19.9 10.5 5.0 2.5 2 0 2 3 3
-247.5 1903.9 1.1 265 0 9.9 8.2 7.5 2.5 2 0 3 2 2
-752.8 1483.3 -1.8 85 0 12.3 9.0 2.5 2.5 2 0 1 3 3
-5090.8 5427.1 -5.8 269 0 6.3 12.8 5.0 2.5 2 1 2 2 2
-5135.0 5469.3 -6.0 262 0 8.9 16.2 7.5 2.5 2 1 3 3 3
-5114.5 5533.2 -5.2 267 0 12.2 5.6 2.5 2.5 2 0 1 2 2
-5100.5 5489.4 -5.4 79 0 11.4 33.7 10.0 2.5 4 1 4 4 4
-4907.3 5338.6 -8.3 349 0 10.5 15.1 7.5 2.5 2 1 3 5 5
-4951.6 5336.6 -7.9 160 0 12.6 15.5 5.0 2.5 2 1 2 1 1
-571.1 1571.5 -1.6 70 0 14.4 11.2 7.5 2.5 2 0 3 1 1
-502.8 1643.5 -1.0 81 0 8.7 8.8 5.0 2.5 2 1 2 4 4
-472.5 1684.0 -0.4 351 0 12.6 9.3 5.0 2.5 2 0 2 1 1
-4545.8 4864.4 -4.7 355 0 17.1 6.3 2.5 0.0 0 0 1 0 0
-4775.8 5048.2 1.9 47 0 10.6 16.3 5.0 2.5 2 1 2 5 5
4260.5 5777.3 -3.1 262 0 12.4 13.5 5.0 2.5 2 1 2 2 2
4716.9 5968.2 -2.6 341 0 16.0 12.4 2.5 0.0 0 0 1 3 3
5028.4 5858.3 -2.0 78 0 10.3 11.7 7.5 2.5 2 1 3 3 3
5152.8 5899.5 -2.4 350 0 15.1 11.7 7.5 0.0 0 0 3 3 3
4263.2 5604.0 -1.2 344 0 11.9 11.1 5.0 2.5 2 0 2 2 2
4204.6 5568.4 -1.4 154 0 21.9 12.2 10.0 2.5 2 0 4 3 3
4157.6 5592.9 -2.2 163 0 12.3 18.4 7.5 2.5 2 1 3 3 3
4085.4 5717.6 -2.5 341 0 13.8 43.0 7.5 2.5 2 1 3 3 3
4151.5 6153.7 -3.1 159 0 20.4 20.5 7.5 2.5 2 1 3 3 3
4091.9 6016.9 -5.4 344 0 11.6 18.5 5.0 2.5 4 1 2 1 1
4055.9 6041.4 -5.6 255 0 10.9 25.9 7.5 2.5 2 1 3 1 1
4068.7 5820.1 -3.6 165 0 13.2 12.1 7.5 2.5 2 0 3 5 5
-767.2 1597.7 -0.4 256 0 11.1 10.9 2.5 2.5 2 0 1 3 3
4471.1 6305.1 -0.3 243 0 11.2 16.1 7.5 2.5 2 1 3 3 3
4358.2 6245.2 2.2 157 0 19.2 16.2 7.5 2.5 2 0 3 0 0
4093.3 6451.4 -2.9 351 0 41.9 14.1 7.5 2.5 2 0 3 1 1
-5111.9 5163.2 -7.2 67 0 9.8 8.6 7.5 2.5 2 0 3 2 2
-5166.4 5083.6 -6.2 178 0 13.6 17.5 7.5 2.5 2 1 3 3 3
-5127.6 4976.2 -6.2 178 0 14.6 22.2 10.0 2.5 4 1 4 5 5
4853.2 6575.0 -9.4 238 0 12.6 12.4 5.0 2.5 2 0 2 1 1
4778.0 6557.7 -10.6 157 0 10.2 10.1 7.5 2.5 2 0 3 3 3
-5142.3 5033.3 -5.7 177 0 10.0 5.4 2.5 2.5 2 0 1 2 2
-5382.6 4568.6 -8.3 148 0 9.0 8.8 2.5 2.5 2 0 1 0 0
-5383.8 4520.0 -9.6 334 0 10.8 10.1 5.0 2.5 2 0 2 3 3
-5455.9 4800.3 2.0 356 0 17.1 13.6 7.5 0.0 0 0 3 5 5
-5435.9 4756.3 1.9 358 0 10.1 9.2 7.5 2.5 2 0 3 1 1
4191.0 5667.5 -2.3 162 0 13.0 25.2 7.5 2.5 4 1 3 1 1
4096.9 6105.8 -4.9 62 0 13.0 13.3 10.0 2.5 2 1 4 4 4
-5497.7 4870.4 2.2 260 0 12.6 16.8 7.5 2.5 2 1 3 1 1
-5479.2 4877.1 1.9 255 0 12.6 16.6 5.0 2.5 2 1 2 1 1
-5443.7 4871.5 1.6 257 0 13.4 13.5 7.5 2.5 2 1 3 0 0
-558.8 1661.4 -0.5 159 0 9.3 14.3 2.5 2.5 2 1 1 0 0
-5548.1 5193.0 0.2 89 0 11.4 10.5 10.0 0.0 0 0 4 3 3
-5348.9 5047.0 -1.9 176 0 11.5 5.8 7.5 2.5 2 0 3 3 3
-5373.1 4970.7 -0.6 66 0 20.9 20.9 7.5 2.5 2 0 3 1 1
4202.6 5643.7 -1.9 204 0 4.6 15.0 5.0 2.5 2 1 2 2 2
-5521.0 5325.9 -1.3 359 0 11.7 16.9 5.0 2.5 2 1 2 2 2
-5517.5 5290.8 -1.0 358 0 7.2 14.5 5.0 2.5 2 1 2 1 1
-5519.0 5279.6 -0.9 356 0 8.0 11.9 5.0 2.5 4 1 2 0 0
4395.1 6569.3 -6.0 156 0 13.7 15.1 2.5 2.5 2 1 1 3 3
4629.7 6441.5 -7.9 66 0 13.7 19.2 7.5 2.5 2 1 3 3 3
-5203.4 5392.9 -6.6 178 0 11.2 9.3 7.5 2.5 2 0 3 1 1
-5205.3 5374.0 -6.3 175 0 13.4 8.8 7.5 2.5 2 0 3 2 2
4135.1 5576.0 -2.2 342 0 9.8 12.9 7.5 2.5 2 1 3 4 4
4017.9 5572.3 -1.1 84 0 9.8 10.7 7.5 2.5 2 1 3 2 2
4146.7 5753.3 -2.9 258 0 11.4 12.3 5.0 2.5 2 1 2 1 1
4043.6 5992.2 -5.5 76 0 10.5 45.8 7.5 2.5 2 1 3 1 1
4071.3 6213.9 -4.8 343 0 10.8 8.6 5.0 2.5 2 0 2 3 3
-4724.5 5399.7 -7.5 160 0 6.7 11.5 2.5 2.5 2 1 1 4 4
-4822.4 5363.6 -8.7 84 0 18.9 10.5 7.5 2.5 2 0 3 5 5
-4883.3 5531.3 -5.6 171 0 10.6 14.0 2.5 2.5 2 1 1 3 3
2692.5 5087.5 -1.7 157 0 9.6 24.9 10.5 3.5 4 1 3 3 3
2637.4 5008.5 -1.3 251 0 8.8 34.5 10.5 3.5 2 1 3 3 3
2437.4 4947.8 -2.9 156 0 17.3 9.2 10.5 3.5 2 0 3 1 1
2382.8 4879.6 -1.3 247 0 22.2 17.9 10.5 3.5 2 0 3 3 3
2106.9 4821.8 -0.1 337 0 12.5 12.0 2.5 2.5 4 0 1 5 5
2149.8 4711.7 -0.3 72 0 10.2 19.5 5.0 2.5 2 1 2 0 0
-4420.0 5441.5 -4.5 339 0 8.5 9.2 7.5 0.0 0 1 3 2 2
-4494.6 5316.9 -4.7 354 0 7.4 16.7 5.0 2.5 2 1 2 0 0
-4422.9 5223.6 1.4 87 0 14.6 16.0 2.5 2.5 2 1 1 0 0
-4442.2 5229.0 1.0 88 0 9.8 10.9 5.0 2.5 2 1 2 2 2
-762.6 1528.0 -1.3 174 0 8.9 11.5 5.0 2.5 2 1 2 5 5
-603.3 1228.5 -5.9 88 0 10.5 7.9 5.0 2.5 2 0 2 3 3
-555.3 1283.2 -5.6 0 0 7.6 13.1 5.0 2.5 2 1 2 4 4
-4623.2 4744.2 -4.3 71 0 10.4 7.9 5.0 2.5 2 0 2 2 2
-5243.3 4904.0 -2.1 258 0 9.4 10.2 2.5 2.5 2 1 1 1 1
-5319.3 4820.2 0.5 352 0 8.6 9.5 5.0 2.5 2 1 2 1 1
-5315.4 4776.3 0.7 79 0 10.5 10.8 5.0 2.5 2 1 2 4 4
-51.7 1934.0 2.5 80 0 6.8 12.0 7.5 2.5 2 1 3 3 3
-254.6 1767.0 0.9 86 0 14.5 10.0 5.0 2.5 2 0 2 1 1
-299.3 1860.4 0.9 171 0 14.7 18.2 10.0 2.5 2 1 4 3 3
-655.2 1764.4 -0.5 353 0 8.0 11.1 5.0 2.5 2 1 2 3 3
2463.9 5295.0 -1.8 69 0 13.7 29.3 10.5 3.5 2 1 3 0 0
2503.5 5272.8 -2.0 250 0 20.6 24.7 10.5 3.5 2 1 3 2 2
2646.0 5160.2 -0.9 341 0 23.9 11.7 10.5 3.5 4 0 3 5 5
2596.7 4991.3 -1.4 249 0 9.2 24.2 10.5 3.5 2 1 3 1 1
2372.6 5262.2 -2.6 70 0 11.6 59.0 14.0 3.5 2 1 4 2 2
2351.8 5491.2 -0.3 354 0 13.6 15.1 14.0 3.5 2 1 4 5 5
2394.6 5470.7 -0.5 341 0 9.9 22.0 10.5 3.5 2 1 3 2 2
2675.8 5080.0 -1.7 342 0 9.6 17.5 10.5 3.5 2 1 3 5 5
2467.8 5194.0 -2.8 68 0 10.1 55.8 10.5 3.5 2 1 3 4 4
2487.2 4556.4 -0.6 91 0 12.3 14.7 14.0 3.5 2 1 4 3 3
2534.5 4723.1 -1.0 172 0 15.4 17.7 14.0 3.5 2 1 4 4 4
2580.6 5033.7 -0.8 68 0 8.8 12.6 5.0 2.5 2 1 2 0 0
2549.6 4934.8 -1.4 68 0 23.1 26.6 10.5 3.5 2 1 3 4 4
2312.8 5011.3 -4.9 67 0 57.2 43.6 14.0 0.0 0 0 4 1 1
2560.4 4604.7 -0.8 179 0 8.8 13.7 10.5 3.5 2 1 3 4 4
2589.3 4406.7 -0.2 181 0 7.9 16.5 5.0 2.5 2 1 2 2 2
2629.2 4648.7 -1.0 354 0 9.3 9.1 10.5 3.5 4 0 3 2 2
2746.0 4623.3 -0.6 86 0 12.3 11.7 14.0 3.5 2 0 4 5 5
2779.9 4843.5 -0.4 351 0 11.0 12.1 10.0 2.5 2 1 4 2 2
2756.7 4757.8 -0.7 74 0 20.6 34.6 7.5 0.0 0 1 3 5 5
2774.6 4978.9 -0.4 339 0 14.8 19.9 10.5 3.5 2 1 3 1 1
2643.3 4787.1 -0.9 77 0 12.6 12.8 7.5 2.5 2 1 3 2 2
1732.0 4509.3 1.2 161 0 17.2 15.1 7.5 2.5 2 0 3 4 4
1895.0 4550.8 -1.0 77 0 14.7 13.8 14.0 3.5 2 0 4 3 3
1670.5 5012.9 1.6 354 0 10.6 11.6 7.5 2.5 2 1 3 0 0
1816.8 4830.6 0.8 349 0 12.5 18.5 5.0 2.5 2 1 2 0 0
1712.7 4820.5 -0.6 339 0 32.0 12.5 10.0 2.5 4 0 4 3 3
1991.0 5441.8 -1.2 157 0 11.2 11.2 2.5 2.5 2 1 1 2 2
2089.6 5451.0 -1.2 249 0 9.9 10.6 10.5 3.5 4 1 3 3 3
1697.3 5114.4 -0.5 178 0 19.1 14.2 10.0 2.5 2 0 4 1 1
1626.6 5283.2 0.7 160 0 21.5 9.6 7.5 2.5 2 0 3 1 1
2142.0 4464.9 1.0 251 0 19.8 11.2 14.0 3.5 2 0 4 2 2
2227.1 4548.5 -0.2 254 0 12.5 8.3 10.5 3.5 2 0 3 5 5
2376.4 4482.0 0.4 175 0 8.8 16.4 7.5 2.5 2 1 3 1 1
2052.0 4886.8 -0.7 175 0 12.5 12.5 10.5 3.5 2 1 3 2 2
-3601.8 6827.5 -10.6 254 0 11.8 13.7 7.5 2.5 2 1 3 5 5
-3734.1 6830.5 -11.2 268 0 15.9 16.5 7.5 2.5 2 1 3 3 3
-773.9 6768.0 1.1 179 0 9.0 9.6 2.5 2.5 2 1 1 2 2
-617.4 6796.4 0.5 353 0 7.8 9.6 2.5 2.5 2 1 1 4 4
-610.8 6761.9 2.0 347 0 10.5 11.4 5.0 0.0 0 1 2 2 2
-558.0 6772.9 1.8 346 0 9.3 11.9 2.5 2.5 4 1 1 4 4
-459.4 6812.4 0.5 91 0 9.8 12.5 7.5 2.5 2 1 3 2 2
-354.7 6821.0 0.9 179 0 8.2 6.7 5.0 2.5 4 0 2 5 5
-376.0 6818.1 0.8 359 0 8.1 6.5 7.5 0.0 0 0 3 1 1
-384.6 6791.7 1.6 345 0 8.9 7.8 2.5 2.5 2 0 1 1 1
-261.3 6800.6 1.7 165 0 6.9 8.5 7.5 2.5 2 1 3 2 2
-239.3 6789.9 2.4 347 0 4.4 7.0 5.0 2.5 4 1 2 5 5
-188.7 6837.6 1.4 356 0 24.9 21.1 7.5 2.5 2 0 3 4 4
-149.9 6803.6 2.0 346 0 13.0 15.8 5.0 2.5 2 1 2 1 1
-69.7 6778.8 3.4 166 0 10.6 10.9 2.5 2.5 2 1 1 5 5
-57.3 6811.5 2.2 259 0 17.7 16.9 10.0 2.5 2 0 4 4 4
19.4 6791.4 2.9 78 0 10.9 13.6 5.0 0.0 0 1 2 4 4
81.0 6792.4 3.4 348 0 15.6 12.1 5.0 2.5 4 0 2 1 1
56.9 6807.8 2.5 163 0 16.6 11.8 5.0 2.5 2 0 2 1 1
138.8 6831.4 2.5 257 0 12.0 14.3 7.5 2.5 4 1 3 3 3
168.1 6842.7 2.5 352 0 10.4 12.5 10.0 2.5 2 1 4 4 4
267.5 6795.3 3.6 76 0 11.9 14.6 5.0 2.5 2 1 2 3 3
354.2 6794.6 4.7 253 0 6.8 13.9 5.0 2.5 2 1 2 0 0
372.5 6798.5 4.5 251 0 12.1 8.6 7.5 2.5 2 0 3 2 2
289.0 6818.0 3.2 342 0 7.9 10.4 7.5 2.5 2 1 3 4 4
2065.3 5042.4 -3.3 344 0 38.9 12.1 14.0 3.5 2 0 4 0 0
2298.2 4778.2 -0.3 71 0 11.8 17.8 10.5 3.5 2 0 3 3 3
2339.4 4769.8 -0.6 74 0 15.7 11.7 10.5 3.5 2 0 3 1 1
2361.7 4798.1 -0.9 72 0 17.6 24.2 10.5 3.5 2 1 3 4 4
2606.3 4689.5 -1.0 352 0 14.9 19.6 14.0 3.5 2 1 4 2 2
-5620.3 6119.7 -10.8 333 0 11.5 7.8 7.5 2.5 2 0 3 0 0
-5668.0 6138.4 -12.1 336 0 9.1 8.3 5.0 2.5 2 0 2 4 4
-5676.6 6156.5 -13.2 249 0 8.3 11.3 5.0 2.5 2 1 2 3 3
-5618.2 6081.7 -10.4 345 0 6.0 5.3 7.5 2.5 2 0 3 3 3
-5581.2 5965.9 -8.7 160 0 9.1 16.5 5.0 2.5 2 1 2 4 4
-5600.1 5921.1 -8.8 346 0 7.0 9.3 2.5 2.5 2 1 1 5 5
-5617.1 5894.4 -8.8 257 0 5.4 11.5 2.5 2.5 2 1 1 2 2
-5642.7 5864.9 -9.0 169 0 7.5 7.5 5.0 2.5 2 0 2 0 0
-5615.2 5820.3 -8.2 84 0 7.5 8.5 7.5 2.5 2 1 3 3 3
-5573.2 5806.1 -7.4 346 0 5.4 11.3 2.5 2.5 2 1 1 3 3
-5658.7 5811.7 -8.9 265 0 7.2 5.6 2.5 2.5 2 0 1 1 1
-5593.6 5651.0 -6.4 163 0 10.0 12.6 7.5 2.5 4 1 3 2 2
-5569.3 5696.0 -6.4 344 0 13.8 9.3 7.5 2.5 2 0 3 5 5
-5610.7 5639.2 -6.5 244 0 10.7 11.3 2.5 0.0 0 1 1 1 1
-5690.6 5693.9 -6.6 331 0 11.8 9.1 5.0 2.5 4 0 2 2 2
-5736.5 5653.3 -4.6 268 0 6.4 11.0 5.0 2.5 2 1 2 0 0
-5745.8 5648.4 -4.3 270 0 7.4 8.2 2.5 2.5 2 1 1 3 3
-5616.2 5589.6 -5.1 67 0 11.5 7.8 2.5 2.5 2 0 1 1 1
-5680.9 5585.2 -3.9 80 0 14.0 16.9 7.5 2.5 2 1 3 1 1
-5785.4 5623.9 -3.7 261 0 30.5 43.0 12.5 0.0 0 1 5 5 5
-5731.8 5560.1 -2.4 341 0 46.8 12.5 10.0 0.0 0 0 4 0 0
-5937.1 5679.8 -6.3 166 0 12.2 47.9 7.5 0.0 0 1 3 2 2
-5879.7 5579.0 -3.3 256 0 14.0 13.9 10.0 2.5 4 0 4 2 2
-6041.6 5587.5 -6.5 349 0 12.2 17.5 5.0 0.0 0 1 2 4 4
-6046.4 5605.3 -7.0 346 0 13.3 16.7 2.5 2.5 2 1 1 3 3
-6021.0 5644.5 -6.5 76 0 11.5 13.6 7.5 2.5 2 1 3 4 4
-6007.4 5650.8 -6.3 74 0 10.6 11.5 10.0 2.5 2 1 4 1 1
-5989.7 5654.9 -6.2 249 0 16.9 12.1 5.0 2.5 2 0 2 2 2
-5990.6 5662.7 -6.7 77 0 13.8 12.6 5.0 2.5 2 0 2 2 2
-6092.1 5652.6 -8.0 259 0 12.5 20.7 10.0 2.5 2 1 4 3 3
-6029.9 5681.2 -7.1 163 0 9.8 6.9 7.5 2.5 2 0 3 2 2
-6025.2 5697.0 -7.5 168 0 8.9 8.3 5.0 2.5 2 0 2 4 4
-6019.9 5606.2 -5.7 164 0 12.3 11.4 2.5 2.5 2 0 1 4 4
-6076.8 5629.4 -7.5 167 0 7.3 9.9 2.5 2.5 2 1 1 1 1
-6068.8 5651.2 -7.8 224 0 7.2 7.5 2.5 2.5 2 1 1 5 5
-6135.2 5642.8 -9.0 160 0 11.1 14.6 5.0 0.0 0 1 2 1 1
-6241.0 5608.7 -9.5 326 0 10.6 4.6 5.0 2.5 2 0 2 4 4
-6174.3 5671.4 -10.6 176 0 10.3 12.8 2.5 2.5 2 0 1 4 4
-6344.7 5561.6 -5.9 169 0 12.7 9.2 7.5 2.5 2 0 3 0 0
-3650.3 6816.6 -10.6 244 0 10.7 14.1 7.5 2.5 2 1 3 2 2
-3735.6 6786.8 -10.5 68 0 12.6 11.4 2.5 2.5 2 0 1 5 5
-3774.6 6814.1 -11.0 245 0 11.0 10.2 5.0 2.5 2 0 2 0 0
-3785.4 6781.5 -10.5 161 0 14.7 11.7 5.0 2.5 2 0 2 5 5
-5713.1 5509.9 -1.2 352 0 40.8 26.7 12.5 0.0 0 0 5 1 1
-5832.9 5450.4 -0.2 84 0 47.1 19.7 7.5 2.5 2 0 3 4 4
-5805.0 5443.3 0.1 85 0 13.3 15.3 5.0 2.5 2 1 2 4 4
-5629.5 5543.2 -3.1 357 0 15.2 18.4 10.0 2.5 2 1 4 2 2
-5689.7 5435.5 0.8 85 0 14.1 13.0 7.5 2.5 2 0 3 1 1
-5804.5 5397.5 1.4 265 0 16.1 17.4 10.0 2.5 2 1 4 3 3
-5789.0 5400.1 1.4 263 0 8.2 15.1 5.0 2.5 2 1 2 3 3
-5834.4 5403.5 1.6 256 0 9.7 21.5 2.5 2.5 2 0 1 5 5
-5888.4 5385.2 0.9 267 0 19.0 12.2 7.5 2.5 2 0 3 0 0
-6715.1 5188.5 -0.8 255 0 18.9 13.7 12.5 2.5 2 0 5 2 2
-6458.5 5278.9 -0.6 347 0 18.5 32.2 10.0 0.0 0 1 4 2 2
-6519.3 5408.9 0.0 167 0 13.2 19.7 10.0 2.5 2 1 4 1 1
-6643.4 5404.6 -3.8 74 0 21.2 13.5 10.0 2.5 2 0 4 1 1
-6356.1 5129.0 -0.5 262 0 20.5 17.5 5.0 2.5 2 0 2 2 2
-6381.0 5131.6 0.1 262 0 16.8 16.8 15.0 0.0 0 0 6 0 0
-6294.9 5339.7 -0.6 178 0 15.5 17.3 7.5 2.5 2 0 3 0 0
-6230.2 5309.7 -1.0 334 0 15.6 30.0 10.0 2.5 2 1 4 5 5
-6433.9 5479.8 -0.2 270 0 14.3 17.2 2.5 2.5 2 1 1 5 5
-6316.1 5343.1 -0.6 166 0 10.0 18.9 7.5 2.5 2 0 3 3 3
-6428.0 5202.6 -0.5 339 0 13.9 44.6 10.0 2.5 2 1 4 0 0
-6758.5 5348.2 -5.9 237 0 15.9 16.0 7.5 2.5 2 1 3 2 2
-6331.7 5228.8 -2.0 72 0 20.3 12.9 7.5 0.0 0 0 3 3 3
-6235.5 5085.8 -0.8 81 0 23.7 17.4 7.5 2.5 2 0 3 1 1
-6289.4 5115.5 -0.8 173 0 15.0 17.8 12.5 2.5 2 1 5 3 3
-6751.5 5175.7 -1.1 164 0 10.3 22.8 2.5 2.5 2 1 1 5 5
-6549.6 5158.0 -1.3 340 0 27.0 12.0 10.0 2.5 4 0 4 3 3
-6408.7 5113.6 0.3 252 0 18.6 15.1 7.5 2.5 2 0 3 4 4
-6404.6 5164.5 0.1 164 0 27.8 11.9 10.0 2.5 2 0 4 1 1
-6410.7 5235.1 -0.2 163 0 11.3 18.0 7.5 2.5 2 1 3 4 4
-6432.4 5281.8 0.2 163 0 14.4 16.7 5.0 2.5 2 0 2 3 3
-6392.6 5265.9 -0.8 164 0 14.5 19.1 7.5 2.5 2 1 3 2 2
-6295.6 5540.8 -5.6 1 0 15.4 13.2 10.0 2.5 2 0 4 0 0
-6188.2 5347.8 -0.3 91 0 14.1 8.9 7.5 2.5 2 0 3 2 2
-6181.2 5314.9 -0.9 248 0 19.0 13.5 7.5 2.5 2 0 3 3 3
-6268.5 5169.3 -2.1 257 0 15.6 14.1 5.0 2.5 2 0 2 2 2
-6317.1 5172.3 -1.6 248 0 13.5 16.0 5.0 2.5 2 1 2 1 1
-6532.7 4980.8 -1.7 263 0 16.5 14.0 5.0 2.5 2 0 2 5 5
-6500.3 4984.8 -1.3 266 0 14.7 11.0 5.0 2.5 2 0 2 4 4
-6525.5 5118.3 -1.8 74 0 15.9 18.5 10.0 0.0 0 1 4 3 3
-6608.5 5181.3 -0.9 343 0 15.3 16.9 10.0 2.5 2 1 4 2 2
-6540.0 5294.0 -0.5 264 0 23.4 14.8 12.5 0.0 0 0 5 1 1
-6482.0 5352.2 -0.2 166 0 14.6 20.5 7.5 2.5 2 1 3 4 4
-6694.8 5222.0 -0.6 203 0 16.3 18.1 7.5 2.5 2 1 3 1 1
-6557.6 5115.4 -2.2 72 0 15.0 17.2 7.5 2.5 4 1 3 2 2
-6633.7 5098.8 -2.9 87 0 23.2 18.2 10.0 2.5 2 0 4 0 0
-6339.6 5203.3 -1.6 76 0 18.9 15.0 7.5 2.5 2 0 3 0 0
-6308.1 5084.3 -0.6 171 0 17.6 22.5 5.0 2.5 2 1 2 0 0
-6322.3 5342.9 -0.8 350 0 21.9 16.6 15.0 0.0 0 0 6 2 2
-6160.8 5359.1 -0.1 90 0 15.4 17.5 7.5 2.5 2 1 3 4 4
-6224.6 5264.3 -1.2 230 0 15.4 17.7 2.5 2.5 2 1 1 3 3
-6203.3 5216.2 -0.9 175 0 12.0 18.2 2.5 2.5 4 1 1 2 2
-6714.3 5085.3 -1.1 80 0 13.2 13.5 7.5 2.5 2 1 3 1 1
-6692.6 5047.2 -1.4 74 0 15.9 14.4 2.5 2.5 2 0 1 2 2
-6719.1 5028.3 -1.7 255 0 34.2 27.7 7.5 2.5 4 0 3 5 5
-5859.4 5321.0 1.0 268 0 13.3 11.9 2.5 2.5 2 0 1 3 3
-5868.7 5255.0 1.8 58 0 13.5 12.7 7.5 2.5 2 0 3 4 4
-5859.0 5230.7 2.0 343 0 10.4 18.5 5.0 2.5 2 1 2 0 0
-5901.5 5259.5 1.7 166 0 11.1 14.2 7.5 0.0 0 1 3 5 5
-5795.8 5284.1 2.0 345 0 9.1 11.2 5.0 2.5 2 1 2 3 3
-5749.5 5323.6 2.0 87 0 10.2 23.1 7.5 2.5 2 0 3 5 5
-3158.1 57.0 2.4 246 0 11.9 8.4 7.5 2.5 2 0 3 2 2
-3083.8 22.6 0.5 251 0 7.7 9.9 7.5 2.5 2 1 3 3 3
-3131.4 155.5 2.1 247 0 9.0 12.0 7.5 2.5 2 1 3 1 1
-3151.5 122.9 2.2 68 0 8.0 8.1 2.5 0.0 0 1 1 2 2
-3002.3 64.5 1.9 340 0 8.8 6.3 5.0 2.5 2 0 2 4 4
-3032.2 129.7 2.0 250 0 10.5 20.3 5.0 2.5 2 1 2 0 0
-3012.5 6.1 -0.4 71 0 13.1 10.0 2.5 2.5 4 0 1 5 5
-2739.1 165.8 0.6 70 0 11.3 7.8 5.0 2.5 2 0 2 2 2
-2736.9 238.8 0.6 251 0 4.1 11.4 5.0 2.5 2 1 2 2 2
-2658.6 305.4 -1.7 348 0 8.8 8.4 2.5 2.5 2 0 1 4 4
-2634.9 312.0 -2.6 340 0 16.1 16.5 10.0 2.5 4 1 4 4 4
-2596.2 236.6 -4.5 162 0 14.9 21.3 7.5 2.5 2 1 3 0 0
-2617.9 299.6 -3.4 162 0 9.5 9.6 7.5 2.5 2 1 3 4 4
-2580.7 391.3 -4.2 340 0 12.5 17.9 2.5 2.5 2 1 1 0 0
-2658.6 416.2 -2.0 163 0 8.9 10.3 5.0 0.0 0 1 2 5 5
-2597.0 427.2 -3.7 340 0 12.4 13.1 10.0 2.5 2 1 4 5 5
-2737.3 369.4 0.3 160 0 7.0 16.2 5.0 2.5 2 1 2 5 5
-2691.2 373.2 -0.7 337 0 15.9 13.0 5.0 0.0 0 0 2 1 1
-2680.3 411.3 -1.0 338 0 10.8 10.9 2.5 2.5 4 1 1 3 3
-2492.1 336.9 -5.7 67 0 5.7 7.7 5.0 2.5 2 1 2 0 0
-2532.4 290.7 -5.9 75 0 11.6 6.5 5.0 2.5 2 0 2 0 0
-2468.1 397.5 -5.2 344 0 8.6 12.2 7.5 2.5 2 1 3 1 1
-2459.4 425.2 -4.8 67 0 15.1 10.9 7.5 2.5 2 0 3 1 1
-2475.5 469.7 -4.3 162 0 16.8 16.7 7.5 2.5 2 0 3 0 0
-2373.5 430.3 -5.3 344 0 9.1 13.1 5.0 2.5 2 1 2 4 4
-2372.2 485.2 -4.7 343 0 10.7 25.7 7.5 0.0 0 1 3 1 1
-2437.3 577.2 -3.3 257 0 17.2 17.5 7.5 2.5 4 1 3 5 5
-2352.1 492.4 -4.6 73 0 8.3 11.7 7.5 2.5 2 1 3 1 1
-2290.9 556.8 -4.5 343 0 11.8 16.2 5.0 2.5 2 1 2 0 0
-2209.9 510.4 -4.8 338 0 14.2 13.8 5.0 2.5 2 0 2 2 2
-2261.4 518.5 -5.1 160 0 12.0 12.1 5.0 0.0 0 1 2 2 2
-2186.0 639.1 -3.0 158 0 8.3 12.1 7.5 2.5 4 1 3 2 2
-2141.1 646.4 -3.2 359 0 9.2 14.0 2.5 0.0 0 1 1 0 0
-2055.6 564.6 -5.0 68 0 7.7 7.3 5.0 2.5 2 0 2 3 3
-2136.6 599.3 -3.9 78 0 13.0 17.3 5.0 2.5 2 1 2 2 2
-2090.4 645.5 -3.8 253 0 11.6 17.2 2.5 0.0 0 1 1 0 0
-2085.2 677.8 -3.2 177 0 12.4 6.5 2.5 2.5 2 0 1 3 3
-1995.0 630.6 -4.6 259 0 10.6 7.7 2.5 2.5 2 0 1 3 3
-1960.6 592.9 -5.2 74 0 9.3 11.8 5.0 2.5 2 1 2 4 4
-1916.9 623.2 -5.1 342 0 11.3 10.2 5.0 2.5 2 0 2 0 0
-1877.7 681.0 -3.6 73 0 12.4 8.2 7.5 2.5 2 0 3 4 4
-1902.3 559.2 -6.3 249 0 11.5 9.8 5.0 2.5 2 0 2 3 3
-1756.3 630.0 -4.5 73 0 12.9 17.3 7.5 2.5 2 1 3 5 5
-1719.8 785.8 -1.2 254 0 15.4 16.2 5.0 2.5 2 1 2 3 3
-1760.8 737.7 -2.1 250 0 10.2 8.9 7.5 2.5 2 0 3 5 5
-1684.6 731.9 -3.3 252 0 18.4 20.2 10.0 2.5 2 1 4 1 1
-1654.3 723.4 -3.4 347 0 13.5 13.5 7.5 2.5 2 1 3 4 4
-1550.1 879.0 -1.2 255 0 12.1 24.0 12.5 2.5 2 1 5 0 0
-1504.6 874.7 -1.1 71 0 8.1 11.8 2.5 2.5 2 1 1 1 1
-1518.3 964.1 1.2 165 0 12.1 13.8 5.0 2.5 2 1 2 3 3
-1392.9 822.5 -4.0 72 0 13.2 16.4 5.0 0.0 0 1 2 1 1
-1386.4 938.5 -1.5 261 0 16.8 15.8 10.0 2.5 2 0 4 0 0
-1416.6 885.5 -2.3 168 0 17.6 10.7 7.5 2.5 2 0 3 2 2
-1335.7 870.3 -3.5 76 0 14.1 11.2 10.0 2.5 2 0 4 1 1
-1372.0 1017.7 -1.4 165 0 19.5 14.8 7.5 2.5 2 0 3 1 1
-1353.9 1059.8 -1.5 347 0 12.5 14.8 5.0 2.5 2 1 2 0 0
-1352.6 1080.0 -1.5 350 0 16.9 14.4 7.5 2.5 2 0 3 5 5
-1440.7 1120.2 0.6 87 0 27.9 15.6 10.0 2.5 2 0 4 5 5
-1321.4 1185.4 -2.4 79 0 15.7 18.6 12.5 2.5 2 1 5 4 4
-5952.0 5187.0 1.4 161 0 9.7 14.4 5.0 2.5 2 1 2 0 0
-5921.7 5214.7 1.6 159 0 10.2 22.0 2.5 2.5 2 1 1 0 0
-5959.4 5277.3 1.3 174 0 12.6 12.3 7.5 2.5 2 0 3 5 5
-6744.4 5035.8 -1.6 74 0 18.3 15.9 10.0 2.5 2 0 4 5 5
-6477.4 5133.7 -1.0 74 0 17.2 22.8 7.5 2.5 2 1 3 1 1
-6586.7 5306.6 -0.2 165 0 14.5 11.6 5.0 2.5 2 0 2 3 3
-6667.4 5320.3 -2.3 348 0 10.7 16.1 5.0 2.5 2 1 2 0 0
-6460.2 5149.5 -0.5 81 0 15.4 12.2 10.0 2.5 2 0 4 0 0
-6446.5 5135.4 -0.3 81 0 15.1 12.6 7.5 2.5 2 0 3 1 1
-6446.3 5316.4 0.2 161 0 11.1 13.1 5.0 2.5 4 1 2 1 1
-6436.2 5295.2 0.3 165 0 13.6 16.7 5.0 2.5 2 0 2 1 1
-6313.1 5484.4 -2.4 266 0 13.5 17.6 2.5 2.5 2 1 1 1 1
-6481.5 5416.7 0.1 164 0 13.2 13.7 7.5 2.5 2 1 3 4 4
-6371.0 5490.7 -1.7 267 0 13.3 17.4 5.0 2.5 2 1 2 2 2
-6218.3 5316.6 -0.7 73 0 15.0 14.4 2.5 2.5 2 0 1 2 2
-6206.4 5352.4 -0.3 67 0 11.3 21.5 5.0 2.5 2 1 2 3 3
-6412.0 5162.4 0.1 347 0 22.6 15.7 10.0 0.0 0 0 4 5 5
-6537.5 5501.3 -3.1 246 0 11.5 11.2 2.5 2.5 2 0 1 5 5
-6620.8 5449.8 -4.2 346 0 14.5 15.9 5.0 2.5 2 1 2 3 3
-6641.6 5257.3 -0.4 256 0 15.3 14.5 5.0 2.5 2 0 2 0 0
-6768.2 5188.6 -2.6 342 0 17.0 15.0 12.5 2.5 2 0 5 4 4
-6423.1 5041.3 0.1 358 0 16.0 14.9 2.5 2.5 4 0 1 2 2
-5994.3 5295.1 0.8 356 0 17.8 14.1 7.5 2.5 2 0 3 3 3
-5986.0 5373.2 -0.6 266 0 19.1 12.6 7.5 2.5 2 0 3 0 0
-6022.5 5409.0 -2.3 81 0 11.0 13.0 5.0 2.5 2 1 2 5 5
-6018.5 5390.8 -1.7 78 0 7.9 10.9 2.5 2.5 4 1 1 5 5
-6000.9 5388.6 -2.2 88 0 11.9 17.2 2.5 2.5 2 1 1 5 5
-5975.6 5402.8 -2.2 86 0 29.0 12.4 12.5 2.5 2 0 5 3 3
-5969.9 5415.7 -2.1 82 0 13.0 16.4 10.0 2.5 2 0 4 4 4
-5979.1 5427.8 -2.7 87 0 29.6 16.9 12.5 2.5 2 0 5 0 0
-5944.9 5411.3 -1.5 83 0 18.3 30.0 10.0 2.5 2 1 4 0 0
-6046.7 5403.7 -2.3 90 0 10.8 12.9 5.0 2.5 2 1 2 1 1
-6076.6 5546.6 -5.8 255 0 19.9 20.3 7.5 2.5 2 1 3 4 4
-6007.0 5548.6 -4.6 167 0 11.7 25.0 7.5 2.5 2 1 3 0 0
-5895.9 5446.1 -0.1 79 0 13.2 11.7 7.5 2.5 2 0 3 1 1
-5879.5 5556.1 -2.7 245 0 9.9 10.0 5.0 2.5 2 1 2 1 1
-6164.7 5445.1 -3.0 259 0 12.9 12.8 5.0 2.5 2 0 2 4 4
-6097.2 5374.8 -1.3 90 0 11.1 15.5 5.0 2.5 4 1 2 3 3
-6153.1 5458.9 -4.1 180 0 10.7 14.9 5.0 2.5 2 1 2 0 0
-6159.1 5530.6 -6.8 175 0 7.8 13.0 2.5 0.0 0 1 1 2 2
-6148.2 5561.5 -7.8 265 0 24.3 10.8 10.0 2.5 2 0 4 5 5
-6156.8 5506.6 -6.0 180 0 13.2 12.2 2.5 2.5 2 0 1 0 0
-6066.8 5425.3 -3.1 83 0 24.9 11.1 10.0 2.5 4 0 4 4 4
-5965.0 5511.1 -2.8 242 0 13.1 9.2 5.0 0.0 0 0 2 2 2
-5931.0 5514.9 -2.0 275 0 16.3 10.8 7.5 2.5 2 0 3 4 4
-6730.6 4949.9 -1.4 166 0 8.6 7.7 5.0 2.5 2 0 2 1 1
-6726.8 4890.0 -1.0 160 0 12.6 13.5 2.5 2.5 2 1 1 3 3
-6668.7 4930.3 -0.9 163 0 5.3 14.9 2.5 2.5 2 1 1 1 1
-6643.9 4923.0 -0.6 152 0 5.3 10.1 7.5 2.5 2 1 3 1 1
-6630.0 4895.4 -0.4 162 0 6.1 10.1 7.5 2.5 2 1 3 4 4
-6591.5 4924.5 -0.3 256 0 5.6 12.5 5.0 2.5 2 1 2 0 0
-6563.8 4902.6 0.1 256 0 11.4 7.4 5.0 2.5 2 0 2 5 5
-6573.3 4960.8 -0.6 253 0 7.3 8.8 7.5 2.5 2 1 3 5 5
-6511.3 4906.3 -0.3 348 0 9.8 10.6 7.5 2.5 2 1 3 4 4
-6523.7 4875.9 0.4 345 0 9.3 11.6 7.5 2.5 4 1 3 2 2
-6494.4 4867.0 0.5 348 0 10.4 13.2 5.0 2.5 2 1 2 2 2
-6475.8 4866.0 0.1 348 0 16.9 13.1 5.0 2.5 2 0 2 4 4
-6451.1 4921.7 -0.3 356 0 12.2 9.5 5.0 2.5 2 0 2 2 2
-6416.2 4953.9 0.4 345 0 5.9 7.4 7.5 2.5 2 1 3 4 4
-6368.4 4912.6 1.3 337 0 10.3 9.5 5.0 2.5 2 0 2 3 3
-6368.2 4865.8 1.0 344 0 7.2 26.4 2.5 2.5 2 1 1 1 1
-6372.6 4873.4 1.1 343 0 7.6 16.8 2.5 2.5 2 1 1 1 1
-6376.3 4888.7 1.0 343 0 10.0 16.6 7.5 2.5 2 1 3 4 4
-6344.7 4886.6 1.8 260 0 15.3 14.1 2.5 2.5 2 0 1 2 2
-6353.4 4932.6 1.5 346 0 8.5 13.0 5.0 2.5 2 1 2 2 2
-6305.7 4927.5 1.5 255 0 9.9 8.0 2.5 0.0 0 0 1 1 1
-6283.6 4867.4 2.0 341 0 8.6 5.6 5.0 2.5 2 0 2 2 2
-6272.0 4907.7 1.3 338 0 9.8 9.8 5.0 2.5 4 1 2 2 2
-6254.4 4917.1 1.1 339 0 15.3 12.1 5.0 2.5 2 0 2 3 3
-6213.0 4851.3 2.0 252 0 11.9 12.0 5.0 2.5 2 1 2 0 0
-6238.6 4840.2 2.0 250 0 9.2 8.1 7.5 2.5 4 0 3 5 5
-6290.7 4796.9 2.8 344 0 9.7 11.3 2.5 2.5 2 1 1 2 2
-6249.5 4785.0 2.5 256 0 13.2 24.0 10.0 2.5 2 1 4 3 3
-6166.5 4724.4 3.3 342 0 10.9 11.8 10.0 2.5 2 1 4 0 0
-6182.5 4705.7 3.4 345 0 10.6 11.9 2.5 2.5 2 1 1 3 3
-6211.7 4679.1 3.4 80 0 12.6 10.4 2.5 2.5 2 0 1 4 4
-6221.6 4638.0 3.9 78 0 11.6 9.2 5.0 2.5 2 0 2 5 5
-6270.6 4641.5 3.4 74 0 12.0 12.2 5.0 2.5 2 1 2 5 5
-6292.5 4659.8 3.0 68 0 9.8 8.5 5.0 2.5 2 0 2 4 4
-6244.7 4588.1 4.0 78 0 7.5 5.7 7.5 2.5 2 0 3 3 3
-6231.7 4567.4 4.3 78 0 11.3 8.4 5.0 2.5 2 0 2 1 1
-6178.0 4539.8 4.8 75 0 8.5 11.1 7.5 0.0 0 1 3 1 1
-6197.4 4478.7 4.6 345 0 8.0 21.9 7.5 2.5 2 1 3 0 0
-6224.9 4493.3 4.6 345 0 5.0 6.7 5.0 2.5 2 1 2 0 0
-6200.6 4430.8 3.8 87 0 6.4 7.2 7.5 2.5 2 1 3 3 3
-6204.1 4404.2 2.6 164 0 7.2 10.3 2.5 2.5 2 1 1 0 0
-6173.3 4370.6 1.6 64 0 11.0 10.3 5.0 2.5 2 0 2 5 5
-6161.7 4360.6 1.1 337 0 6.6 10.7 7.5 2.5 2 1 3 1 1
-6300.0 4420.7 1.8 72 0 9.0 8.6 5.0 2.5 2 0 2 1 1
-6342.0 4371.0 0.0 175 0 7.5 9.7 7.5 2.5 2 1 3 4 4
-6332.4 4482.9 1.9 72 0 11.5 12.9 2.5 2.5 2 1 1 5 5
-6432.2 4443.7 -0.9 165 0 15.5 9.6 5.0 2.5 2 0 2 5 5
-6419.0 4492.4 0.2 168 0 8.7 9.4 2.5 2.5 4 1 1 2 2
-6381.7 4495.7 1.1 164 0 8.5 8.2 5.0 2.5 2 0 2 5 5
-6345.7 4506.6 2.0 78 0 13.5 9.9 7.5 2.5 2 0 3 5 5
-6364.3 4555.9 2.4 160 0 13.3 15.7 7.5 2.5 2 1 3 1 1
-6346.4 4544.0 2.7 164 0 10.1 9.7 2.5 2.5 2 0 1 4 4
-6308.9 4444.1 1.9 75 0 8.6 6.9 7.5 2.5 2 0 3 2 2
-6325.7 4592.5 3.7 343 0 5.7 8.9 7.5 2.5 2 1 3 2 2
-6356.0 4626.5 3.3 169 0 8.1 10.6 5.0 2.5 2 1 2 3 3
-6315.8 4800.2 2.3 346 0 16.1 15.0 2.5 2.5 2 0 1 0 0
-6304.4 4845.7 2.5 348 0 7.9 12.0 7.5 2.5 2 1 3 5 5
-6330.3 4845.0 2.1 345 0 9.0 9.2 5.0 2.5 2 1 2 5 5
-6348.7 4822.5 1.8 347 0 7.6 6.8 7.5 2.5 2 0 3 1 1
-6354.0 4833.1 1.7 342 0 9.3 6.3 5.0 2.5 2 0 2 4 4
-6378.5 4814.9 1.1 341 0 8.6 10.4 5.0 2.5 2 1 2 2 2
-6379.1 4835.2 1.1 277 0 8.4 12.7 5.0 2.5 2 1 2 1 1
1530.4 6782.4 2.2 80 0 17.4 13.1 2.5 2.5 4 0 1 4 4
-6026.9 5325.4 0.2 0 0 15.3 14.2 5.0 2.5 2 0 2 0 0
-6107.0 5142.6 0.3 180 0 12.5 12.4 2.5 2.5 2 0 1 2 2
-6100.0 5204.6 -0.0 349 0 8.2 10.4 5.0 2.5 2 1 2 0 0
-6077.8 5066.2 0.9 75 0 14.2 15.8 2.5 2.5 2 1 1 1 1
-6160.6 5094.1 -0.2 168 0 14.7 13.7 5.0 2.5 2 0 2 1 1
-6163.3 5111.3 -0.1 172 0 8.9 11.5 5.0 2.5 2 1 2 2 2
-6157.4 5132.0 -0.0 172 0 12.9 14.0 10.0 2.5 2 0 4 1 1
-5984.6 5084.0 1.6 357 0 13.4 15.6 5.0 2.5 2 1 2 3 3
-5995.9 5175.7 1.0 347 0 15.9 14.8 10.0 2.5 4 0 4 5 5
-6012.8 5233.3 0.6 353 0 10.6 15.9 5.0 2.5 2 1 2 3 3
-6131.5 4975.7 1.2 342 0 12.3 22.9 10.0 2.5 2 1 4 5 5
-6143.1 5114.0 0.2 172 0 14.4 14.0 10.0 2.5 2 0 4 2 2
-5953.9 5106.3 1.9 161 0 13.7 17.8 2.5 2.5 2 1 1 3 3
-5988.2 5193.0 1.1 160 0 9.8 13.5 7.5 2.5 2 1 3 3 3
-5998.3 5248.2 0.9 176 0 16.7 8.3 5.0 2.5 2 0 2 4 4
-6032.1 5035.1 1.6 168 0 12.7 18.2 7.5 2.5 2 1 3 1 1
-5982.1 5025.0 2.0 78 0 14.4 12.2 2.5 2.5 2 0 1 3 3
-5931.9 5108.5 2.0 163 0 13.7 15.8 5.0 2.5 2 1 2 3 3
-5813.9 5160.6 2.7 346 0 8.8 13.7 2.5 2.5 2 1 1 4 4
-5754.7 5109.2 3.5 76 0 17.3 17.8 7.5 2.5 2 1 3 4 4
-5781.7 5113.5 3.2 85 0 10.7 15.5 7.5 2.5 2 1 3 2 2
-6580.2 5326.7 -0.1 350 0 13.3 14.5 5.0 2.5 2 1 2 5 5
-6715.3 5355.4 -5.0 334 0 18.0 13.0 7.5 2.5 2 0 3 1 1
-6633.6 5160.0 -1.4 72 0 12.8 10.1 7.5 2.5 2 0 3 0 0
-6354.8 5377.9 -0.3 84 0 16.2 17.6 10.0 2.5 2 1 4 4 4
-6250.8 5499.1 -4.1 266 0 12.5 9.4 5.0 0.0 0 0 2 0 0
-6154.9 5472.5 -4.7 171 0 8.4 14.3 7.5 2.5 2 1 3 0 0
-6250.9 5204.9 -1.9 246 0 9.5 11.3 7.5 2.5 2 1 3 0 0
-6299.4 5177.1 -1.9 247 0 11.1 16.6 10.0 2.5 2 1 4 4 4
-6256.5 5236.7 -1.7 218 0 13.0 12.3 5.0 2.5 2 0 2 0 0
-6383.5 5250.0 -0.8 156 0 11.6 11.5 5.0 2.5 2 0 2 0 0
-6401.8 5137.1 0.3 253 0 13.7 14.3 5.0 2.5 2 1 2 2 2
-6391.3 5025.5 0.8 270 0 9.7 8.9 5.0 2.5 2 0 2 0 0
-6246.0 5113.3 -1.3 85 0 22.2 13.1 7.5 2.5 2 0 3 2 2
-6203.9 5114.8 -1.4 64 0 12.2 8.9 7.5 2.5 2 0 3 3 3
-6225.0 5144.4 -1.8 68 0 13.9 11.2 7.5 2.5 2 0 3 3 3
-6181.6 5229.7 -0.8 178 0 15.4 15.5 7.5 2.5 2 1 3 5 5
-6188.3 5277.4 -0.9 253 0 11.8 11.3 10.0 2.5 2 0 4 4 4
-6188.2 5187.3 -0.6 170 0 10.6 12.6 7.5 2.5 2 1 3 1 1
-6280.7 5198.1 -2.6 225 0 7.6 11.1 7.5 2.5 2 1 3 0 0
-6356.4 5174.9 -1.1 71 0 23.3 13.1 7.5 2.5 2 0 3 0 0
-6445.7 5076.5 -0.3 342 0 10.3 12.1 7.5 2.5 4 1 3 2 2
-6462.6 4889.4 -0.5 356 0 14.3 15.2 5.0 2.5 2 1 2 1 1
-6556.1 4861.0 0.3 159 0 17.0 14.0 7.5 2.5 2 0 3 5 5
-6875.8 4824.9 -2.9 150 0 16.7 15.9 10.0 2.5 4 0 4 1 1
-6845.7 5164.9 -4.5 254 0 14.5 15.1 7.5 2.5 2 1 3 3 3
-6812.9 4870.9 -2.9 69 0 16.7 11.3 2.5 2.5 2 0 1 5 5
-6582.5 4930.1 -0.3 252 0 17.9 18.3 10.0 2.5 2 1 4 2 2
-6741.2 4663.4 -4.7 152 0 16.4 16.3 12.5 2.5 2 0 5 0 0
-6590.7 4596.0 -2.6 249 0 24.2 13.7 10.0 2.5 2 0 4 2 2
-6611.8 4630.7 -2.2 163 0 13.2 18.7 7.5 2.5 2 1 3 3 3
-6848.5 4732.1 -5.4 340 0 17.6 20.6 7.5 2.5 2 1 3 5 5
-6886.0 4436.7 -11.3 174 0 24.8 17.7 7.5 2.5 2 0 3 0 0
-6292.8 4599.0 3.9 81 0 6.5 6.5 5.0 2.5 2 1 2 2 2
-6294.1 4773.7 3.0 244 0 10.0 14.7 2.5 2.5 2 1 1 0 0
-6217.7 4738.3 3.0 250 0 12.4 10.1 10.0 2.5 2 0 4 0 0
-6475.0 4688.1 1.8 194 0 9.9 15.7 7.5 2.5 2 1 3 2 2
-6476.2 4713.6 1.9 157 0 12.8 14.7 7.5 2.5 2 1 3 1 1
-6447.0 4726.7 2.0 160 0 9.3 9.5 5.0 2.5 2 1 2 2 2
-6460.2 4834.3 0.8 337 0 11.9 12.6 10.0 2.5 2 1 4 3 3
-6433.6 4853.0 0.0 351 0 14.5 18.9 7.5 2.5 2 1 3 1 1
-6504.3 4791.9 1.2 165 0 14.8 7.2 7.5 2.5 2 0 3 0 0
-6508.9 4674.5 0.9 163 0 6.2 8.9 5.0 2.5 4 1 2 5 5
-6530.5 4682.3 0.5 162 0 10.3 14.8 10.0 2.5 2 1 4 5 5
-6503.4 4733.0 1.5 161 0 12.1 10.3 5.0 2.5 2 0 2 5 5
-6453.4 4551.4 0.2 81 0 11.6 7.1 7.5 2.5 2 0 3 0 0
-6458.3 4429.9 -1.7 156 0 12.1 8.7 5.0 2.5 2 0 2 3 3
-6479.3 4414.7 -2.7 332 0 10.5 10.0 5.0 2.5 2 0 2 1 1
-6410.4 4364.6 -1.6 83 0 9.9 10.4 7.5 2.5 2 1 3 0 0
-6462.7 4355.4 -3.3 338 0 15.3 14.2 5.0 2.5 2 0 2 0 0
-6521.2 4490.9 -2.4 346 0 8.3 7.0 2.5 0.0 0 0 1 0 0
-6669.6 4416.3 -6.9 163 0 25.4 13.7 7.5 2.5 2 0 3 5 5
-6680.8 4482.0 -6.1 162 0 14.7 15.1 7.5 2.5 2 1 3 1 1
-6636.8 4464.7 -5.4 85 0 10.0 10.2 7.5 2.5 2 1 3 3 3
-6656.1 4492.3 -5.4 162 0 14.5 10.1 5.0 0.0 0 0 2 4 4
-6698.5 4478.7 -6.6 166 0 6.2 10.7 2.5 0.0 0 1 1 5 5
-6747.5 4521.3 -7.1 164 0 13.6 12.5 5.0 2.5 4 0 2 4 4
-6748.8 4555.4 -6.9 258 0 17.7 14.9 10.0 2.5 4 0 4 2 2
-6689.7 4586.2 -4.7 161 0 13.6 9.1 7.5 2.5 2 0 3 2 2
-6665.3 4553.8 -4.7 164 0 11.4 9.9 5.0 2.5 2 0 2 0 0
-6652.8 4527.0 -4.9 248 0 8.4 7.8 7.5 2.5 2 0 3 5 5
-6644.8 4615.8 -3.5 251 0 17.8 14.2 10.0 2.5 2 0 4 4 4
-6596.4 4651.1 -1.5 161 0 11.0 8.1 2.5 2.5 2 0 1 3 3
-6622.2 4663.5 -1.9 162 0 12.1 16.0 7.5 0.0 0 1 3 0 0
-6558.3 4655.8 -0.6 170 0 11.2 13.2 5.0 2.5 2 1 2 5 5
-6573.2 4685.8 -0.5 164 0 14.9 11.0 2.5 2.5 2 0 1 5 5
-6634.8 4715.0 -1.5 170 0 11.8 14.0 7.5 2.5 4 1 3 1 1
-6638.1 4733.5 -1.2 167 0 12.4 17.3 10.0 2.5 4 1 4 1 1
-6632.8 4768.1 -0.7 80 0 11.6 15.3 5.0 2.5 2 1 2 0 0
-6596.7 4781.2 0.4 75 0 8.5 15.0 5.0 2.5 2 1 2 3 3
-6643.8 4792.2 -0.5 69 0 10.9 14.4 2.5 2.5 4 1 1 5 5
-6654.0 4784.0 -0.9 67 0 10.9 12.1 10.0 2.5 2 1 4 3 3
-6688.6 4829.3 -0.9 168 0 6.4 6.0 5.0 2.5 2 0 2 0 0
-6639.2 4820.3 0.1 160 0 6.1 8.7 5.0 2.5 2 1 2 0 0
-6616.2 4827.5 0.1 60 0 7.1 8.7 7.5 2.5 2 1 3 3 3
-6668.6 4836.5 -0.3 157 0 12.2 9.7 7.5 2.5 4 0 3 3 3
-6633.0 4856.3 -0.1 164 0 8.5 8.0 5.0 2.5 2 0 2 3 3
-6641.8 4885.7 -0.4 166 0 6.6 6.5 5.0 2.5 2 0 2 3 3
-6721.2 4808.0 -2.1 251 0 4.7 10.4 7.5 2.5 2 1 3 1 1
-6753.5 4746.7 -3.8 230 0 3.8 7.3 2.5 2.5 2 1 1 0 0
-6709.2 4871.0 -0.8 163 0 13.0 12.3 5.0 2.5 2 0 2 4 4
-6762.1 4706.5 -4.6 166 0 11.1 6.6 5.0 2.5 2 0 2 0 0
-6736.3 4667.6 -4.5 155 0 11.6 12.2 7.5 2.5 2 1 3 5 5
-6465.0 4487.7 -1.2 73 0 16.4 16.9 7.5 2.5 2 1 3 0 0
-6476.6 4537.6 -0.6 84 0 15.4 13.4 7.5 0.0 0 0 3 2 2
-6496.9 4491.9 -1.8 71 0 11.1 15.9 5.0 2.5 2 1 2 5 5
-6215.7 4334.4 -0.5 156 0 27.4 19.8 12.5 2.5 2 0 5 2 2
-6584.2 4123.2 -11.9 73 0 24.6 32.7 10.0 0.0 0 1 4 5 5
-6530.2 4185.4 -9.0 75 0 23.8 16.5 10.0 2.5 2 0 4 3 3
-6845.5 4663.5 -7.1 157 0 26.8 30.1 7.5 0.0 0 1 3 1 1
-6860.9 4753.6 -4.6 338 0 12.6 10.5 5.0 2.5 2 0 2 2 2
-6839.2 4900.0 -1.9 241 0 8.7 10.6 2.5 0.0 0 1 1 0 0
-6899.5 4678.2 -5.8 170 0 15.1 15.2 5.0 2.5 2 1 2 5 5
-6908.1 4695.3 -5.2 169 0 15.0 16.2 5.0 2.5 2 1 2 2 2
-6856.3 4486.4 -10.4 250 0 15.4 14.9 2.5 0.0 0 0 1 1 1
-6901.5 4398.5 -12.0 175 0 18.4 17.5 10.0 0.0 0 0 4 1 1
-6901.6 4248.7 -14.9 174 0 6.6 10.4 2.5 2.5 2 1 1 5 5
-6750.0 4022.1 -14.6 161 0 15.4 20.0 10.0 2.5 2 1 4 3 3
-6714.4 4048.1 -14.5 254 0 27.2 20.8 5.0 2.5 2 0 2 0 0
-6721.8 4135.8 -13.0 172 0 22.7 23.8 10.0 2.5 2 1 4 5 5
-6640.1 4115.1 -13.1 164 0 31.4 26.6 10.0 0.0 0 0 4 0 0
-6617.4 4096.3 -13.9 255 0 41.6 12.8 10.0 2.5 2 0 4 4 4
-6573.4 4089.2 -13.8 254 0 24.0 18.6 10.0 2.5 4 0 4 3 3
-6610.4 4171.1 -10.6 164 0 29.0 15.9 12.5 0.0 0 0 5 4 4
-6578.9 4199.9 -9.7 256 0 21.7 21.6 10.0 2.5 2 0 4 5 5
-6640.2 4202.3 -9.5 159 0 16.7 11.8 5.0 2.5 2 0 2 3 3
-6628.1 4238.7 -8.3 343 0 16.9 14.2 2.5 0.0 0 0 1 1 1
-6661.7 4250.1 -8.7 163 0 13.7 12.0 10.0 2.5 2 0 4 5 5
-6452.9 4240.4 -7.0 343 0 26.6 30.7 10.0 0.0 0 1 4 5 5
-6491.6 4087.6 -12.7 342 0 16.2 10.7 5.0 0.0 0 0 2 0 0
-6452.9 4062.2 -13.0 170 0 14.2 18.0 7.5 2.5 2 1 3 2 2
-6437.5 4123.6 -10.6 164 0 16.9 27.2 12.5 2.5 2 1 5 2 2
-6435.6 4329.8 -2.7 169 0 20.0 26.4 15.0 0.0 0 1 6 0 0
-6399.4 4351.4 -1.8 264 0 18.0 13.3 5.0 2.5 2 0 2 4 4
-6358.3 4245.2 -5.1 80 0 27.5 29.3 12.5 0.0 0 0 5 2 2
-6376.9 4281.4 -3.9 178 0 13.0 20.8 10.0 2.5 2 0 4 3 3
-6383.8 4167.0 -8.7 270 0 18.8 12.9 10.0 0.0 0 0 4 3 3
-6331.8 4179.1 -8.0 257 0 18.8 20.3 10.0 2.5 2 1 4 4 4
-6284.7 4190.4 -6.5 158 0 13.4 12.4 5.0 2.5 2 0 2 1 1
-6179.5 4222.7 -5.2 344 0 38.2 29.0 10.0 0.0 0 0 4 2 2
-6701.4 3737.6 -12.7 340 0 8.6 5.9 7.5 2.5 2 0 3 5 5
-6674.7 3779.6 -14.1 176 0 14.8 17.3 10.0 2.5 2 1 4 2 2
-6635.8 3853.4 -14.3 251 0 9.4 7.5 7.5 2.5 2 0 3 5 5
-6605.0 3838.9 -14.2 259 0 18.4 15.2 7.5 2.5 2 0 3 4 4
-6569.5 3921.1 -14.2 248 0 19.3 32.1 10.0 0.0 0 1 4 4 4
-6555.3 3815.3 -14.1 344 0 29.1 17.1 5.0 2.5 2 0 2 1 1
-6686.1 3688.5 -11.0 349 0 12.9 11.9 10.0 2.5 2 0 4 2 2
-6666.3 3697.4 -11.2 159 0 14.8 17.1 10.0 2.5 2 1 4 5 5
-6654.0 3655.4 -9.4 164 0 7.5 10.3 5.0 2.5 2 1 2 5 5
-1654.6 669.9 -4.7 69 0 14.0 14.3 5.0 2.5 2 1 2 2 2
-5398.4 -211.0 -8.5 75 0 12.0 12.0 5.0 2.5 2 1 2 3 3
-5473.8 -113.2 -5.4 252 0 13.3 15.2 7.5 2.5 2 1 3 1 1
-5361.5 -75.9 -4.8 256 0 27.5 47.9 12.5 0.0 0 1 5 4 4
-5323.8 -67.0 -3.0 247 0 12.2 12.8 5.0 2.5 2 1 2 3 3
-5165.7 -117.2 -8.8 68 0 17.9 43.7 12.5 2.5 2 1 5 2 2
-5089.1 22.5 -2.2 78 0 13.8 21.3 10.0 2.5 2 1 4 3 3
-5105.3 -10.8 -4.2 247 0 13.2 19.7 10.0 0.0 0 1 4 2 2
-5197.6 31.7 -1.7 251 0 9.6 19.5 5.0 2.5 2 1 2 2 2
-5179.1 -14.0 -2.4 76 0 19.0 14.1 10.0 2.5 2 0 4 1 1
-5099.0 226.9 -1.4 267 0 18.4 18.0 5.0 2.5 2 0 2 5 5
-5149.0 234.5 -1.4 71 0 16.1 10.9 7.5 2.5 2 0 3 3 3
-5151.9 306.2 -1.5 161 0 20.3 15.8 7.5 2.5 2 0 3 5 5
-5114.2 255.7 -1.4 78 0 25.4 20.0 10.0 2.5 2 0 4 4 4
-5242.9 126.2 -1.5 81 0 16.5 18.6 10.0 2.5 4 1 4 3 3
-5273.8 141.2 -1.5 259 0 16.0 15.7 10.0 0.0 0 0 4 2 2
-5178.5 194.6 -1.4 247 0 19.5 21.4 7.5 2.5 2 1 3 3 3
-5224.8 266.4 -1.5 338 0 17.6 14.7 10.0 2.5 2 0 4 0 0
-5278.1 244.1 -1.5 67 0 14.6 24.6 7.5 2.5 2 1 3 4 4
-5084.7 264.8 -1.4 78 0 11.9 17.1 2.5 2.5 2 1 1 2 2
-5090.9 288.5 -1.4 69 0 15.9 14.2 2.5 2.5 2 0 1 1 1
-5052.7 246.0 -1.4 260 0 14.0 21.0 7.5 2.5 2 1 3 2 2
-5023.2 274.0 -1.4 75 0 20.0 10.9 7.5 2.5 2 0 3 2 2
-4973.3 301.5 -1.3 337 0 11.3 8.9 5.0 2.5 2 0 2 5 5
-5065.2 546.7 -1.5 336 0 16.4 13.0 2.5 2.5 2 0 1 3 3
-4974.6 364.6 -1.1 154 0 16.2 13.3 2.5 2.5 2 0 1 3 3
-4981.9 384.5 -1.1 158 0 14.2 15.9 5.0 2.5 2 1 2 4 4
-4860.1 514.4 1.0 347 0 15.6 11.2 2.5 2.5 2 0 1 5 5
-4884.8 481.0 0.9 70 0 13.8 12.8 5.0 2.5 2 0 2 1 1
-4881.6 279.1 -0.2 267 0 24.6 13.5 7.5 2.5 2 0 3 0 0
-4920.4 276.4 -0.6 268 0 15.7 20.0 7.5 2.5 2 1 3 2 2
-4818.5 298.7 0.2 81 0 8.1 10.8 5.0 2.5 4 1 2 4 4
-4842.3 289.3 0.2 257 0 13.8 10.8 7.5 2.5 2 0 3 5 5
-4810.2 342.5 -0.0 95 0 8.4 5.5 2.5 2.5 2 0 1 1 1
-4928.2 456.8 -0.1 340 0 7.7 10.1 2.5 2.5 2 1 1 4 4
-4972.9 268.8 -1.4 267 0 13.9 11.3 7.5 2.5 2 0 3 2 2
-4948.9 243.2 -1.3 355 0 13.2 15.2 10.0 2.5 2 1 4 4 4
-5077.5 646.2 -1.0 155 0 15.8 18.2 12.5 2.5 2 1 5 5 5
-4951.8 730.9 0.9 76 0 20.7 14.1 10.0 2.5 2 0 4 5 5
-5136.9 580.2 -2.0 260 0 16.9 15.3 10.0 2.5 2 0 4 1 1
-5073.9 602.7 -1.2 148 0 23.6 20.4 10.0 2.5 2 0 4 4 4
-5152.6 711.6 -1.8 341 0 13.9 9.4 5.0 2.5 4 0 2 1 1
-5158.7 730.7 -2.0 337 0 15.1 18.4 10.0 2.5 2 1 4 1 1
-5233.6 519.0 -1.9 68 0 15.1 18.6 10.0 2.5 2 1 4 5 5
-5236.9 605.7 -1.7 169 0 18.0 20.3 7.5 2.5 2 1 3 3 3
-5331.5 530.1 -1.7 344 0 17.3 11.7 2.5 2.5 2 0 1 0 0
-5311.7 488.3 -1.7 88 0 16.6 19.1 7.5 2.5 4 1 3 3 3
-5258.0 507.8 -1.7 72 0 13.8 19.5 7.5 2.5 2 1 3 0 0
-5358.0 457.2 -1.7 78 0 13.9 17.1 7.5 2.5 2 1 3 4 4
-5508.2 650.1 -2.0 328 0 13.6 14.6 7.5 2.5 2 1 3 4 4
-5548.0 437.9 -2.0 159 0 14.0 14.2 7.5 2.5 2 1 3 0 0
-5515.1 442.8 -1.8 64 0 13.7 20.6 10.0 2.5 2 1 4 4 4
-5334.9 166.6 -1.5 78 0 16.4 12.8 5.0 2.5 2 0 2 0 0
-5405.5 210.7 -1.7 338 0 18.8 17.6 7.5 2.5 2 0 3 4 4
-5443.0 128.9 -2.8 252 0 19.2 22.2 10.0 2.5 2 1 4 0 0
-5395.0 96.7 -2.4 67 0 15.1 18.2 7.5 2.5 2 1 3 2 2
2291.7 3865.4 0.6 317 0 16.0 34.2 10.0 2.5 2 0 4 4 4
2380.9 3850.9 0.5 60 0 9.2 45.3 7.5 2.5 2 1 3 5 5
2318.4 3750.0 1.2 245 0 11.7 21.2 2.5 2.5 2 1 1 1 1
2286.6 3714.3 0.2 160 0 15.6 15.5 5.0 2.5 2 0 2 5 5
2299.9 3685.0 0.3 163 0 21.1 17.5 10.0 2.5 2 0 4 1 1
2308.2 3613.4 0.3 178 0 19.2 13.0 2.5 2.5 2 0 1 5 5
2320.9 3570.4 0.5 168 0 12.1 20.6 10.0 2.5 2 1 4 5 5
2270.9 3677.6 0.7 349 0 12.5 14.9 2.5 2.5 2 1 1 2 2
2213.6 3790.9 0.7 324 0 14.6 15.3 5.0 2.5 2 1 2 3 3
2169.4 3515.1 1.7 173 0 7.4 20.9 7.5 2.5 2 1 3 0 0
2172.7 3454.1 1.9 346 0 18.5 28.8 10.0 2.5 2 1 4 2 2
2138.0 3403.1 2.1 77 0 11.1 15.2 2.5 2.5 2 1 1 5 5
2724.4 3646.8 1.5 250 0 16.6 16.0 7.5 2.5 2 0 3 2 2
2557.7 3570.8 1.3 68 0 13.6 13.4 5.0 2.5 2 0 2 4 4
2569.0 3549.0 1.3 255 0 19.6 23.9 7.5 0.0 0 1 3 3 3
2525.3 3545.7 1.2 249 0 15.2 11.4 2.5 2.5 2 0 1 4 4
2529.8 3418.6 1.2 73 0 15.4 15.1 5.0 2.5 2 0 2 5 5
2441.2 3526.7 0.8 66 0 26.2 18.1 10.0 0.0 0 0 4 3 3
2464.2 3518.8 1.0 243 0 15.2 19.6 7.5 2.5 2 1 3 1 1
2474.4 3365.2 1.0 348 0 17.3 13.3 5.0 2.5 2 0 2 4 4
2463.3 3419.6 1.0 75 0 13.9 18.6 2.5 2.5 2 1 1 2 2
2342.4 3262.7 1.5 74 0 19.5 19.8 12.5 2.5 2 1 5 5 5
2434.0 3257.4 0.4 203 0 24.7 14.1 10.0 0.0 0 0 4 3 3
2412.5 3343.9 1.0 352 0 16.7 15.7 10.0 2.5 2 0 4 5 5
2391.7 3190.1 0.9 71 0 17.6 11.2 5.0 2.5 2 0 2 0 0
2179.7 3172.2 2.4 61 0 13.8 13.1 5.0 2.5 2 0 2 1 1
2133.4 3244.5 2.4 155 0 15.8 20.3 7.5 2.5 2 1 3 5 5
1931.9 3441.7 2.2 165 0 19.0 16.3 7.5 2.5 2 0 3 5 5
1692.2 3585.5 1.6 71 0 16.4 17.1 12.5 2.5 2 1 5 3 3
1657.7 3652.7 1.6 162 0 13.9 13.3 5.0 2.5 2 0 2 1 1
1664.2 3527.5 1.5 346 0 12.8 14.9 2.5 2.5 2 1 1 5 5
1759.7 3652.3 2.2 340 0 17.4 11.8 7.5 2.5 4 0 3 1 1
1761.2 3618.7 2.0 360 0 15.1 14.8 2.5 2.5 2 0 1 5 5
2083.1 3571.7 2.0 260 0 14.1 19.9 7.5 2.5 2 1 3 0 0
2029.9 3585.0 2.2 84 0 18.7 13.3 7.5 2.5 2 0 3 4 4
2017.0 3768.6 1.9 72 0 13.0 12.7 5.0 2.5 2 0 2 0 0
1971.8 3770.9 2.0 180 0 14.0 16.1 2.5 2.5 2 1 1 3 3
2167.0 3952.1 -0.3 242 0 13.8 16.3 5.0 2.5 2 1 2 1 1
2123.9 3987.6 0.5 348 0 15.9 19.7 7.5 2.5 4 1 3 0 0
2060.5 4009.4 1.1 252 0 12.9 20.3 10.0 2.5 2 1 4 5 5
2242.3 3991.7 1.5 243 0 16.3 12.0 2.5 2.5 2 0 1 2 2
2272.8 4005.4 0.8 272 0 12.0 14.0 2.5 2.5 2 1 1 1 1
1641.6 4019.8 2.6 77 0 13.2 15.9 2.5 2.5 2 1 1 3 3
1653.8 4031.2 2.7 80 0 13.7 21.2 7.5 2.5 2 1 3 2 2
1697.9 4036.3 2.5 74 0 11.8 14.0 2.5 2.5 2 1 1 1 1
1697.1 4092.5 2.5 255 0 10.7 23.3 2.5 2.5 2 1 1 4 4
1663.3 4138.4 2.5 333 0 10.6 21.7 10.0 2.5 2 1 4 5 5
1621.5 4139.0 2.7 164 0 18.3 13.2 7.5 2.5 2 0 3 0 0
1662.1 4167.5 2.5 255 0 12.2 7.5 2.5 2.5 2 0 1 1 1
1641.0 4264.8 2.5 87 0 15.3 14.8 7.5 2.5 2 0 3 0 0
1649.5 4307.4 2.4 330 0 15.2 15.1 7.5 2.5 2 0 3 0 0
1627.5 4348.1 2.4 159 0 10.1 11.5 5.0 2.5 2 1 2 0 0
1777.0 4345.1 1.3 341 0 11.4 16.1 5.0 2.5 4 1 2 2 2
1809.9 4153.8 2.0 335 0 10.5 30.9 10.0 2.5 2 1 4 0 0
1772.5 4109.0 2.2 156 0 15.7 19.6 7.5 2.5 2 1 3 1 1
1715.4 4227.4 2.2 255 0 17.4 15.2 7.5 2.5 2 0 3 1 1
1804.5 4245.7 1.5 251 0 22.3 22.2 10.0 2.5 2 0 4 5 5
1809.6 4037.6 2.2 153 0 13.5 15.1 2.5 2.5 2 1 1 0 0
1837.6 4123.8 1.9 265 0 10.7 13.4 5.0 0.0 0 1 2 0 0
1824.5 4095.2 2.0 248 0 16.9 17.0 7.5 2.5 2 1 3 2 2
1880.9 4115.6 1.6 345 0 13.8 18.1 7.5 2.5 2 1 3 3 3
1946.1 4233.4 1.1 150 0 15.0 20.9 10.0 2.5 2 1 4 0 0
1997.2 4278.9 0.2 334 0 16.0 21.7 7.5 2.5 2 1 3 3 3
2029.4 4185.0 0.5 335 0 15.9 21.0 7.5 2.5 2 1 3 2 2
2074.9 4286.0 -1.1 65 0 21.0 15.9 14.0 3.5 2 0 4 5 5
2077.7 4093.4 0.4 335 0 15.9 21.0 7.5 2.5 2 1 3 3 3
1957.8 4018.9 1.3 245 0 21.7 15.9 10.0 2.5 2 0 4 0 0
1944.3 3991.4 1.7 65 0 21.0 15.9 10.0 2.5 2 0 4 5 5
1956.8 4177.4 1.1 245 0 21.7 15.9 7.5 2.5 4 0 3 4 4
2134.3 4231.4 0.3 150 0 15.0 20.9 10.5 0.0 0 1 3 2 2
2196.1 4285.8 0.7 245 0 21.7 15.9 10.5 3.5 2 0 3 2 2
2177.8 4280.7 1.4 248 0 8.2 12.8 10.5 0.0 0 1 3 3 3
2257.4 4177.1 0.1 158 0 16.4 14.5 5.0 2.5 2 0 2 2 2
2574.2 4181.8 0.5 240 0 17.9 12.0 10.5 3.5 2 0 3 1 1
2597.3 4194.6 0.3 252 0 20.6 16.6 10.5 3.5 2 0 3 2 2
2513.8 3974.3 1.2 338 0 14.3 15.7 14.0 3.5 4 1 4 3 3
2555.3 4248.0 0.3 155 0 14.1 19.9 14.0 3.5 2 1 4 4 4
2623.2 4254.7 -0.2 344 0 15.8 19.6 14.0 3.5 2 1 4 4 4
2671.3 4342.0 -0.4 245 0 19.9 14.1 14.0 3.5 2 0 4 3 3
2723.3 4343.7 -0.6 344 0 15.8 19.6 14.0 3.5 2 1 4 5 5
2692.3 4269.8 -0.3 65 0 18.7 14.1 14.0 3.5 2 0 4 4 4
2685.8 4199.0 -0.0 245 0 19.9 14.1 10.5 3.5 2 0 3 4 4
2622.8 3798.1 1.6 344 0 15.8 19.6 7.5 2.5 2 1 3 0 0
2576.1 3701.3 1.4 65 0 18.7 14.1 10.0 2.5 2 0 4 5 5
2472.5 3741.7 0.9 65 0 18.7 14.1 10.0 2.5 4 0 4 3 3
2504.9 3632.4 1.0 344 0 15.8 19.6 7.5 2.5 2 1 3 0 0
2382.7 3560.2 0.8 245 0 19.9 14.1 10.0 2.5 2 0 4 3 3
2471.2 3600.4 1.0 155 0 14.1 19.9 7.5 2.5 2 1 3 2 2
2549.3 3840.3 1.4 245 0 19.9 14.1 7.5 2.5 2 0 3 2 2
2703.8 3670.7 1.5 65 0 18.7 14.1 12.5 2.5 2 0 5 0 0
2683.9 3647.8 1.7 65 0 18.7 14.1 10.0 2.5 2 0 4 2 2
2663.6 3479.5 1.7 344 0 15.8 19.6 7.5 0.0 0 1 3 5 5
2707.5 3437.6 2.2 155 0 14.1 19.9 12.5 2.5 2 1 5 3 3
2665.3 3337.7 1.7 65 0 18.7 14.1 7.5 2.5 2 0 3 3 3
2741.7 3354.1 2.3 65 0 18.7 14.1 10.0 2.5 2 0 4 4 4
2601.1 3317.7 1.5 65 0 18.7 14.1 10.0 2.5 2 0 4 0 0
2707.4 3216.9 2.5 344 0 15.8 19.6 10.0 2.5 2 1 4 3 3
2756.6 3272.8 2.5 245 0 19.9 14.1 7.5 2.5 2 0 3 5 5
2725.5 3172.9 2.8 344 0 15.8 19.6 7.5 2.5 2 1 3 4 4
2608.3 3194.4 2.6 155 0 14.1 19.9 7.5 2.5 2 1 3 4 4
2531.7 3331.5 1.2 344 0 15.8 19.6 10.0 2.5 2 1 4 2 2
2592.6 3463.7 1.4 245 0 19.9 14.1 10.0 2.5 2 0 4 5 5
2517.7 3458.4 1.1 344 0 15.8 19.6 7.5 2.5 2 1 3 3 3
2403.0 3488.3 0.8 245 0 19.9 14.1 15.0 0.0 0 0 6 0 0
2404.0 3411.1 0.8 155 0 14.1 19.9 7.5 2.5 4 1 3 3 3
2391.8 3444.6 0.7 155 0 14.1 19.9 10.0 2.5 4 1 4 0 0
1734.2 3219.9 2.1 245 0 19.9 14.1 10.0 2.5 2 0 4 3 3
1713.6 3306.8 2.0 344 0 15.8 19.6 7.5 2.5 2 1 3 0 0
1828.7 3262.2 1.6 245 0 19.9 14.1 7.5 2.5 2 0 3 3 3
1673.8 3274.8 2.5 65 0 18.7 14.1 7.5 2.5 2 0 3 2 2
1675.0 3328.5 2.3 344 0 15.8 19.6 10.0 2.5 2 1 4 4 4
1644.6 3407.0 2.2 65 0 18.7 14.1 10.0 2.5 2 0 4 0 0
1613.9 3307.2 2.9 155 0 14.1 19.9 7.5 2.5 4 1 3 0 0
1651.3 3208.2 3.0 245 0 19.9 14.1 5.0 2.5 2 0 2 1 1
1680.5 3198.2 2.8 245 0 19.9 14.1 10.0 2.5 2 0 4 5 5
1894.7 3592.3 2.3 245 0 19.9 14.1 7.5 2.5 2 0 3 5 5
1971.7 3497.7 2.6 245 0 19.9 14.1 10.0 0.0 0 0 4 5 5
1719.6 3871.9 2.5 245 0 19.9 14.1 10.0 2.5 2 0 4 0 0
1756.4 3880.7 2.4 245 0 19.9 14.1 7.5 2.5 2 0 3 3 3
1806.0 3883.6 2.6 245 0 19.9 14.1 7.5 2.5 2 0 3 3 3
1887.1 3893.0 2.2 245 0 19.9 14.1 10.0 2.5 2 0 4 5 5
1970.9 3930.6 1.8 344 0 15.8 19.6 7.5 0.0 0 1 3 2 2
1927.6 3825.8 2.1 65 0 18.7 14.1 7.5 2.5 2 0 3 1 1
1857.3 3667.5 2.3 245 0 19.9 14.1 7.5 0.0 0 0 3 4 4
1960.3 3886.9 1.9 344 0 15.8 19.6 10.0 2.5 2 1 4 3 3
2034.2 3953.6 1.1 155 0 14.1 19.9 7.5 2.5 2 1 3 0 0
2180.5 3773.2 1.1 245 0 19.9 14.1 7.5 2.5 2 0 3 2 2
2066.5 4032.5 1.0 65 0 18.7 14.1 10.0 2.5 4 0 4 2 2
2103.6 3705.3 1.6 65 0 18.7 14.1 12.5 2.5 2 0 5 4 4
1891.0 3659.2 2.5 65 0 18.7 14.1 7.5 2.5 2 0 3 5 5
1882.8 3734.2 2.6 344 0 15.8 19.6 15.0 0.0 0 1 6 3 3
1863.3 3807.4 2.4 245 0 19.9 14.1 7.5 2.5 2 0 3 1 1
1819.2 3746.0 2.3 155 0 14.1 19.9 10.0 2.5 2 1 4 4 4
1990.6 3826.3 1.9 245 0 19.9 14.1 7.5 2.5 2 0 3 3 3
2036.5 3513.5 2.3 65 0 18.7 14.1 7.5 2.5 2 0 3 0 0
1939.9 3578.9 2.6 65 0 18.7 14.1 7.5 2.5 2 0 3 0 0
1801.8 3561.1 2.2 155 0 14.1 19.9 7.5 2.5 2 1 3 5 5
1828.6 3641.4 2.3 155 0 14.1 19.9 7.5 2.5 2 1 3 1 1
1837.8 3418.8 1.9 245 0 19.9 14.1 10.0 2.5 2 0 4 4 4
2090.6 4018.4 0.7 245 0 19.9 14.1 7.5 2.5 2 0 3 5 5
2030.8 4027.7 1.1 65 0 18.7 14.1 7.5 2.5 2 0 3 0 0
2134.8 3842.4 1.1 65 0 18.7 14.1 12.5 2.5 2 0 5 4 4
2244.2 4130.8 0.5 155 0 14.1 19.9 7.5 2.5 2 1 3 3 3
2418.7 4207.1 0.8 245 0 19.9 14.1 14.0 3.5 2 0 4 0 0
2409.5 4155.3 0.7 155 0 14.1 19.9 14.0 3.5 2 1 4 4 4
2438.5 4137.6 0.8 65 0 18.7 14.1 14.0 3.5 2 0 4 1 1
2441.8 4119.1 0.8 65 0 18.7 14.1 14.0 3.5 4 0 4 3 3
2430.2 4072.6 0.7 245 0 19.9 14.1 14.0 3.5 2 0 4 2 2
2435.9 4098.9 0.8 245 0 19.9 14.1 14.0 3.5 2 0 4 5 5
2405.9 4060.9 0.6 245 0 19.9 14.1 14.0 3.5 2 0 4 4 4
2407.0 4025.6 0.6 65 0 18.7 14.1 14.0 3.5 2 0 4 3 3
2385.0 4005.8 0.5 65 0 18.7 14.1 14.0 0.0 0 0 4 4 4
2347.4 4008.2 0.4 155 0 14.1 19.9 14.0 3.5 2 1 4 5 5
2466.9 4340.4 0.4 245 0 19.9 14.1 14.0 3.5 2 0 4 5 5
2788.4 4120.0 -0.4 65 0 18.7 14.1 7.5 2.5 2 0 3 0 0
2785.8 4231.8 -0.5 65 0 18.7 14.1 10.0 2.5 2 0 4 2 2
-6105.6 4408.4 0.9 249 0 10.1 54.9 7.5 2.5 4 1 3 4 4
-6081.0 4400.3 1.3 250 0 19.1 15.6 5.0 2.5 2 0 2 0 0
-6044.5 4376.2 0.4 67 0 38.7 10.0 7.5 2.5 2 0 3 5 5
-6080.7 4421.3 2.0 244 0 38.7 7.2 7.5 2.5 2 0 3 4 4
-5997.9 4406.6 0.4 65 0 10.7 20.7 10.0 2.5 2 1 4 3 3
-5952.9 4475.6 1.6 240 0 16.7 11.0 2.5 2.5 2 0 1 1 1
-6048.5 4426.2 0.8 245 0 8.1 31.7 7.5 2.5 2 0 3 3 3
-6053.5 4413.6 0.9 248 0 10.1 21.8 5.0 2.5 2 0 2 2 2
-6043.9 4440.6 1.9 248 0 29.9 10.1 10.0 2.5 2 0 4 1 1
-6150.3 4376.3 1.7 334 0 7.8 13.1 7.5 2.5 2 1 3 0 0
-6139.2 4436.9 4.0 77 0 7.7 7.3 5.0 2.5 2 0 2 2 2
-5929.2 4532.0 3.6 67 0 13.4 13.5 2.5 2.5 2 1 1 4 4
-5911.2 4555.0 4.1 74 0 15.3 14.6 7.5 2.5 2 0 3 2 2
-5888.5 4553.1 3.6 74 0 11.4 26.8 12.5 2.5 2 1 5 3 3
-5880.2 4537.1 2.2 250 0 16.8 19.4 7.5 2.5 2 1 3 0 0
-5837.3 4458.1 -0.5 68 0 12.2 23.2 12.5 2.5 2 1 5 5 5
-5812.8 4510.5 0.8 80 0 17.1 14.3 7.5 2.5 2 0 3 1 1
-5809.7 4567.5 2.5 249 0 6.6 8.4 2.5 2.5 2 1 1 0 0
-5858.3 4708.6 4.9 174 0 14.0 16.0 5.0 2.5 2 1 2 1 1
-5843.2 4682.7 5.1 71 0 8.6 16.0 7.5 2.5 2 1 3 3 3
-5948.1 4632.5 5.2 163 0 7.6 17.9 2.5 2.5 2 1 1 3 3
-5951.5 4704.8 4.6 253 0 14.5 16.7 5.0 2.5 2 1 2 1 1
-5972.9 4680.2 4.7 252 0 15.8 14.5 5.0 0.0 0 0 2 0 0
-6010.1 4684.3 4.4 343 0 14.4 13.7 7.5 2.5 2 0 3 3 3
-6022.6 4743.1 3.8 342 0 12.7 12.8 5.0 2.5 2 1 2 5 5
-6129.0 4654.6 4.1 356 0 11.8 12.2 5.0 2.5 2 1 2 5 5
-6082.1 4675.6 4.1 354 0 11.2 12.9 5.0 2.5 2 1 2 1 1
-6078.6 4642.3 4.4 354 0 13.5 16.5 10.0 0.0 0 1 4 3 3
-6094.2 4627.3 4.5 347 0 15.0 11.5 5.0 2.5 2 0 2 0 0
-6096.2 4830.5 2.8 254 0 11.0 16.2 5.0 2.5 2 1 2 2 2
-6039.7 4811.7 3.1 346 0 17.2 15.6 10.0 2.5 2 0 4 1 1
-6102.8 4716.0 3.7 70 0 12.0 9.1 5.0 2.5 4 0 2 1 1
-6119.1 4816.3 2.8 252 0 13.0 16.6 5.0 2.5 2 1 2 2 2
-6122.9 4826.9 2.6 254 0 15.0 8.8 2.5 2.5 2 0 1 5 5
-6129.1 4843.1 2.4 348 0 14.2 19.6 7.5 2.5 4 1 3 4 4
-6000.4 4956.3 2.3 257 0 29.6 19.7 10.0 2.5 2 0 4 3 3
-6048.7 4879.3 2.5 173 0 15.3 15.5 7.5 2.5 2 1 3 1 1
-5961.6 4896.4 3.0 81 0 9.6 10.9 5.0 2.5 2 1 2 5 5
-5875.1 4870.1 3.9 259 0 7.5 18.4 7.5 2.5 2 1 3 3 3
-5831.0 4772.5 4.7 349 0 11.6 20.1 12.5 2.5 2 1 5 5 5
-5824.1 4778.5 4.9 170 0 10.4 11.6 5.0 2.5 2 1 2 0 0
-5791.7 4727.8 5.4 70 0 5.7 17.3 2.5 2.5 2 1 1 0 0
-5821.3 4701.2 5.3 58 0 7.8 6.4 5.0 2.5 2 0 2 1 1
-5778.5 4528.9 0.6 349 0 18.5 15.7 12.5 2.5 2 0 5 1 1
-5787.2 4388.3 -4.2 266 0 6.3 10.8 5.0 2.5 2 1 2 1 1
-5706.8 4680.8 4.6 88 0 20.9 13.6 10.0 2.5 2 0 4 5 5
-5706.8 4776.1 4.4 257 0 7.6 18.7 7.5 2.5 2 0 3 4 4
-5697.3 4776.1 4.3 253 0 11.8 9.3 2.5 2.5 2 0 1 4 4
-5663.9 4800.3 3.9 253 0 13.1 13.6 5.0 2.5 2 1 2 0 0
-5618.1 4770.6 3.6 256 0 16.9 14.1 7.5 2.5 2 0 3 3 3
-5790.4 4809.5 5.0 167 0 11.6 19.5 7.5 2.5 2 1 3 3 3
-5756.7 4832.5 4.8 79 0 11.5 11.8 5.0 2.5 2 1 2 2 2
-5765.1 4869.7 4.7 179 0 11.4 11.8 2.5 2.5 2 1 1 5 5
-5799.3 4881.9 4.5 178 0 13.8 11.3 2.5 2.5 2 0 1 3 3
-5781.9 4912.6 4.5 257 0 9.2 15.1 5.0 2.5 2 1 2 0 0
-5655.5 4951.6 3.4 255 0 16.9 14.4 2.5 2.5 2 0 1 5 5
-5601.4 4870.7 3.2 77 0 11.7 14.6 7.5 2.5 2 1 3 4 4
-5628.3 4901.6 3.4 348 0 9.2 12.5 5.0 2.5 2 0 2 5 5
-5590.1 4862.7 3.1 77 0 9.5 12.2 5.0 0.0 0 1 2 2 2
-5622.0 4854.3 3.4 75 0 9.0 13.5 5.0 2.5 2 1 2 5 5
-5635.6 4860.2 3.6 72 0 10.9 18.1 5.0 2.5 2 1 2 4 4
-5741.3 4875.2 4.5 86 0 12.3 14.4 5.0 0.0 0 1 2 0 0
-3737.5 3721.3 -3.2 67 0 21.5 23.2 7.5 2.5 2 1 3 3 3
-3742.6 3670.1 -4.6 165 0 10.3 21.8 7.5 2.5 2 1 3 3 3
-3698.4 3795.4 -1.7 250 0 25.4 27.1 10.0 0.0 0 1 4 0 0
-3741.0 3786.5 -1.6 253 0 14.0 16.9 10.0 2.5 2 1 4 2 2
-3618.0 3901.4 -0.2 158 0 11.4 14.4 5.0 2.5 4 1 2 3 3
-3776.6 3771.9 -1.7 160 0 6.4 27.2 7.5 2.5 2 1 3 4 4
-3527.3 4048.4 0.5 70 0 13.4 15.1 10.0 2.5 2 1 4 5 5
-2542.1 4676.0 4.1 266 0 10.0 10.9 7.5 0.0 0 1 3 3 3
-2533.9 4357.8 6.7 154 0 16.1 16.6 5.0 2.5 2 1 2 0 0
-2534.9 4505.9 5.5 342 0 5.1 9.6 7.5 2.5 2 1 3 0 0
-2508.5 4580.1 5.4 256 0 11.8 16.5 7.5 0.0 0 1 3 0 0
-2476.9 4629.3 5.4 358 0 17.3 13.7 2.5 2.5 2 0 1 2 2
-2523.1 4800.4 3.2 344 0 9.5 18.0 7.5 2.5 4 1 3 5 5
-4848.7 89.8 -4.1 173 0 14.8 7.2 2.5 2.5 2 0 1 2 2
-4805.7 110.2 -4.8 276 0 14.8 17.7 7.5 2.5 2 1 3 3 3
-4868.9 132.2 -2.2 94 0 14.0 8.8 7.5 2.5 2 0 3 3 3
-4915.3 72.2 -3.5 352 0 16.3 11.7 5.0 2.5 2 0 2 4 4
-4715.5 205.5 -3.3 95 0 14.1 10.9 5.0 2.5 2 0 2 1 1
-4754.3 26.1 -8.0 349 0 13.8 11.2 2.5 2.5 2 0 1 1 1
-4816.0 16.0 -6.2 169 0 10.8 8.4 5.0 2.5 2 0 2 0 0
-4925.9 137.2 -2.5 358 0 7.4 14.4 5.0 2.5 2 1 2 0 0
-4959.6 29.0 -3.3 86 0 11.2 14.1 5.0 2.5 4 1 2 1 1
-5039.1 -1.0 -3.8 290 0 8.4 16.2 7.5 2.5 2 1 3 0 0
-4370.2 395.9 -4.0 341 0 11.8 13.9 5.0 2.5 2 1 2 4 4
-4673.4 315.2 -0.8 347 0 16.3 15.2 5.0 2.5 2 0 2 1 1
-4711.3 336.8 0.0 78 0 10.5 11.4 7.5 0.0 0 1 3 5 5
-4693.9 441.3 -0.5 257 0 10.2 9.2 2.5 0.0 0 0 1 1 1
-4695.7 374.7 -0.4 80 0 8.9 12.7 7.5 2.5 2 1 3 3 3
-4500.7 732.0 -0.3 164 0 14.0 16.4 5.0 2.5 2 1 2 5 5
-4510.1 637.0 -0.4 160 0 10.3 13.0 5.0 2.5 2 1 2 4 4
-4459.1 679.6 -0.4 329 0 16.0 14.2 2.5 2.5 2 0 1 2 2
-4435.6 555.3 -1.1 71 0 16.3 13.4 5.0 2.5 2 0 2 4 4
-4433.6 505.3 -1.6 167 0 14.5 12.0 7.5 2.5 2 0 3 2 2
-4503.7 480.0 -0.9 250 0 12.0 17.4 5.0 2.5 2 1 2 3 3
-4540.2 474.8 -0.7 182 0 19.4 14.9 10.0 2.5 2 0 4 0 0
-4531.7 442.9 -0.8 177 0 13.2 19.3 10.0 2.5 2 1 4 5 5
-4487.6 403.8 -1.7 353 0 14.5 16.2 2.5 2.5 2 1 1 1 1
-4529.8 386.2 -1.3 172 0 15.1 16.0 5.0 2.5 2 1 2 4 4
-4435.8 380.9 -3.5 164 0 12.5 17.7 7.5 2.5 2 1 3 3 3
-4650.0 50.3 -8.2 156 0 16.4 9.9 7.5 2.5 2 0 3 0 0
-4612.4 25.8 -9.1 353 0 12.7 17.1 5.0 0.0 0 1 2 4 4
-4549.6 406.1 -0.4 348 0 16.5 17.3 10.0 2.5 2 1 4 0 0
-4565.4 425.0 -0.3 345 0 13.4 17.4 2.5 2.5 2 1 1 1 1
-4572.3 443.2 -0.8 347 0 11.5 19.6 2.5 2.5 2 1 1 1 1
-4598.0 466.8 -1.0 258 0 16.1 16.6 7.5 2.5 2 1 3 1 1
-4755.4 315.0 -0.1 67 0 13.5 15.9 5.0 2.5 2 1 2 2 2
-4694.9 353.5 -0.1 79 0 11.7 10.5 7.5 2.5 2 0 3 1 1
-4650.5 656.8 0.1 334 0 18.0 13.5 5.0 2.5 2 0 2 5 5
-4676.4 583.1 -0.2 156 0 12.9 13.0 5.0 2.5 2 1 2 5 5
-4695.6 653.8 0.3 242 0 10.9 11.3 7.5 2.5 4 1 3 3 3
-4735.7 624.1 0.5 63 0 16.1 17.4 10.0 2.5 2 1 4 0 0
-4793.4 55.8 -6.4 177 0 10.9 12.7 5.0 2.5 2 1 2 2 2
-4873.2 -42.4 -8.7 82 0 16.2 16.0 12.5 2.5 2 0 5 0 0
-5030.1 670.8 -0.4 268 0 11.4 7.9 7.5 2.5 2 0 3 4 4
-5100.8 698.5 -1.0 156 0 13.5 12.2 5.0 2.5 4 0 2 0 0
-5198.2 -75.6 -5.6 255 0 6.9 7.0 7.5 2.5 2 1 3 0 0
-5156.1 -38.4 -4.3 247 0 14.5 8.9 7.5 2.5 2 0 3 4 4
-5410.4 514.0 -1.8 67 0 17.7 11.4 5.0 2.5 2 0 2 5 5
-5429.1 563.3 -1.8 336 0 10.2 12.1 10.0 0.0 0 1 4 2 2
-5497.1 515.5 -1.9 347 0 19.0 18.1 7.5 2.5 2 0 3 4 4
-5479.3 564.4 -1.9 56 0 10.9 16.5 7.5 2.5 2 1 3 4 4
-5545.3 569.8 -1.9 168 0 6.9 13.0 7.5 2.5 2 1 3 0 0
-5525.1 127.2 -3.5 80 0 11.2 19.7 5.0 2.5 2 1 2 2 2
-5351.2 -43.2 -2.9 74 0 13.3 16.8 5.0 2.5 2 1 2 1 1
-5382.8 -51.9 -3.8 71 0 15.8 12.7 5.0 2.5 4 0 2 2 2
-5405.0 -60.2 -4.4 75 0 11.8 12.2 10.0 2.5 2 1 4 1 1
4410.6 3647.8 -1.1 350 0 19.3 22.0 10.0 2.5 2 1 4 3 3
4534.1 3876.4 -1.9 163 0 13.8 19.1 10.0 2.5 2 1 4 1 1
4479.0 4205.9 -1.8 335 0 25.4 13.2 10.0 2.5 4 0 4 1 1
4360.8 4033.8 -1.2 73 0 17.0 22.9 12.5 2.5 4 1 5 5 5
4296.4 4067.0 -1.0 250 0 15.4 21.1 10.0 0.0 0 1 4 3 3
4266.8 4226.5 -0.9 356 0 14.5 10.4 7.5 2.5 2 0 3 3 3
4219.8 4316.9 -0.8 84 0 16.3 16.3 7.5 2.5 2 1 3 3 3
4157.4 4327.5 -0.8 249 0 11.4 15.8 7.5 2.5 2 1 3 1 1
5079.1 3885.5 -3.0 173 0 13.1 17.5 5.0 2.5 2 1 2 0 0
5144.1 3899.8 -3.6 269 0 10.4 9.2 7.5 2.5 2 0 3 1 1
5009.2 3860.3 -2.3 160 0 13.3 11.9 7.5 2.5 2 0 3 3 3
5077.5 3990.1 -3.4 172 0 18.2 18.2 7.5 2.5 2 0 3 4 4
5048.4 4070.0 -3.3 267 0 11.6 13.5 5.0 2.5 2 1 2 5 5
5011.8 4117.7 -3.2 344 0 15.4 14.6 7.5 2.5 2 0 3 5 5
4989.2 4041.5 -2.7 73 0 12.3 13.6 5.0 2.5 4 1 2 4 4
4999.0 4011.5 -2.7 77 0 12.2 11.8 5.0 2.5 2 0 2 0 0
4996.2 4025.8 -2.8 76 0 14.4 13.1 2.5 0.0 0 0 1 1 1
5045.1 4320.2 -3.0 90 0 10.4 13.2 2.5 2.5 4 1 1 5 5
5066.1 4348.9 -2.9 265 0 13.1 13.3 7.5 2.5 2 1 3 1 1
4988.0 4276.1 -2.9 173 0 11.5 14.1 5.0 2.5 2 1 2 4 4
4973.4 4266.1 -3.1 256 0 18.8 20.4 10.0 2.5 2 1 4 1 1
4798.4 4221.6 -2.4 76 0 15.1 22.7 10.0 2.5 2 1 4 0 0
4837.8 4168.1 -2.4 355 0 13.9 18.8 10.0 2.5 2 1 4 3 3
4797.8 4194.4 -2.5 257 0 10.5 6.4 5.0 0.0 0 0 2 4 4
4730.8 4136.5 -2.8 176 0 12.3 12.1 7.5 2.5 2 0 3 0 0
4697.7 4288.7 -2.7 85 0 10.0 14.4 10.0 2.5 2 1 4 4 4
3464.1 4787.3 1.1 345 0 16.2 12.1 5.0 2.5 2 0 2 1 1
3421.1 4947.8 1.3 260 0 11.7 14.8 5.0 2.5 2 1 2 1 1
3479.2 4658.4 0.9 165 0 12.0 23.5 7.5 2.5 2 1 3 5 5
2936.4 4779.8 0.3 348 0 17.5 18.8 14.0 3.5 4 1 4 3 3
2818.0 4629.7 -0.3 254 0 12.4 15.1 14.0 3.5 2 1 4 5 5
2949.1 4574.0 0.5 68 0 17.7 14.3 14.0 3.5 2 0 4 2 2
2847.7 4463.5 -0.2 70 0 21.2 17.6 7.5 2.5 2 0 3 1 1
2914.9 4397.9 0.1 348 0 12.9 24.2 10.5 3.5 2 1 3 2 2
3300.2 4617.1 0.4 263 0 22.9 22.6 7.5 2.5 2 0 3 3 3
2999.1 4606.1 0.2 247 0 14.0 16.3 14.0 3.5 2 1 4 0 0
2930.3 4636.3 0.5 227 0 11.5 14.8 14.0 3.5 2 1 4 3 3
3689.1 5076.6 -1.6 176 0 18.9 18.0 7.5 2.5 2 0 3 0 0
3531.8 4943.2 1.6 238 0 8.8 12.8 7.5 2.5 2 1 3 2 2
3553.5 4695.6 2.1 352 0 18.4 21.0 7.5 2.5 4 1 3 3 3
3762.1 4647.0 0.5 72 0 63.8 24.3 7.5 0.0 0 0 3 0 0
3830.9 4656.7 -0.7 347 0 21.1 16.7 10.0 2.5 2 0 4 1 1
3906.7 4569.9 -1.5 69 0 13.2 13.2 5.0 2.5 2 1 2 5 5
3442.9 4800.9 1.0 164 0 12.8 15.8 7.5 2.5 2 0 3 5 5
3414.3 4659.4 0.4 76 0 10.6 13.3 10.0 2.5 4 1 4 2 2
3577.7 5110.2 0.5 180 0 13.8 11.7 7.5 2.5 2 0 3 3 3
3567.6 4926.4 1.0 347 0 7.7 13.1 2.5 2.5 2 1 1 3 3
3487.1 5249.7 1.4 252 0 24.4 11.5 10.0 2.5 2 0 4 4 4
3535.4 5298.1 0.4 158 0 11.3 16.3 5.0 2.5 2 1 2 1 1
3580.6 5293.7 -0.7 79 0 19.4 7.3 7.5 2.5 2 0 3 5 5
3693.0 5327.6 -2.7 154 0 13.7 17.2 5.0 2.5 2 1 2 1 1
3731.7 5399.8 -2.6 150 0 13.9 18.3 7.5 2.5 2 1 3 3 3
3749.4 5283.8 -2.6 352 0 26.9 21.7 10.0 2.5 2 0 4 4 4
3806.6 5205.2 -2.2 71 0 14.2 12.6 5.0 2.5 4 0 2 4 4
3795.3 5239.0 -2.2 168 0 13.0 13.2 5.0 0.0 0 1 2 3 3
3928.1 5199.2 -1.4 351 0 20.4 14.5 10.0 2.5 2 0 4 5 5
3901.4 5164.7 -1.5 59 0 15.6 24.6 7.5 2.5 2 1 3 5 5
3846.2 5254.3 -1.9 77 0 16.8 19.9 10.0 2.5 2 1 4 1 1
3981.0 5258.9 -1.1 77 0 15.4 15.5 7.5 2.5 2 1 3 1 1
3456.4 5044.1 2.7 333 0 15.2 12.2 2.5 2.5 2 0 1 4 4
3414.7 5073.1 2.1 176 0 20.3 15.8 7.5 2.5 2 0 3 4 4
3739.7 4759.5 0.5 84 0 16.6 17.5 10.0 2.5 2 1 4 2 2
3752.6 4967.9 -1.6 252 0 11.7 12.2 2.5 2.5 2 1 1 3 3
3828.5 4944.5 -2.1 347 0 9.1 10.9 7.5 2.5 2 1 3 0 0
3852.7 5005.5 -2.1 255 0 21.1 15.0 10.0 0.0 0 0 4 3 3
3871.7 4928.8 -1.9 163 0 14.3 15.7 7.5 2.5 2 1 3 4 4
3938.0 4912.0 -1.5 72 0 10.2 8.6 5.0 0.0 0 0 2 0 0
3872.9 4482.9 -0.0 343 0 15.9 20.7 12.5 2.5 4 1 5 3 3
3140.2 4386.3 0.8 334 0 11.6 13.1 10.5 3.5 2 1 3 0 0
2982.7 4789.2 0.2 168 0 29.5 25.4 14.0 0.0 0 0 4 4 4
3138.4 4875.3 0.2 167 0 17.3 15.8 12.5 2.5 2 0 5 0 0
3205.4 4831.2 1.1 175 0 16.7 18.7 5.0 2.5 2 1 2 5 5
3177.2 4890.4 0.9 257 0 13.8 17.9 5.0 2.5 2 1 2 1 1
3707.7 4988.9 -1.0 78 0 13.2 13.5 7.5 2.5 2 1 3 5 5
3908.2 5478.3 -1.4 257 0 21.1 29.2 12.5 0.0 0 1 5 0 0
3883.2 5469.6 -1.5 249 0 13.7 18.2 10.0 2.5 2 1 4 2 2
3841.0 5451.1 -1.8 241 0 21.6 10.9 2.5 2.5 2 0 1 2 2
3889.8 5422.8 -1.5 75 0 20.4 18.9 10.0 2.5 2 0 4 3 3
3816.3 5394.1 -2.0 169 0 17.7 14.7 5.0 2.5 2 0 2 2 2
3877.0 5308.2 -1.6 253 0 15.3 20.2 7.5 2.5 2 1 3 3 3
3912.8 5274.1 -1.5 342 0 13.9 18.0 10.0 2.5 2 1 4 5 5
-3922.7 -507.2 -8.1 160 0 10.2 10.6 7.5 2.5 2 1 3 2 2
-4222.9 -664.0 -5.3 165 0 8.8 9.2 7.5 2.5 2 1 3 2 2
-6804.2 841.7 -8.6 97 0 18.2 12.8 7.5 2.5 2 0 3 4 4
-6870.8 887.3 -9.1 72 0 8.7 12.3 2.5 2.5 2 1 1 4 4
-6904.6 811.4 -8.8 164 0 16.8 12.2 7.5 2.5 2 0 3 2 2
-1326.3 5883.3 1.3 353 0 14.2 15.2 2.5 2.5 2 1 1 2 2
-1346.4 5921.6 0.6 257 0 12.7 8.8 5.0 2.5 2 0 2 3 3
-1331.5 5928.8 0.8 252 0 12.9 10.7 5.0 2.5 2 0 2 4 4
-1409.4 5823.9 0.6 352 0 13.2 15.3 10.0 2.5 2 1 4 3 3
-1464.5 5827.2 -0.1 76 0 12.3 9.5 7.5 2.5 2 0 3 3 3
-1452.7 5870.2 -0.8 256 0 13.0 11.2 7.5 2.5 2 0 3 5 5
-1480.4 5883.9 -1.4 256 0 13.3 12.1 5.0 2.5 2 0 2 4 4
-1458.1 5892.5 -1.4 253 0 11.0 12.9 2.5 2.5 2 1 1 5 5
-1445.4 5920.6 -1.9 79 0 10.7 16.9 7.5 0.0 0 1 3 4 4
-1463.4 5909.3 -2.0 71 0 6.1 11.4 7.5 2.5 2 1 3 5 5
-1455.6 5973.0 -2.7 269 0 12.0 17.8 10.0 2.5 2 1 4 4 4
-1473.0 5856.7 -0.7 260 0 13.3 19.7 10.0 2.5 2 1 4 4 4
-1505.0 5828.9 -0.5 167 0 13.6 14.2 7.5 2.5 2 1 3 5 5
-1505.6 5855.7 -1.2 340 0 13.5 13.8 7.5 2.5 2 1 3 4 4
-1533.3 5862.6 -1.7 344 0 13.4 15.4 5.0 0.0 0 1 2 1 1
-1465.2 5740.7 2.2 173 0 14.7 20.3 7.5 2.5 2 1 3 3 3
-1431.3 5707.4 3.2 31 0 12.4 18.8 2.5 2.5 2 1 1 2 2
-1372.2 5633.5 5.7 80 0 11.0 16.7 5.0 2.5 2 1 2 0 0
-1321.2 5655.1 5.6 67 0 8.4 20.5 5.0 2.5 2 1 2 5 5
-1339.3 5708.5 4.5 167 0 9.7 13.0 7.5 2.5 2 1 3 3 3
-1287.4 5716.7 5.1 3 0 14.4 15.3 2.5 2.5 2 1 1 2 2
-1497.9 5752.6 1.4 347 0 17.7 12.7 10.0 2.5 2 0 4 4 4
-1559.6 5902.1 -2.9 163 0 9.2 14.8 7.5 2.5 2 1 3 4 4
-1593.6 5967.4 -4.9 157 0 10.4 13.1 7.5 2.5 2 1 3 4 4
-1524.7 5967.5 -4.3 345 0 12.1 23.3 7.5 2.5 2 1 3 5 5
-1556.1 5988.9 -5.2 347 0 14.0 14.7 7.5 0.0 0 1 3 0 0
-1514.7 5881.7 -2.3 77 0 14.5 19.7 7.5 0.0 0 1 3 2 2
-1553.9 6017.0 -5.8 344 0 11.0 11.1 2.5 2.5 2 1 1 5 5
-1590.0 6025.9 -5.9 167 0 13.5 13.1 7.5 2.5 2 0 3 2 2
-1604.0 6070.3 -5.2 171 0 10.3 10.9 5.0 2.5 2 1 2 2 2
-1543.7 6091.7 -5.3 259 0 14.2 16.1 7.5 2.5 2 1 3 2 2
-1576.2 6194.4 -2.5 351 0 23.4 20.1 7.5 2.5 2 0 3 4 4
-1621.4 6184.4 -2.7 74 0 13.3 17.1 5.0 2.5 2 1 2 4 4
-1695.3 6310.5 -0.8 265 0 18.2 16.5 10.0 2.5 2 0 4 1 1
-1621.3 6362.5 1.2 342 0 12.9 11.1 5.0 2.5 2 0 2 2 2
-1649.3 6316.5 0.1 74 0 12.9 15.9 5.0 2.5 2 1 2 2 2
-1688.2 6375.7 1.1 173 0 12.4 13.4 7.5 2.5 2 1 3 1 1
-1695.4 6392.4 1.5 168 0 12.1 10.2 7.5 2.5 2 0 3 4 4
-1713.0 6426.5 2.1 156 0 13.3 12.8 5.0 2.5 2 0 2 1 1
-1778.0 6295.4 -1.4 171 0 11.3 17.3 10.0 2.5 2 1 4 2 2
-1717.6 6290.2 -1.0 71 0 10.3 12.5 7.5 2.5 2 1 3 2 2
-1721.7 6463.4 2.9 165 0 12.7 14.0 5.0 2.5 4 1 2 1 1
-1741.8 6480.8 3.1 173 0 13.6 13.9 5.0 2.5 2 1 2 2 2
-1738.6 6507.0 3.8 158 0 11.7 13.5 5.0 2.5 2 1 2 4 4
-1693.1 6491.5 3.8 69 0 12.0 12.3 2.5 2.5 2 1 1 5 5
-1707.5 6519.6 4.2 245 0 10.1 9.5 7.5 0.0 0 0 3 3 3
-1707.5 6640.6 -0.9 248 0 10.5 24.9 12.5 2.5 4 1 5 2 2
-1698.6 6572.7 1.2 175 0 11.6 13.6 2.5 2.5 4 1 1 2 2
-1688.1 6652.5 1.3 170 0 12.8 15.3 2.5 0.0 0 1 1 4 4
-1691.2 6710.5 1.7 257 0 13.3 16.5 7.5 2.5 4 1 3 3 3
-1626.1 6697.8 3.0 258 0 21.2 14.8 12.5 2.5 2 0 5 5 5
-1631.0 6667.0 2.1 260 0 11.8 10.3 5.0 2.5 2 0 2 5 5
-1628.2 6725.0 0.7 257 0 15.5 13.6 5.0 2.5 2 0 2 1 1
-1621.1 6741.1 -0.5 258 0 7.9 11.0 7.5 0.0 0 1 3 4 4
-1604.9 6735.4 -0.1 252 0 17.2 15.9 12.5 2.5 2 0 5 1 1
-1579.0 6676.5 3.1 349 0 13.3 15.2 7.5 2.5 2 1 3 5 5
-1571.1 6642.7 -0.0 358 0 12.5 15.0 5.0 2.5 2 1 2 2 2
-1555.8 6617.1 -2.7 341 0 13.9 18.4 10.0 2.5 2 1 4 1 1
-1605.5 6636.5 -0.9 347 0 14.4 14.4 5.0 2.5 2 0 2 5 5
-1533.6 6689.4 2.9 80 0 16.6 14.7 5.0 2.5 2 0 2 5 5
-1501.0 6687.3 3.4 71 0 12.5 12.0 7.5 2.5 2 0 3 2 2
-1547.9 6731.5 0.5 259 0 14.8 18.4 10.0 2.5 2 1 4 5 5
-1522.3 6733.5 0.4 259 0 31.4 12.9 10.0 2.5 2 0 4 4 4
-1483.6 6749.6 -0.7 261 0 12.8 11.5 7.5 2.5 2 0 3 4 4
-1428.7 6693.2 3.8 169 0 11.0 10.4 5.0 2.5 2 0 2 2 2
-1425.8 6669.4 2.4 167 0 6.7 10.1 7.5 2.5 2 1 3 1 1
-1358.4 6757.2 -0.7 248 0 12.6 15.8 5.0 2.5 2 1 2 3 3
-1368.2 6794.2 -2.1 269 0 11.8 15.5 2.5 0.0 0 1 1 4 4
-1336.5 6780.8 -1.6 257 0 16.2 11.1 5.0 2.5 2 0 2 4 4
-1341.5 6723.9 1.7 345 0 10.8 15.0 2.5 2.5 2 1 1 1 1
-1611.1 6526.3 1.8 83 0 11.3 16.2 5.0 2.5 2 1 2 0 0
-1555.8 6481.5 3.4 83 0 16.9 12.8 7.5 2.5 4 0 3 5 5
-1490.7 6375.7 0.5 352 0 11.9 14.1 7.5 2.5 2 1 3 5 5
-1528.6 6574.0 -1.5 346 0 9.1 11.5 7.5 2.5 4 1 3 2 2
-1507.0 6528.7 0.6 344 0 11.4 18.4 2.5 2.5 2 1 1 5 5
-1525.0 6420.2 1.9 257 0 13.0 16.7 7.5 2.5 4 1 3 1 1
-1428.0 6427.2 0.1 259 0 13.3 12.9 5.0 2.5 4 0 2 1 1
-1409.1 6358.2 -1.5 81 0 13.5 25.7 10.0 2.5 2 1 4 4 4
-1377.7 6362.7 -2.1 81 0 18.8 11.2 5.0 2.5 2 0 2 5 5
-1340.9 6325.5 -4.1 173 0 22.4 13.2 5.0 2.5 2 0 2 2 2
-1318.7 6424.4 -3.0 250 0 15.4 10.1 5.0 2.5 2 0 2 1 1
-1275.5 6474.8 -4.1 250 0 12.9 12.3 7.5 2.5 2 0 3 5 5
-1245.0 6389.3 -5.0 82 0 11.9 13.4 5.0 2.5 4 1 2 3 3
-1263.4 6320.1 -5.9 259 0 25.3 16.8 7.5 2.5 2 0 3 2 2
-1208.1 6496.8 -6.0 269 0 16.0 17.3 10.0 2.5 2 1 4 1 1
-1187.4 6433.7 -6.8 169 0 10.3 12.6 2.5 2.5 2 1 1 3 3
-1139.2 6326.9 -8.4 249 0 13.2 11.9 7.5 2.5 2 0 3 3 3
-1169.9 6448.2 -7.3 173 0 14.9 14.8 7.5 2.5 2 0 3 5 5
-1134.8 6478.8 -8.0 262 0 10.6 9.6 7.5 0.0 0 0 3 2 2
-1120.3 6389.4 -8.8 172 0 8.7 12.2 5.0 2.5 2 1 2 4 4
-1072.7 6465.2 -7.3 255 0 13.1 14.1 5.0 2.5 4 1 2 3 3
-1029.3 6414.1 -5.5 82 0 14.1 14.4 7.5 2.5 2 1 3 4 4
-1022.0 6401.0 -5.1 85 0 12.9 12.9 5.0 0.0 0 1 2 2 2
-1049.0 6490.9 -6.1 262 0 11.5 14.5 5.0 2.5 2 1 2 1 1
-995.8 6454.2 -3.9 358 0 14.4 8.7 7.5 2.5 2 0 3 2 2
-998.0 6408.0 -4.0 85 0 11.7 24.6 7.5 2.5 2 1 3 4 4
-960.1 6394.8 -3.4 355 0 21.8 18.3 5.0 2.5 2 0 2 0 0
-947.9 6367.7 -3.4 347 0 13.6 16.8 7.5 2.5 2 1 3 2 2
-972.3 6586.4 -6.4 356 0 15.6 21.7 10.0 2.5 2 1 4 0 0
-979.1 6536.6 -2.9 87 0 18.0 19.0 7.5 0.0 0 1 3 3 3
-971.3 6567.8 -4.0 359 0 15.4 14.3 5.0 2.5 2 0 2 4 4
-947.4 6551.7 -1.6 358 0 18.1 15.0 7.5 2.5 4 0 3 3 3
-949.1 6570.8 -3.1 357 0 12.2 11.0 2.5 2.5 2 0 1 0 0
-978.2 6662.4 -0.3 164 0 14.9 15.5 5.0 2.5 2 1 2 0 0
-996.1 6676.7 1.9 85 0 16.3 18.0 10.0 2.5 2 1 4 1 1
-936.3 6701.9 3.5 2 0 14.7 16.2 5.0 2.5 2 1 2 2 2
-951.2 6734.7 2.2 359 0 13.2 17.5 5.0 2.5 2 1 2 3 3
-904.2 6738.1 2.2 356 0 10.4 16.7 5.0 2.5 2 1 2 3 3
-927.6 6729.1 2.6 0 0 15.1 15.3 2.5 2.5 2 1 1 4 4
-932.2 6804.7 -1.0 356 0 16.5 19.2 7.5 2.5 2 1 3 4 4
-1020.5 6700.8 4.2 79 0 15.1 13.2 5.0 2.5 2 0 2 2 2
-1059.9 6667.1 1.1 83 0 13.9 11.7 5.0 2.5 2 0 2 4 4
-1056.7 6734.2 1.5 85 0 16.5 10.9 5.0 2.5 2 0 2 4 4
-1052.5 6777.1 -0.2 265 0 13.8 19.5 10.0 2.5 2 1 4 3 3
-1050.5 6849.0 -1.5 263 0 18.6 27.5 7.5 2.5 2 1 3 1 1
-1034.2 6670.6 1.5 87 0 13.1 12.7 2.5 2.5 2 0 1 2 2
-995.5 6778.3 -0.1 263 0 13.5 14.2 7.5 2.5 2 1 3 0 0
-1013.3 6827.9 -1.5 266 0 18.1 12.2 5.0 2.5 2 0 2 3 3
-1021.2 6842.3 -1.8 78 0 11.3 11.8 5.0 2.5 2 1 2 5 5
-993.8 6846.3 -1.7 1 0 14.2 18.8 10.0 2.5 2 1 4 3 3
-1031.6 6727.0 1.5 75 0 13.3 18.0 10.0 2.5 2 1 4 4 4
-1040.4 6691.7 3.5 83 0 13.6 16.8 2.5 2.5 2 1 1 0 0
-1051.3 6714.1 3.0 86 0 11.6 12.9 5.0 2.5 2 1 2 3 3
-924.2 6840.8 -1.4 80 0 15.2 44.4 10.0 2.5 2 1 4 3 3
-1144.6 6836.1 -2.1 256 0 15.9 14.2 7.5 2.5 2 0 3 3 3
-1120.1 6809.3 -1.5 263 0 14.4 12.5 5.0 2.5 2 0 2 2 2
-1100.8 6805.6 -1.4 251 0 15.7 16.7 7.5 0.0 0 1 3 0 0
-1128.9 6755.7 -0.1 171 0 17.5 16.6 12.5 2.5 2 0 5 1 1
-1193.5 6726.7 1.7 174 0 17.4 20.0 12.5 2.5 2 1 5 1 1
-1180.2 6845.4 -2.3 343 0 15.3 24.5 10.0 2.5 2 1 4 0 0
-1127.0 6686.1 3.3 91 0 16.2 16.5 10.0 2.5 2 1 4 2 2
-1197.4 6696.3 3.9 180 0 12.0 16.5 10.0 2.5 4 1 4 0 0
-1238.0 6843.8 -2.6 250 0 17.1 15.4 10.0 0.0 0 0 4 0 0
-2583.8 3327.2 0.2 90 0 22.5 17.2 10.0 2.5 2 0 4 0 0
-2666.2 3245.0 -0.2 334 0 8.8 12.2 5.0 2.5 2 1 2 2 2
-2569.6 3553.0 1.0 11 0 9.8 9.9 5.0 2.5 2 1 2 0 0
-2674.9 3562.2 0.5 90 0 11.7 16.7 5.0 2.5 2 1 2 4 4
-1969.4 2046.8 1.4 151 0 11.5 11.6 5.0 2.5 2 1 2 4 4
-1969.1 2072.0 1.5 175 0 10.5 7.6 2.5 0.0 0 0 1 2 2
-1957.7 2102.2 1.5 345 0 12.5 12.6 7.5 2.5 2 1 3 1 1
-1887.4 2334.7 1.1 258 0 14.2 15.2 5.0 2.5 2 1 2 0 0
-1906.4 2194.6 1.4 350 0 12.1 11.4 2.5 2.5 2 0 1 5 5
-1923.2 2226.2 1.5 349 0 14.5 27.7 5.0 2.5 2 1 2 5 5
-3128.1 42.1 2.1 71 0 5.1 9.0 2.5 2.5 2 1 1 3 3
-3123.1 -57.2 -2.4 71 0 5.3 6.6 2.5 2.5 2 1 1 1 1
-3031.2 90.7 2.0 160 0 8.3 4.9 5.0 2.5 2 0 2 0 0
-2784.8 159.8 1.3 161 0 4.3 9.4 7.5 2.5 2 1 3 5 5
-2611.1 226.7 -3.4 340 0 13.8 15.7 5.0 2.5 2 1 2 4 4
-2567.1 341.9 -4.6 341 0 4.2 9.3 2.5 0.0 0 1 1 0 0
-2449.2 313.4 -6.4 251 0 6.9 9.3 5.0 2.5 2 1 2 0 0
-2454.8 365.7 -5.6 341 0 6.2 5.1 7.5 2.5 2 0 3 0 0
-2235.1 410.1 -6.5 256 0 6.5 10.3 7.5 2.5 2 1 3 2 2
-2272.2 553.3 -4.4 163 0 11.6 8.1 2.5 0.0 0 0 1 4 4
-2305.4 508.5 -4.7 348 0 9.3 4.3 5.0 2.5 2 0 2 5 5
-2649.4 437.9 -2.4 163 0 8.7 13.6 2.5 2.5 2 1 1 2 2
-2641.3 498.5 -2.2 343 0 14.8 10.8 7.5 2.5 2 0 3 2 2
-2700.1 403.6 -0.3 343 0 5.4 8.8 5.0 2.5 2 1 2 3 3
-2782.5 319.2 0.9 74 0 12.3 5.7 2.5 0.0 0 0 1 1 1
-2776.6 305.4 0.9 73 0 7.5 8.2 2.5 2.5 4 1 1 1 1
-2766.6 418.7 1.0 162 0 11.8 11.9 5.0 2.5 2 1 2 1 1
-2847.7 410.7 0.6 250 0 5.4 6.8 2.5 2.5 2 1 1 4 4
-2904.8 345.9 1.3 253 0 9.0 6.6 5.0 2.5 2 0 2 4 4
-2895.3 386.5 1.2 349 0 11.3 12.9 10.0 2.5 2 1 4 4 4
-2946.4 264.3 1.5 163 0 6.2 6.1 7.5 2.5 2 0 3 2 2
-2949.0 229.6 1.6 69 0 10.3 11.0 5.0 2.5 2 1 2 4 4
-2999.7 339.1 1.5 76 0 16.2 12.9 7.5 0.0 0 0 3 2 2
-3006.9 318.7 1.6 74 0 9.6 10.0 5.0 2.5 2 1 2 1 1
-3025.6 313.5 1.6 72 0 5.1 6.8 7.5 2.5 2 1 3 1 1
-3024.9 298.2 1.6 253 0 11.6 9.0 7.5 2.5 2 0 3 0 0
-3034.2 310.9 1.6 74 0 8.9 6.1 5.0 2.5 2 0 2 4 4
-3064.9 285.6 1.7 253 0 8.8 7.8 2.5 2.5 4 0 1 4 4
-3121.4 272.8 1.9 259 0 9.5 17.5 5.0 0.0 0 1 2 2 2
-3142.6 245.8 2.0 168 0 5.4 8.5 5.0 2.5 2 1 2 1 1
-3152.7 307.8 1.9 339 0 12.0 13.6 5.0 2.5 2 1 2 1 1
-3142.4 364.3 1.8 345 0 18.8 26.1 10.0 2.5 2 1 4 3 3
-3129.1 371.9 1.7 164 0 8.0 12.3 7.5 2.5 2 1 3 1 1
-3036.9 240.3 1.8 162 0 10.2 8.1 2.5 2.5 2 0 1 4 4
-3160.3 623.1 0.9 165 0 16.9 13.3 2.5 2.5 4 0 1 4 4
-3129.1 596.6 1.1 73 0 11.0 9.8 5.0 2.5 2 0 2 0 0
-3083.6 570.2 1.2 82 0 13.4 11.7 5.0 2.5 2 0 2 1 1
-3080.0 616.7 1.1 344 0 12.4 19.1 10.0 2.5 2 1 4 0 0
-3136.5 662.5 0.8 342 0 11.1 12.1 2.5 2.5 2 1 1 4 4
-3098.4 641.2 0.9 344 0 8.2 7.3 2.5 2.5 2 0 1 5 5
-3165.3 683.0 0.7 254 0 8.5 11.8 5.0 2.5 2 1 2 4 4
-3162.2 749.1 0.4 67 0 13.0 14.6 2.5 2.5 2 1 1 2 2
-2987.2 685.2 0.6 251 0 13.3 15.2 7.5 2.5 2 1 3 3 3
-2973.7 715.5 0.0 72 0 9.9 19.3 7.5 2.5 2 1 3 0 0
-2971.2 744.6 0.1 73 0 7.6 8.1 7.5 0.0 0 1 3 0 0
-2966.1 767.3 0.0 255 0 9.9 19.9 5.0 2.5 2 1 2 1 1
-2886.7 723.9 -0.4 260 0 11.1 20.2 7.5 2.5 2 1 3 3 3
-2623.3 632.9 -1.4 71 0 13.7 14.8 2.5 2.5 4 1 1 1 1
-2585.2 702.0 -0.5 340 0 16.7 13.2 2.5 2.5 2 0 1 1 1
-2572.8 665.3 -1.1 333 0 13.8 15.2 2.5 2.5 2 1 1 3 3
-2225.2 703.2 -1.8 346 0 8.4 10.2 7.5 0.0 0 1 3 4 4
-1989.5 722.6 -3.0 250 0 9.6 9.3 7.5 2.5 2 0 3 1 1
-2282.0 503.1 -5.0 342 0 11.6 5.9 7.5 2.5 2 0 3 1 1
-2569.7 545.5 -2.7 159 0 5.5 9.5 7.5 2.5 4 1 3 1 1
-2555.0 522.1 -3.0 72 0 6.6 8.6 2.5 2.5 2 1 1 2 2
-2701.4 525.2 -0.7 164 0 9.0 13.6 7.5 2.5 4 1 3 0 0
-2713.2 572.0 -0.1 163 0 11.0 9.9 2.5 2.5 2 0 1 0 0
-2710.9 608.2 -0.2 160 0 8.1 9.4 5.0 2.5 2 1 2 1 1
-2670.0 621.2 -1.1 67 0 7.9 6.0 7.5 2.5 2 0 3 5 5
-2767.2 528.9 0.9 162 0 6.5 11.7 2.5 2.5 4 1 1 2 2
-2941.6 511.6 1.1 253 0 6.3 9.0 5.0 2.5 2 1 2 3 3
-2950.2 390.9 1.3 252 0 12.7 12.3 7.5 2.5 2 0 3 4 4
-2949.0 605.5 0.7 352 0 15.2 12.8 10.0 2.5 2 0 4 4 4
-3053.5 349.8 1.6 74 0 5.1 9.6 7.5 2.5 2 1 3 3 3
-2919.9 286.7 1.4 72 0 10.8 10.9 5.0 2.5 2 1 2 3 3
-2879.1 257.8 1.4 77 0 14.5 9.8 5.0 2.5 2 0 2 1 1
-2624.0 250.2 -2.9 341 0 8.2 4.5 7.5 2.5 2 0 3 1 1
928.6 1936.3 -7.5 253 0 11.6 13.0 7.5 2.5 2 1 3 0 0
896.2 1881.6 -7.9 77 0 13.1 9.7 5.0 2.5 2 0 2 0 0
853.1 1910.3 -7.0 257 0 12.6 14.6 5.0 2.5 2 1 2 3 3
849.1 1878.6 -7.2 71 0 7.3 6.4 5.0 2.5 2 0 2 5 5
816.0 1891.5 -6.7 253 0 10.6 8.1 5.0 2.5 2 0 2 3 3
776.1 1885.6 -6.3 254 0 7.4 14.7 2.5 2.5 2 1 1 3 3
796.5 1891.3 -6.6 253 0 8.2 11.4 5.0 2.5 2 1 2 1 1
654.8 1724.4 -7.7 69 0 9.3 14.0 2.5 2.5 2 1 1 5 5
610.5 1772.7 -6.0 336 0 14.0 12.1 7.5 2.5 4 0 3 3 3
627.0 1788.4 -5.9 337 0 12.1 15.6 7.5 2.5 2 1 3 4 4
633.4 1948.1 -2.4 246 0 5.8 6.2 5.0 2.5 4 1 2 3 3
702.6 1949.7 -3.4 347 0 11.5 15.7 5.0 2.5 2 1 2 0 0
654.5 1918.1 -3.3 73 0 8.8 5.5 2.5 2.5 2 0 1 4 4
639.5 1964.7 -2.6 248 0 10.5 23.7 2.5 2.5 2 1 1 2 2
658.4 1958.5 -2.6 250 0 10.9 8.3 5.0 2.5 4 0 2 1 1
584.7 1924.6 -2.1 339 0 8.6 6.3 7.5 2.5 4 0 3 5 5
454.1 1958.6 -1.8 255 0 7.3 10.1 5.0 2.5 2 1 2 3 3
439.7 1894.5 -2.6 68 0 7.5 7.6 7.5 2.5 2 1 3 3 3
581.1 1814.1 -4.9 252 0 9.2 14.4 2.5 2.5 2 1 1 4 4
572.3 1690.1 -7.2 69 0 10.9 13.0 5.0 0.0 0 1 2 2 2
502.5 1687.1 -6.8 72 0 7.5 8.7 5.0 2.5 2 1 2 2 2
515.2 1688.6 -6.9 74 0 7.5 10.6 7.5 0.0 0 1 3 0 0
497.1 1736.7 -6.1 258 0 11.2 13.0 2.5 2.5 2 1 1 3 3
465.0 1653.3 -7.1 75 0 9.1 9.6 5.0 2.5 2 1 2 4 4
436.2 1623.8 -7.3 68 0 18.6 37.1 10.0 2.5 2 1 4 4 4
5550.4 4797.0 -3.1 73 0 14.0 14.3 10.0 2.5 2 1 4 3 3
5853.8 4817.9 -2.6 68 0 13.2 11.5 10.0 0.0 0 0 4 3 3
5754.2 4857.3 -3.3 256 0 9.8 7.6 7.5 2.5 4 0 3 4 4
5808.0 4891.2 -3.0 348 0 9.4 8.8 2.5 0.0 0 0 1 1 1
6057.0 4787.4 -3.2 68 0 12.4 16.5 5.0 0.0 0 1 2 2 2
6014.6 4785.9 -3.5 171 0 12.1 11.7 2.5 2.5 2 0 1 1 1
5992.5 4843.3 -3.4 156 0 13.2 12.2 7.5 2.5 2 0 3 5 5
6076.5 5020.0 -3.1 272 0 11.0 18.9 5.0 2.5 2 1 2 0 0
6015.5 4991.9 -2.8 352 0 15.1 24.0 10.0 2.5 2 1 4 4 4
6116.7 4979.9 -3.0 83 0 15.6 16.1 7.5 2.5 2 1 3 5 5
4758.6 3968.3 -2.8 88 0 14.4 17.0 5.0 2.5 2 1 2 5 5
4500.6 3940.8 -1.7 74 0 12.3 14.3 5.0 2.5 4 1 2 3 3
4461.4 3932.3 -1.6 79 0 5.0 10.2 5.0 2.5 2 1 2 1 1
4526.2 3945.2 -1.8 350 0 18.0 10.7 5.0 2.5 2 0 2 3 3
4787.4 3905.9 -2.9 261 0 15.0 14.0 7.5 2.5 2 0 3 1 1
4564.8 3683.0 -2.1 260 0 4.2 9.0 2.5 2.5 2 1 1 1 1
4631.3 3633.8 -2.1 69 0 4.6 8.4 5.0 2.5 2 1 2 2 2
4594.5 3576.7 -1.5 73 0 10.3 13.3 5.0 2.5 2 1 2 2 2
4413.1 3819.3 -1.4 246 0 14.1 15.1 5.0 2.5 4 1 2 3 3
4335.4 3619.4 -0.9 83 0 18.0 18.8 10.0 2.5 2 1 4 2 2
4186.0 3810.2 -0.4 166 0 17.4 5.9 7.5 2.5 2 0 3 1 1
4176.8 3878.3 -0.5 258 0 14.5 11.7 5.0 2.5 2 0 2 5 5
4234.8 3898.8 -0.6 68 0 5.4 8.2 7.5 2.5 4 1 3 2 2
4178.1 3974.8 -0.6 258 0 11.2 18.5 2.5 2.5 2 1 1 1 1
4274.6 4007.3 -0.9 339 0 12.6 13.6 7.5 2.5 2 1 3 3 3
4329.6 4027.5 -1.1 68 0 13.7 13.8 5.0 2.5 2 1 2 4 4
4307.8 4006.0 -1.0 76 0 13.2 15.1 5.0 2.5 2 1 2 3 3
4550.4 4313.9 -2.1 85 0 6.2 16.0 5.0 2.5 2 1 2 0 0
4316.0 4316.1 -1.2 278 0 12.0 24.6 7.5 2.5 2 1 3 5 5
4329.6 4323.0 -1.3 258 0 13.7 31.3 10.0 2.5 2 1 4 4 4
4345.1 4317.3 -1.3 254 0 9.7 13.0 5.0 2.5 2 1 2 1 1
4271.7 4287.7 -1.0 255 0 11.1 14.8 7.5 0.0 0 1 3 5 5
4257.4 4155.5 -0.9 349 0 16.9 13.4 7.5 2.5 4 0 3 5 5
4238.9 4109.3 -0.8 77 0 17.4 10.5 2.5 2.5 2 0 1 0 0
4105.3 4061.1 -0.9 331 0 10.3 7.7 7.5 2.5 2 0 3 3 3
4128.6 3838.2 0.1 355 0 10.8 17.2 7.5 2.5 2 1 3 5 5
4502.6 3513.2 -5.4 252 0 10.5 16.4 5.0 2.5 2 1 2 0 0
-2765.4 2249.0 0.3 161 0 14.1 18.1 7.5 2.5 2 1 3 3 3
-2759.7 2281.4 0.0 161 0 16.3 15.5 12.5 2.5 2 0 5 4 4
-2750.0 2312.8 -0.8 159 0 35.3 19.6 7.5 0.0 0 0 3 2 2
-2706.6 2330.5 -1.7 342 0 35.4 22.5 7.5 0.0 0 0 3 2 2
-2787.6 2356.6 -0.8 166 0 13.6 14.6 5.0 2.5 2 1 2 3 3
-2879.1 2331.0 0.6 74 0 11.7 18.6 5.0 2.5 2 1 2 0 0
-2680.2 2454.7 -1.8 269 0 16.3 20.3 10.0 2.5 2 1 4 3 3
-2731.4 2389.8 -2.1 339 0 11.7 4.8 5.0 2.5 2 0 2 3 3
-2738.0 2404.3 -2.1 337 0 12.1 7.5 5.0 2.5 2 0 2 5 5
-2793.5 2425.8 -2.1 162 0 11.9 14.2 2.5 2.5 4 1 1 3 3
-2781.3 2452.6 -2.1 339 0 16.1 24.8 7.5 2.5 2 1 3 3 3
-2851.9 2496.2 -2.1 260 0 13.2 17.0 5.0 2.5 2 1 2 0 0
-2912.0 2248.1 -1.3 161 0 21.2 11.1 5.0 2.5 4 0 2 3 3
-2922.2 2282.9 -1.0 71 0 12.9 32.5 7.5 2.5 2 1 3 2 2
-2989.4 2425.4 -0.2 252 0 21.9 12.8 7.5 0.0 0 0 3 2 2
-3007.9 2327.3 -0.8 159 0 21.1 29.6 7.5 2.5 4 1 3 1 1
-3002.8 2359.3 -0.3 250 0 5.8 14.3 2.5 2.5 2 1 1 2 2
-2727.4 2189.2 0.3 253 0 12.2 16.4 7.5 2.5 2 1 3 2 2
-2705.2 2194.6 0.1 255 0 10.2 14.6 7.5 0.0 0 1 3 2 2
-2618.8 2350.0 -1.7 157 0 15.2 17.7 5.0 2.5 2 1 2 3 3
-2528.7 2270.8 -1.3 351 0 16.5 17.2 10.0 2.5 2 1 4 1 1
-2565.0 2245.8 -1.5 164 0 13.5 17.9 5.0 2.5 2 1 2 1 1
-2504.8 2410.0 -1.8 76 0 14.5 16.2 5.0 2.5 2 1 2 1 1
-2477.2 2431.6 -1.9 85 0 13.7 12.0 5.0 0.0 0 0 2 4 4
-2451.0 2453.5 -1.9 341 0 20.8 17.0 7.5 2.5 2 0 3 5 5
-2528.2 2508.4 -2.0 82 0 14.1 16.6 5.0 0.0 0 1 2 4 4
-2451.7 2261.0 -1.6 254 0 20.4 15.0 10.0 2.5 2 0 4 4 4
-2427.6 2243.1 -1.5 257 0 14.3 14.7 2.5 2.5 2 1 1 4 4
-2403.0 2199.4 -1.4 79 0 13.9 17.1 5.0 2.5 2 1 2 1 1
-2487.3 2120.9 -1.3 345 0 10.6 20.5 2.5 2.5 2 1 1 0 0
-2477.4 2092.5 -1.3 345 0 12.3 18.4 5.0 2.5 2 1 2 3 3
-2550.2 2089.6 -1.6 260 0 20.5 13.5 7.5 2.5 2 0 3 2 2
-2568.0 2034.8 -1.5 174 0 13.7 26.1 10.0 2.5 2 1 4 0 0
-3144.0 1074.1 1.2 252 0 13.9 11.5 5.0 2.5 2 0 2 1 1
-2881.9 1476.3 -0.0 252 0 13.9 11.5 5.0 2.5 2 0 2 0 0
-2897.1 1538.0 -0.2 162 0 11.5 13.9 2.5 2.5 2 1 1 5 5
-2916.9 1546.5 -0.2 342 0 11.5 13.9 2.5 2.5 2 1 1 1 1
-2919.4 1587.1 -0.3 162 0 11.5 13.9 7.5 2.5 4 1 3 0 0
-2624.5 1390.9 -0.0 346 0 50.6 8.7 7.5 2.5 2 0 3 4 4
-2898.9 1900.7 -1.1 339 0 11.9 16.2 5.0 0.0 0 1 2 5 5
-3005.5 1759.0 -0.6 339 0 11.9 16.2 5.0 2.5 2 1 2 4 4
-2990.6 1721.2 -0.6 339 0 11.9 16.2 5.0 2.5 2 1 2 0 0
-1875.3 1253.8 1.3 67 0 11.0 9.8 5.0 2.5 2 0 2 2 2
-1917.9 1227.5 1.2 76 0 4.6 16.5 2.5 2.5 4 1 1 0 0
-1709.4 1402.0 1.0 74 0 13.7 12.2 5.0 0.0 0 0 2 4 4
-1670.6 1345.0 0.8 158 0 7.2 13.0 2.5 2.5 2 1 1 2 2
-6728.0 5317.9 -4.4 66 0 9.7 10.3 2.5 0.0 0 1 1 3 3
-1622.0 1256.2 2.2 74 0 11.2 12.4 2.5 0.0 0 1 1 1 1
-1272.6 1439.9 0.8 260 0 14.9 10.3 5.0 2.5 2 0 2 2 2
-1246.5 1486.3 1.8 76 0 13.7 14.0 2.5 2.5 2 1 1 1 1
-1104.4 1602.2 1.5 256 0 7.7 23.8 5.0 2.5 2 1 2 3 3
-979.5 1719.2 2.8 72 0 7.8 11.1 5.0 0.0 0 1 2 2 2
-854.4 1580.6 0.5 264 0 8.8 15.0 7.5 2.5 2 1 3 1 1
-1297.7 1845.9 1.1 75 0 12.3 17.0 5.0 2.5 2 1 2 1 1
-1255.0 1844.8 0.7 84 0 10.0 20.7 10.0 2.5 2 1 4 3 3
-1125.2 1865.2 3.1 257 0 8.6 15.4 2.5 2.5 2 1 1 2 2
-1336.9 2289.6 1.4 77 0 15.3 14.3 5.0 2.5 2 0 2 1 1
-1457.1 2094.5 0.8 162 0 15.7 13.8 5.0 0.0 0 0 2 4 4
-1441.4 2057.5 0.9 161 0 12.4 15.7 5.0 0.0 0 1 2 0 0
971.9 5922.7 -5.8 177 0 20.5 19.3 10.0 2.5 2 0 4 1 1
6442.5 4459.2 -3.2 256 0 17.2 12.3 5.0 2.5 2 0 2 0 0
6508.7 4590.1 -2.7 174 0 9.2 12.0 7.5 2.5 2 1 3 4 4
6614.3 4408.3 -2.6 173 0 18.1 14.0 7.5 2.5 2 0 3 0 0
6617.5 4477.4 -2.7 259 0 15.1 15.4 5.0 2.5 2 1 2 4 4
6672.0 4400.1 -2.8 76 0 10.7 12.6 5.0 2.5 2 1 2 5 5
6688.5 4417.7 -2.9 80 0 13.0 12.7 5.0 2.5 4 0 2 5 5
6636.1 4405.5 -2.7 80 0 10.8 15.3 7.5 2.5 2 1 3 1 1
6716.7 4415.8 -2.9 80 0 16.5 12.9 2.5 2.5 2 0 1 2 2
6748.2 4426.6 -2.9 73 0 13.7 17.8 7.5 0.0 0 1 3 4 4
6727.1 4503.3 -3.0 256 0 15.0 19.0 12.5 2.5 4 1 5 3 3
6773.8 4448.9 -2.9 78 0 17.6 12.5 10.0 2.5 4 0 4 3 3
6750.2 4523.9 -2.9 257 0 16.9 17.3 10.0 0.0 0 1 4 1 1
6810.3 4525.2 -3.5 264 0 14.0 14.2 7.5 2.5 2 1 3 1 1
6886.1 4446.8 -11.8 256 0 13.1 9.3 7.5 2.5 2 0 3 0 0
6911.0 4443.7 -12.7 74 0 15.4 19.9 12.5 2.5 2 1 5 1 1
6878.8 4548.9 -4.1 350 0 15.2 14.6 7.5 2.5 2 0 3 4 4
6864.2 4610.5 -4.2 347 0 15.2 14.4 5.0 2.5 2 0 2 5 5
6892.7 4563.4 -4.2 170 0 14.3 16.0 2.5 2.5 2 1 1 0 0
6863.1 4690.5 -4.2 162 0 14.1 17.0 2.5 2.5 2 1 1 0 0
6880.5 4801.7 -4.2 347 0 7.5 7.8 2.5 2.5 2 1 1 0 0
6908.6 4801.2 -4.4 345 0 22.4 17.1 7.5 2.5 2 0 3 2 2
6841.6 4872.0 -4.2 258 0 13.7 15.3 5.0 2.5 2 1 2 1 1
6821.1 4823.5 -4.2 171 0 20.4 18.5 7.5 2.5 2 0 3 4 4
6879.9 4910.2 -4.2 352 0 13.1 16.7 7.5 0.0 0 1 3 0 0
6808.1 4821.8 -4.4 348 0 26.2 17.5 7.5 2.5 4 0 3 3 3
6903.3 4720.1 -4.2 347 0 18.6 17.4 12.5 2.5 2 0 5 4 4
6902.4 4697.0 -4.2 349 0 15.7 13.0 5.0 2.5 4 0 2 2 2
-3584.5 -148.7 2.5 71 0 11.4 7.4 5.0 2.5 2 0 2 5 5
-3197.7 577.2 1.1 167 0 13.3 17.4 2.5 2.5 2 1 1 1 1
-3429.3 177.5 2.5 77 0 13.1 12.9 5.0 2.5 2 0 2 1 1
-3417.5 81.2 2.8 68 0 12.4 17.1 7.5 2.5 2 1 3 4 4
-3295.8 -178.7 -9.4 243 0 8.7 10.7 7.5 2.5 2 1 3 1 1
-3247.6 -115.7 -4.2 156 0 7.6 10.9 7.5 2.5 2 1 3 1 1
-3228.1 181.4 2.3 266 0 16.7 12.9 7.5 2.5 2 0 3 0 0
2773.9 6649.7 1.4 244 0 15.6 22.0 5.0 2.5 2 1 2 2 2
2706.7 6641.4 0.6 259 0 20.4 24.1 5.0 2.5 2 1 2 1 1
2761.9 6586.4 1.7 166 0 22.0 14.2 5.0 2.5 2 0 2 2 2
2761.1 6567.6 1.3 244 0 15.6 18.8 2.5 2.5 2 0 1 4 4
2774.3 6552.4 1.5 250 0 15.5 16.4 5.0 2.5 2 0 2 0 0
2703.4 6528.0 0.6 167 0 18.2 18.9 5.0 2.5 2 1 2 4 4
2810.6 6573.3 2.0 354 0 14.2 11.0 5.0 2.5 2 0 2 4 4
2798.5 6661.1 1.2 258 0 16.9 19.7 2.5 2.5 2 1 1 0 0
2882.5 6480.5 4.1 356 0 28.5 21.4 5.0 2.5 2 0 2 3 3
2822.7 6478.7 3.1 76 0 18.5 16.0 7.5 0.0 0 0 3 1 1
1231.2 6843.6 4.1 81 0 35.2 21.8 15.0 0.0 0 0 6 1 1
1511.8 6816.5 3.1 258 0 10.5 12.9 7.5 2.5 2 1 3 0 0
1368.8 6830.3 4.8 288 0 15.1 7.6 7.5 2.5 4 0 3 3 3
1185.6 6798.0 4.4 261 0 18.8 22.8 12.5 2.5 2 1 5 1 1
1559.5 6811.0 2.4 252 0 10.5 17.4 7.5 2.5 2 1 3 1 1
3358.7 6833.0 -11.8 234 0 12.8 27.7 10.0 2.5 2 1 4 1 1
6448.6 6843.7 -7.4 67 0 8.0 19.0 7.5 2.5 2 1 3 4 4
6458.4 6805.2 -6.8 176 0 11.5 6.5 5.0 2.5 4 0 2 2 2
6611.7 6766.7 -6.2 71 0 11.3 11.6 5.0 2.5 2 1 2 4 4
-3737.0 4468.6 2.4 270 0 13.8 15.8 5.0 2.5 2 1 2 2 2
1549.7 5874.1 4.0 85 0 15.3 14.4 7.5 2.5 2 0 3 3 3
1250.3 5548.7 4.1 81 0 19.4 18.0 7.5 2.5 2 0 3 1 1
-2136.3 4937.1 4.4 161 0 14.3 16.3 2.5 2.5 2 1 1 3 3
878.9 2214.7 -0.6 241 0 10.3 25.5 10.0 2.5 2 1 4 1 1
-213.2 6331.2 1.0 94 0 9.9 8.3 7.5 0.0 0 0 3 5 5
-576.5 6407.9 -0.8 270 0 12.8 10.9 7.5 2.5 2 0 3 0 0
-636.5 6473.4 -0.2 264 0 5.8 12.4 5.0 2.5 2 1 2 5 5
-594.3 6578.5 1.6 358 0 13.2 12.1 7.5 2.5 2 0 3 1 1
-42.4 6276.7 5.5 94 0 12.3 8.4 5.0 2.5 2 0 2 1 1
-570.7 6717.0 3.7 172 0 14.3 13.7 7.5 2.5 2 0 3 5 5
-570.2 6678.6 -0.0 172 0 12.7 10.1 7.5 2.5 2 0 3 4 4
-428.5 6655.6 0.6 76 0 9.7 11.9 7.5 2.5 2 1 3 0 0
-316.9 6645.1 2.9 351 0 9.4 11.6 7.5 2.5 2 1 3 0 0
-292.4 6582.6 -2.0 354 0 8.1 8.8 2.5 2.5 2 1 1 3 3
-289.7 6501.4 -3.2 2 0 7.6 12.9 7.5 0.0 0 1 3 1 1
-269.9 6591.6 -2.1 180 0 13.2 15.8 5.0 2.5 2 1 2 0 0
-123.0 6464.8 1.4 75 0 17.7 14.0 5.0 2.5 2 0 2 2 2
-117.0 6327.1 2.8 69 0 11.1 8.2 7.5 2.5 4 0 3 3 3
115.9 6465.2 3.0 81 0 25.9 17.2 7.5 2.5 2 0 3 4 4
296.6 6645.0 -1.4 252 0 12.7 12.5 5.0 2.5 2 0 2 3 3
193.6 6545.1 0.9 160 0 8.5 18.3 5.0 2.5 2 1 2 5 5
263.2 6452.5 1.1 178 0 15.9 15.8 5.0 2.5 2 0 2 3 3
212.1 6490.9 0.8 173 0 13.7 15.2 10.0 2.5 2 1 4 4 4
404.7 6369.7 1.7 79 0 9.4 10.1 2.5 2.5 2 1 1 4 4
339.3 6365.4 2.2 179 0 8.2 11.3 2.5 2.5 2 1 1 5 5
340.2 6243.3 4.5 262 0 9.0 13.7 7.5 2.5 4 1 3 3 3
365.0 6136.8 2.9 84 0 13.0 10.9 7.5 2.5 2 0 3 4 4
316.8 6230.1 4.7 173 0 13.0 15.8 2.5 2.5 2 1 1 3 3
180.4 6191.1 3.7 83 0 9.1 8.9 7.5 2.5 2 0 3 5 5
363.6 5991.8 -1.6 167 0 9.8 15.1 2.5 2.5 2 1 1 4 4
307.3 5958.8 -3.1 265 0 7.7 9.2 7.5 2.5 2 1 3 2 2
177.8 5815.3 -6.7 70 0 12.1 12.5 5.0 2.5 2 1 2 4 4
133.0 5895.3 -4.4 82 0 6.1 11.8 5.0 2.5 2 1 2 4 4
61.0 5763.6 -6.5 355 0 13.5 9.6 7.5 2.5 2 0 3 5 5
-64.1 6024.9 1.0 72 0 9.5 8.6 5.0 0.0 0 0 2 5 5
-102.1 5718.2 -5.4 0 0 7.9 9.6 5.0 2.5 2 1 2 3 3
-140.1 5811.7 -2.9 162 0 11.0 19.2 7.5 2.5 2 1 3 2 2
-111.3 5670.5 -6.5 153 0 9.5 16.2 5.0 0.0 0 1 2 4 4
-210.1 5786.5 -2.4 78 0 8.9 7.8 7.5 2.5 2 0 3 3 3
-301.5 6001.5 3.6 89 0 9.4 15.3 7.5 2.5 2 1 3 1 1
-323.6 6059.6 5.0 171 0 14.6 9.0 7.5 0.0 0 0 3 4 4
-410.2 5739.2 -1.1 267 0 7.6 10.0 2.5 2.5 2 1 1 3 3
-447.8 5700.0 -1.7 255 0 10.0 15.1 2.5 0.0 0 1 1 1 1
-531.8 5603.9 -3.3 256 0 15.4 33.5 7.5 0.0 0 1 3 0 0
-528.9 5672.7 -0.9 81 0 9.7 13.7 7.5 2.5 2 1 3 1 1
-468.6 5633.5 -2.6 155 0 7.7 9.1 7.5 2.5 2 1 3 0 0
-493.4 5802.0 1.3 250 0 8.7 11.3 5.0 2.5 2 1 2 4 4
-553.5 5824.6 2.8 161 0 7.3 9.3 5.0 2.5 2 1 2 2 2
-608.7 5789.7 2.8 93 0 11.0 8.6 2.5 2.5 2 0 1 2 2
-573.1 5899.1 4.6 271 0 9.6 11.7 5.0 2.5 2 1 2 0 0
-764.7 5633.8 1.1 180 0 11.2 12.8 5.0 2.5 2 1 2 4 4
-682.7 5742.8 2.7 342 0 6.0 5.6 7.5 2.5 2 0 3 3 3
-723.0 5754.8 3.1 248 0 12.4 19.1 2.5 2.5 2 1 1 3 3
-673.1 5768.7 3.1 357 0 12.6 10.8 5.0 2.5 2 0 2 3 3
-772.3 5959.0 6.3 167 0 9.6 6.5 7.5 2.5 4 0 3 2 2
-494.1 6105.6 4.8 269 0 16.1 14.0 7.5 2.5 2 0 3 2 2
-547.6 6235.5 2.9 177 0 8.2 10.2 5.0 0.0 0 1 2 0 0
-274.7 6186.7 4.3 73 0 9.5 7.9 5.0 0.0 0 0 2 2 2
-145.6 6024.3 2.0 345 0 11.7 15.4 7.5 0.0 0 1 3 3 3
-188.2 5907.0 -0.2 263 0 13.8 9.8 5.0 0.0 0 0 2 1 1
-492.0 6371.8 -2.9 360 0 9.1 11.4 7.5 2.5 2 1 3 0 0
-464.1 6440.7 -6.1 260 0 10.8 10.2 7.5 0.0 0 0 3 1 1
-375.1 6500.3 -5.2 94 0 8.4 7.6 5.0 2.5 2 0 2 3 3
-588.8 6443.3 -1.5 84 0 11.1 5.6 7.5 2.5 2 0 3 5 5
-281.3 5701.0 -3.5 124 0 7.3 12.7 5.0 0.0 0 1 2 1 1
-761.5 5572.2 -0.3 175 0 7.1 7.6 2.5 0.0 0 1 1 3 3
-146.0 3250.6 -3.0 77 0 17.4 17.8 10.0 2.5 2 1 4 4 4
-97.4 3079.8 -3.0 112 0 17.4 21.3 7.5 2.5 2 1 3 5 5
-519.0 3830.6 3.0 271 0 14.5 23.7 10.0 0.0 0 1 4 1 1
-650.9 3726.4 4.5 340 0 16.1 16.5 5.0 2.5 2 1 2 5 5
-686.6 3747.6 4.7 238 0 15.9 16.4 10.0 2.5 2 1 4 2 2
-545.3 3511.7 -0.0 64 0 19.9 22.7 10.0 2.5 2 1 4 3 3
-592.5 3419.5 0.7 163 0 20.9 17.9 10.0 0.0 0 0 4 1 1
-634.4 3472.0 0.5 160 0 18.5 20.5 10.0 2.5 2 1 4 1 1
6870.4 5698.7 -4.5 251 0 12.1 12.8 2.5 0.0 0 1 1 0 0
6813.4 5690.0 -4.1 248 0 9.8 12.5 7.5 2.5 2 1 3 1 1
6708.5 5571.9 -4.3 157 0 6.3 9.7 5.0 2.5 2 1 2 3 3
6696.1 5527.7 -4.1 340 0 12.5 12.9 2.5 0.0 0 1 1 2 2
6691.5 5493.5 -3.8 340 0 7.5 5.8 5.0 2.5 2 0 2 3 3
6680.6 5461.7 -3.8 345 0 6.2 5.8 7.5 2.5 2 0 3 3 3
6646.0 5551.7 -3.9 236 0 7.5 22.6 5.0 2.5 2 1 2 3 3
6616.5 5532.5 -4.5 197 0 16.4 11.3 7.5 2.5 2 0 3 5 5
6465.8 5482.9 -3.0 152 0 11.8 6.8 7.5 2.5 2 0 3 3 3
6466.9 5412.2 -2.8 343 0 9.2 14.9 2.5 2.5 2 1 1 2 2
6404.9 5637.1 -2.8 67 0 13.9 12.3 5.0 2.5 2 0 2 1 1
6465.4 5583.5 -3.9 159 0 13.6 20.6 7.5 0.0 0 1 3 3 3
6449.8 5676.2 -3.9 334 0 10.6 15.9 5.0 2.5 2 1 2 1 1
6499.0 5638.0 -4.4 336 0 10.9 14.2 2.5 2.5 2 1 1 3 3
6426.4 5830.8 -4.6 159 0 14.7 14.6 2.5 2.5 2 0 1 0 0
6420.6 5864.7 -4.6 161 0 15.5 7.3 5.0 0.0 0 0 2 1 1
6482.1 5925.9 -4.9 68 0 11.6 8.9 5.0 2.5 2 0 2 1 1
6497.0 5962.9 -4.7 337 0 15.7 13.5 5.0 2.5 2 0 2 5 5
6457.6 5983.7 -4.9 337 0 6.0 9.8 2.5 2.5 2 1 1 0 0
6401.2 6102.1 -5.1 253 0 8.1 8.0 2.5 2.5 2 0 1 2 2
6435.1 6124.7 -4.9 252 0 13.4 12.6 7.5 2.5 2 0 3 2 2
6434.2 6147.2 -4.8 255 0 13.8 11.3 7.5 0.0 0 0 3 0 0
2197.8 4805.9 -1.4 160 0 18.4 13.8 10.5 3.5 2 0 3 2 2
-311.4 3403.7 -2.0 73 0 19.2 18.2 7.5 2.5 2 0 3 3 3
-312.9 3923.9 0.5 56 0 25.5 11.7 10.0 2.5 2 0 4 3 3
-321.5 3955.0 0.1 236 0 16.1 13.2 5.0 2.5 2 0 2 5 5
6469.1 4314.2 -3.3 78 0 12.6 8.8 5.0 2.5 2 0 2 3 3
6477.8 4346.6 -3.2 257 0 9.2 6.4 5.0 2.5 2 0 2 0 0
2419.5 4881.2 -1.1 339 0 16.8 19.8 10.5 3.5 4 1 3 4 4
6754.0 4754.8 -3.8 353 0 20.0 19.4 10.0 2.5 2 0 4 2 2
6725.2 4843.3 -3.9 262 0 16.8 10.8 7.5 2.5 4 0 3 2 2
6625.5 4511.5 -2.8 90 0 15.7 14.2 5.0 2.5 2 0 2 4 4
6493.4 4743.0 -2.6 258 0 11.7 12.8 7.5 2.5 2 1 3 4 4
6601.5 4788.5 -2.9 172 0 10.2 13.3 7.5 2.5 2 1 3 3 3
6493.9 4869.4 -2.7 85 0 20.6 11.1 10.0 2.5 2 0 4 0 0
6457.5 5240.0 -2.9 77 0 14.3 14.5 5.0 2.5 2 1 2 3 3
6442.0 5313.9 -2.9 157 0 14.8 14.9 5.0 2.5 2 1 2 0 0
6413.9 5245.3 -2.8 247 0 15.7 14.5 2.5 2.5 2 0 1 2 2
6577.9 5153.6 -3.2 168 0 13.6 15.5 5.0 2.5 2 1 2 2 2
6518.3 5194.7 -2.9 160 0 12.1 12.2 7.5 2.5 2 1 3 1 1
6859.3 4953.9 -4.2 254 0 5.6 7.2 7.5 0.0 0 1 3 2 2
5018.8 5611.7 -1.2 73 0 12.9 17.9 5.0 2.5 2 1 2 4 4
4978.1 5666.5 -1.2 163 0 16.9 16.3 10.0 2.5 2 0 4 1 1
4873.8 5679.3 -3.1 163 0 23.7 11.1 7.5 2.5 2 0 3 0 0
5175.7 5992.6 -2.1 81 0 15.1 15.3 5.0 2.5 2 1 2 0 0
4795.9 5709.0 -3.9 338 0 13.1 14.6 5.0 2.5 2 1 2 1 1
4574.0 5938.8 -2.2 82 0 22.3 24.8 7.5 0.0 0 1 3 5 5
4465.1 5932.4 0.9 341 0 34.6 42.9 5.0 0.0 0 1 2 5 5
4232.9 5710.7 -2.6 254 0 35.4 28.4 10.0 0.0 0 0 4 4 4
4272.4 5690.8 -2.6 69 0 13.1 30.6 12.5 2.5 2 1 5 2 2
1745.8 5940.4 3.5 90 0 11.4 12.0 7.5 2.5 2 1 3 0 0
1657.0 5989.4 3.8 177 0 12.8 7.5 5.0 2.5 2 0 2 0 0
1624.6 6003.5 4.0 254 0 9.1 14.0 7.5 2.5 2 1 3 4 4
1720.8 5945.1 3.5 176 0 9.1 6.9 5.0 2.5 2 0 2 1 1
1745.3 6756.6 -0.5 4 0 7.2 13.2 5.0 2.5 2 1 2 5 5
1784.0 6700.1 -2.9 87 0 12.7 9.8 7.5 2.5 2 0 3 4 4
1783.5 6687.0 -3.3 79 0 9.8 8.2 7.5 2.5 2 0 3 2 2
1818.2 6738.8 -2.2 254 0 12.7 14.0 7.5 2.5 2 1 3 0 0
1807.7 6320.1 -6.5 254 0 12.7 7.9 5.0 2.5 2 0 2 3 3
1820.6 6299.0 -4.7 340 0 10.0 12.4 5.0 2.5 2 1 2 3 3
1836.4 6254.4 2.3 330 0 8.0 9.0 7.5 2.5 2 1 3 2 2
1765.7 6259.9 -2.5 177 0 8.6 9.9 5.0 2.5 2 1 2 4 4
1779.8 6193.0 4.2 85 0 10.1 13.1 10.0 2.5 4 1 4 3 3
1870.7 6146.8 3.7 82 0 16.0 14.8 5.0 2.5 2 0 2 2 2
1905.4 6113.2 3.5 84 0 15.7 14.1 10.0 2.5 2 0 4 4 4
1818.4 6044.1 3.6 175 0 13.8 12.3 5.0 2.5 2 0 2 2 2
1871.4 6073.1 3.5 255 0 11.7 17.2 10.0 2.5 2 1 4 2 2
1889.3 6077.5 3.4 243 0 12.7 11.3 7.5 2.5 2 0 3 2 2
1910.2 6064.4 3.3 261 0 10.8 10.1 5.0 2.5 2 0 2 0 0
1925.9 6065.5 3.2 261 0 6.7 10.9 7.5 0.0 0 1 3 4 4
1971.4 6023.3 3.0 77 0 8.9 8.4 7.5 2.5 2 0 3 4 4
2004.9 6133.2 3.0 92 0 14.9 8.2 7.5 2.5 2 0 3 0 0
1943.2 6218.8 3.5 178 0 6.9 8.2 5.0 2.5 2 1 2 3 3
2027.2 6306.4 3.1 261 0 14.2 14.1 7.5 2.5 2 0 3 3 3
2067.5 6228.0 3.0 263 0 12.6 15.9 5.0 2.5 2 1 2 3 3
2056.2 6193.0 3.0 77 0 8.9 5.9 2.5 2.5 2 0 1 4 4
2096.5 6338.5 1.0 83 0 11.8 12.3 5.0 2.5 2 1 2 0 0
2131.8 6373.0 -1.0 349 0 12.4 11.8 7.5 0.0 0 0 3 5 5
2150.2 6239.1 2.9 163 0 12.4 17.3 7.5 2.5 2 1 3 4 4
2215.4 6210.8 2.6 263 0 11.7 11.1 2.5 2.5 2 0 1 5 5
2269.9 6196.2 2.4 254 0 11.2 10.3 7.5 0.0 0 0 3 5 5
2286.0 6178.7 2.3 79 0 10.7 15.0 7.5 0.0 0 1 3 4 4
2281.8 6291.6 2.1 3 0 22.2 16.8 10.0 2.5 2 0 4 4 4
2313.3 6110.0 1.9 240 0 15.1 11.7 5.0 2.5 2 0 2 0 0
2267.2 6105.2 2.0 251 0 14.6 12.1 2.5 2.5 2 0 1 1 1
2266.2 6077.5 1.9 161 0 15.4 9.7 7.5 2.5 2 0 3 3 3
2384.6 6042.6 1.4 267 0 11.1 12.2 7.5 2.5 2 1 3 2 2
2253.2 6042.3 1.8 175 0 22.8 15.5 7.5 2.5 2 0 3 5 5
2275.3 5993.2 1.6 94 0 24.4 21.5 10.0 2.5 2 0 4 5 5
2298.6 5843.2 1.1 75 0 15.3 13.6 5.0 2.5 2 0 2 3 3
2478.1 6630.2 -3.4 172 0 17.3 11.6 5.0 2.5 2 0 2 5 5
