3442.2 5430.9 -39.1 359 0 8.9 9.0 7.5 2.5 2 1 3 4 4
3166.7 5272.4 -47.6 176 0 12.3 7.3 7.5 2.5 2 0 3 3 3
2494.5 5307.1 -7.7 97 0 6.1 28.5 7.0 2.5 2 1 2 3 3
2484.6 5293.3 -4.6 187 0 19.6 17.6 12.5 2.5 2 0 5 1 1
5341.8 1151.4 -62.3 105 0 14.0 22.0 10.5 0.0 0 1 3 1 1
1716.2 4393.5 -63.9 93 0 15.5 17.8 7.5 2.5 2 1 3 5 5
1758.8 4452.9 -65.2 270 0 11.1 10.2 7.5 0.0 0 0 3 5 5
-619.9 -2214.8 32.6 278 0 48.0 31.7 10.0 0.0 0 0 4 5 5
-665.3 -2142.2 30.5 269 0 20.2 17.0 7.5 2.5 2 0 3 3 3
-642.6 -2146.3 31.3 279 0 14.8 12.2 5.0 2.5 2 0 2 3 3
-5128.6 -2003.8 -74.0 180 0 22.2 38.8 7.5 0.0 0 1 3 1 1
1829.3 3870.9 -43.7 136 0 31.4 9.6 7.5 2.5 2 0 3 2 2
1813.3 3857.1 -42.6 200 0 15.0 13.2 7.0 2.5 2 0 2 0 0
1768.0 3915.5 -45.3 122 0 9.4 14.7 7.5 2.5 2 1 3 3 3
1825.0 3934.2 -46.4 189 0 23.4 10.1 10.0 2.5 2 0 4 5 5
5191.1 810.7 -57.4 213 0 27.7 23.3 14.0 0.0 0 0 4 1 1
-6232.0 -5792.6 -71.8 84 0 54.9 65.2 10.0 0.0 0 1 4 4 4
-5958.2 -5711.0 -64.0 359 0 45.6 41.3 10.0 0.0 0 0 4 4 4
-6592.6 -5774.9 -76.3 267 0 20.1 31.7 7.5 0.0 0 1 3 5 5
6377.6 5892.8 -74.7 2 0 80.6 69.3 12.5 0.0 0 0 5 5 5
5966.2 -2463.4 1.6 40 0 40.1 27.9 10.0 0.0 0 0 4 2 2
5810.9 -2248.6 3.4 203 0 64.5 30.2 12.5 0.0 0 0 5 2 2
5923.5 -2262.4 -0.7 107 0 18.2 36.6 12.5 2.5 2 1 5 5 5
6078.9 -2343.5 4.9 21 0 38.0 23.0 10.0 0.0 0 0 4 5 5
5918.9 -2452.2 1.1 275 0 16.2 23.9 10.0 2.5 2 1 4 4 4
5887.6 -2507.9 -1.4 88 0 13.8 15.7 10.5 2.5 4 1 3 2 2
5873.5 -2196.3 2.4 289 0 19.1 39.5 12.5 2.5 2 0 5 3 3
5899.2 -2203.8 0.6 287 0 24.9 17.1 10.0 2.5 2 0 4 1 1
5922.2 -2048.7 5.1 294 0 14.1 20.8 10.0 2.5 2 1 4 0 0
5937.7 -2108.0 2.0 358 0 17.0 12.3 7.0 2.5 2 0 2 1 1
6122.8 -2288.9 6.5 17 0 16.6 16.6 10.0 0.0 0 1 4 1 1
6006.0 -2320.0 4.4 137 0 12.9 18.4 12.5 2.5 2 1 5 2 2
-2621.1 -4061.4 -37.5 94 0 23.2 29.5 12.5 0.0 0 1 5 0 0
-3036.2 3625.4 -56.6 358 0 44.4 31.0 10.0 0.0 0 0 4 5 5
4888.4 1150.7 -74.3 88 0 32.8 27.8 10.0 0.0 0 0 4 3 3
4303.2 1651.1 -75.1 325 0 21.6 36.8 17.5 0.0 0 1 7 4 4
4075.3 1743.3 -69.6 275 0 28.4 20.5 10.0 2.5 2 0 4 3 3
3786.3 2561.1 -70.9 190 0 22.1 53.2 7.5 2.5 2 1 3 2 2
4093.0 6491.4 6.2 258 0 11.4 54.1 7.5 2.5 2 1 3 5 5
4041.4 6294.4 4.1 75 0 32.0 22.5 10.0 0.0 0 0 4 4 4
4004.5 6463.9 4.0 205 0 34.5 37.0 12.5 0.0 0 1 5 3 3
2144.8 6538.8 -48.6 282 0 52.9 43.0 15.0 0.0 0 0 6 1 1
-4816.6 -6831.6 -15.8 41 0 40.1 63.3 10.0 0.0 0 1 4 2 2
1922.2 4050.4 -54.3 172 0 12.9 17.6 5.0 2.5 2 1 2 0 0
1794.0 4112.1 -55.9 355 0 11.7 12.5 7.5 2.5 2 1 3 1 1
1800.0 4109.2 -55.7 270 0 5.0 6.2 5.0 2.5 2 1 2 0 0
1922.1 4025.9 -52.6 173 1 12.5 18.4 10.0 2.5 2 1 4 4 4
1881.1 3992.1 -49.7 271 0 12.5 10.9 5.0 2.5 2 0 2 0 0
1921.5 3984.4 -49.7 177 0 15.0 23.1 10.0 2.5 2 1 4 1 1
1833.4 3844.0 -42.5 311 0 8.7 19.7 7.0 2.5 2 1 2 0 0
1798.3 4060.4 -54.6 180 0 14.6 13.2 5.0 2.5 4 0 2 2 2
1833.7 4138.7 -57.0 178 0 11.6 11.3 5.0 2.5 4 0 2 2 2
1857.4 4138.7 -57.3 86 0 9.0 13.3 5.0 2.5 2 1 2 1 1
1870.4 4079.9 -55.5 181 0 13.6 7.0 2.5 2.5 2 0 1 5 5
1927.4 4150.3 -57.8 359 0 14.3 21.1 10.0 2.5 2 1 4 3 3
2467.9 3838.6 -39.6 340 0 38.3 13.3 12.5 2.5 2 0 5 5 5
755.0 5217.9 -50.6 20 0 23.5 18.7 15.0 0.0 0 0 6 0 0
1503.2 4524.2 -66.1 268 0 37.9 26.3 10.0 0.0 0 0 4 1 1
1463.0 4622.5 -65.9 178 0 20.9 24.8 10.0 2.5 2 1 4 0 0
1976.8 4619.9 -67.0 86 0 8.2 21.4 5.0 2.5 2 1 2 1 1
1911.4 4119.4 -57.1 90 0 9.8 16.4 5.0 0.0 0 1 2 0 0
1814.0 4175.8 -57.9 359 0 11.6 11.2 5.0 0.0 0 0 2 3 3
2115.0 3917.2 -52.1 84 0 17.3 15.1 7.5 0.0 0 0 3 1 1
2058.0 3677.7 -46.0 84 0 9.7 11.6 5.0 2.5 2 1 2 2 2
1906.6 3796.2 -43.0 134 0 21.0 5.8 2.5 2.5 2 0 1 3 3
1614.4 -3422.2 37.7 209 0 13.4 48.3 15.0 2.5 2 1 6 2 2
-3623.3 3183.7 -62.9 0 0 12.4 15.4 7.5 2.5 2 1 3 3 3
-3637.8 3251.0 -58.5 276 0 11.0 9.7 5.0 2.5 4 0 2 2 2
-3634.3 3209.7 -61.7 8 0 18.9 16.4 12.5 2.5 2 0 5 3 3
-3713.3 3290.6 -51.3 98 0 12.2 21.4 12.5 2.5 2 1 5 5 5
-3719.2 3373.1 -49.3 8 0 13.5 13.8 7.5 2.5 2 1 3 0 0
-3682.9 3424.0 -53.7 86 0 16.7 13.4 7.5 2.5 2 0 3 2 2
-3649.4 3444.6 -55.2 104 0 11.4 13.7 7.5 2.5 2 1 3 0 0
-3597.6 3644.7 -55.1 87 0 13.4 14.2 5.0 2.5 2 0 2 1 1
-3523.9 3721.4 -58.0 5 0 16.0 13.7 7.5 2.5 2 0 3 0 0
-3626.4 3645.5 -53.2 89 0 10.8 14.4 5.0 2.5 2 1 2 2 2
-3595.0 3722.6 -54.2 266 0 14.7 13.1 7.5 2.5 2 0 3 3 3
-3675.5 3779.9 -49.1 186 0 14.6 13.5 7.5 2.5 2 0 3 0 0
-3708.2 3783.0 -47.5 350 0 11.7 26.1 12.5 0.0 0 1 5 4 4
-3664.3 3886.0 -50.5 74 0 18.5 14.2 12.5 2.5 2 0 5 3 3
-3670.4 3810.3 -50.1 173 0 10.9 13.0 10.0 0.0 0 1 4 1 1
-3729.1 3562.3 -49.2 168 0 14.9 17.9 10.0 2.5 2 1 4 1 1
-3814.8 3593.7 -42.6 81 0 15.8 13.5 2.5 2.5 2 0 1 2 2
-3966.2 3464.8 -27.5 176 0 12.6 18.0 7.5 2.5 2 1 3 3 3
-3972.6 3495.3 -25.8 183 0 16.7 13.3 7.5 2.5 2 0 3 0 0
-3952.8 3482.6 -28.6 175 0 15.6 14.0 7.5 2.5 2 0 3 0 0
-3916.3 3483.6 -31.1 12 0 16.0 14.1 5.0 2.5 4 0 2 5 5
-3908.5 3398.5 -34.8 7 0 24.0 16.6 10.0 2.5 2 0 4 1 1
-3924.4 3217.3 -47.9 105 0 12.5 17.1 5.0 2.5 2 1 2 3 3
-4264.3 3802.6 13.3 266 0 21.2 14.5 12.5 0.0 0 0 5 3 3
-4326.1 3662.7 17.1 83 0 25.7 19.2 7.5 2.5 4 0 3 1 1
-4290.5 3851.0 16.3 101 0 20.2 17.8 10.0 0.0 0 0 4 5 5
-4325.9 3902.7 18.7 272 0 22.5 25.1 12.5 2.5 2 1 5 0 0
-4383.2 3923.3 22.2 185 0 14.0 15.5 7.5 2.5 2 1 3 1 1
-4449.1 3913.5 25.5 270 0 18.0 18.9 10.0 2.5 2 1 4 3 3
-4506.7 3860.5 27.1 93 0 24.0 15.4 10.0 2.5 2 0 4 5 5
-4408.7 3987.6 26.4 164 0 31.8 20.9 10.0 0.0 0 0 4 0 0
-4472.2 4207.9 42.7 170 0 11.1 19.8 5.0 2.5 2 1 2 4 4
-4565.7 4232.5 43.8 257 0 14.0 9.1 7.5 2.5 2 0 3 5 5
-4629.3 4267.7 43.3 170 0 11.9 22.0 10.0 2.5 2 1 4 1 1
-4628.6 4201.6 41.7 287 0 15.4 12.9 2.5 2.5 2 0 1 3 3
-4653.2 4210.2 41.4 298 0 10.5 11.6 5.0 2.5 2 1 2 3 3
-4637.5 4403.2 48.9 266 0 15.2 13.8 5.0 2.5 2 0 2 5 5
-4726.8 4522.5 45.3 174 0 20.9 18.7 12.5 2.5 2 0 5 2 2
-4717.2 4562.7 46.3 264 0 15.8 17.8 7.5 2.5 2 1 3 2 2
-4754.2 4515.8 41.5 354 0 16.3 12.7 5.0 2.5 2 0 2 1 1
-4805.8 4520.5 34.3 81 0 14.4 14.3 5.0 2.5 2 0 2 5 5
-4625.9 4609.5 55.0 83 0 10.8 52.5 15.0 0.0 0 1 6 5 5
-4600.6 4648.0 56.3 7 0 35.0 13.8 10.0 2.5 2 0 4 0 0
-4553.5 4517.3 52.8 174 0 13.8 9.9 5.0 2.5 2 0 2 5 5
-4523.1 4468.5 49.5 87 0 14.2 14.9 7.5 2.5 2 1 3 4 4
-4384.1 4993.1 63.1 85 0 14.3 17.4 7.5 2.5 2 1 3 4 4
-4366.8 5024.7 62.4 348 0 15.3 16.4 2.5 2.5 2 1 1 0 0
-4442.6 5187.2 73.2 357 0 11.5 17.8 5.0 2.5 2 1 2 2 2
-4544.5 5137.0 67.4 144 0 20.6 16.5 10.0 2.5 2 0 4 3 3
-4416.5 5101.0 69.9 343 0 17.6 13.7 2.5 2.5 2 0 1 5 5
-4524.4 5245.2 66.3 352 0 8.9 13.9 5.0 2.5 2 1 2 2 2
-4567.1 5206.3 72.5 178 0 15.9 15.0 10.0 2.5 2 0 4 1 1
-4326.4 5488.9 67.8 31 0 13.0 26.8 10.0 2.5 2 1 4 2 2
-4339.5 5476.1 65.7 22 0 21.0 21.9 12.5 2.5 2 1 5 0 0
-4137.7 5271.3 1.4 357 0 28.1 23.8 10.0 0.0 0 0 4 5 5
-3959.9 5325.2 14.9 17 0 19.4 26.5 10.0 2.5 2 1 4 1 1
-3829.8 5356.8 12.8 66 0 32.7 28.0 12.5 0.0 0 0 5 0 0
-3943.0 5483.7 37.4 215 0 21.9 42.3 15.0 2.5 2 1 6 1 1
-3903.6 5422.3 32.8 134 0 35.4 16.5 12.5 2.5 2 0 5 5 5
-3847.9 5410.6 23.0 338 0 13.1 20.6 10.0 2.5 2 1 4 3 3
-3756.1 4937.9 -43.7 92 0 15.2 16.0 7.5 0.0 0 1 3 2 2
-3505.6 5183.9 -46.9 14 0 17.1 26.3 7.5 0.0 0 1 3 0 0
-3352.9 5375.3 -42.0 202 0 10.2 9.2 5.0 2.5 2 0 2 1 1
-3346.9 4889.5 -30.5 358 0 12.7 16.3 2.5 2.5 2 1 1 2 2
-3375.7 4942.0 -35.9 167 0 14.8 15.0 5.0 2.5 2 1 2 4 4
-3432.6 4765.6 -41.4 8 0 13.0 10.1 7.5 2.5 2 0 3 0 0
-3472.6 4397.3 -46.0 261 0 20.2 13.6 10.0 2.5 2 0 4 3 3
-3519.6 4462.7 -46.3 84 0 13.0 15.1 7.5 2.5 2 1 3 1 1
-3539.4 4525.3 -46.8 177 0 20.6 16.5 12.5 2.5 2 0 5 0 0
-3456.7 4520.1 -42.2 264 0 9.9 12.7 2.5 2.5 2 1 1 0 0
-3325.8 4065.2 -49.4 355 0 16.7 12.3 7.5 2.5 2 0 3 4 4
-3199.5 4129.6 -39.2 80 0 17.0 24.1 7.5 2.5 2 1 3 5 5
-2901.9 4013.0 -52.7 83 0 9.5 8.7 2.5 2.5 2 0 1 3 3
-2910.3 4053.0 -51.3 183 0 11.3 15.1 7.5 2.5 4 1 3 5 5
-2861.1 4162.5 -47.7 357 0 14.2 16.6 7.5 2.5 2 1 3 4 4
-2854.7 4233.9 -45.0 358 0 20.8 19.9 10.0 2.5 2 0 4 1 1
-3080.4 4219.2 -37.7 82 0 15.5 13.1 2.5 2.5 2 0 1 2 2
-2898.0 3422.7 -45.8 264 0 7.9 7.6 5.0 2.5 4 0 2 0 0
-3204.6 3363.2 -57.6 356 0 14.5 10.7 5.0 2.5 2 0 2 1 1
-1614.3 2090.7 -35.8 272 0 13.7 22.1 10.0 2.5 2 1 4 1 1
-1619.2 1830.9 -27.0 90 0 18.3 11.4 5.0 2.5 2 0 2 3 3
-1655.6 1872.0 -25.9 84 0 10.6 18.9 7.5 2.5 2 1 3 0 0
-1742.5 1721.6 -10.7 86 0 9.3 10.1 5.0 2.5 2 1 2 5 5
-1694.7 2015.8 -28.8 199 0 13.0 12.4 5.0 0.0 0 0 2 4 4
-1618.7 2033.3 -33.8 357 0 12.1 10.7 7.5 2.5 4 0 3 2 2
-1548.8 1966.5 -35.6 270 0 21.5 18.7 10.0 2.5 2 0 4 5 5
-1609.7 1879.7 -29.2 0 0 14.3 8.6 7.5 0.0 0 0 3 0 0
-1773.7 2226.3 -30.7 270 0 17.5 20.5 10.0 2.5 2 1 4 0 0
-1750.7 2151.6 -30.2 88 0 12.2 19.0 10.0 2.5 2 1 4 2 2
-1814.8 2122.9 -22.4 272 0 13.7 15.8 5.0 2.5 2 1 2 5 5
-1658.5 2309.1 -36.2 270 0 19.2 15.8 7.5 2.5 2 0 3 1 1
-1589.1 2317.2 -37.3 0 0 21.4 13.1 12.5 2.5 2 0 5 5 5
-1554.7 2367.9 -37.2 0 0 18.5 11.6 5.0 2.5 2 0 2 4 4
-1588.5 2380.6 -36.5 274 0 14.0 17.3 10.0 2.5 2 1 4 0 0
-1694.1 2403.2 -30.8 92 0 15.2 10.9 5.0 2.5 2 0 2 1 1
5428.8 1876.2 -69.3 270 0 10.7 22.4 14.0 3.5 2 1 4 3 3
5366.5 1852.7 -71.3 272 0 10.5 15.7 14.0 3.5 2 1 4 1 1
5356.1 1778.8 -79.4 88 0 11.8 9.9 10.5 3.5 2 0 3 2 2
5277.6 1934.6 -63.8 5 0 3.9 13.6 2.5 2.5 2 1 1 4 4
5276.6 1956.9 -61.2 0 0 6.6 10.6 2.5 2.5 2 1 1 5 5
-5271.9 -6781.1 -50.1 242 0 14.2 22.1 12.5 2.5 2 1 5 2 2
-4670.5 -6712.8 -4.5 164 0 16.2 14.6 10.0 2.5 4 0 4 3 3
-4631.9 -6693.3 -3.6 259 0 11.3 15.5 2.5 2.5 4 1 1 5 5
-3635.8 -5910.5 22.5 356 0 23.3 30.3 12.5 0.0 0 0 5 1 1
-3641.8 -5887.1 21.3 348 0 17.8 16.2 12.5 2.5 2 0 5 0 0
-3736.4 -5887.5 26.4 185 0 13.9 20.4 7.5 2.5 2 1 3 5 5
-2773.3 4259.1 -46.5 86 0 24.3 21.4 12.5 2.5 2 0 5 3 3
-2698.9 4066.2 -55.8 85 0 15.1 20.4 12.5 2.5 2 1 5 2 2
-501.3 4408.6 -5.1 271 0 5.1 13.5 5.0 2.5 2 1 2 5 5
-600.0 4685.3 14.0 71 0 9.4 11.3 7.5 2.5 4 1 3 1 1
-592.4 4737.3 13.1 53 0 12.0 12.6 7.5 2.5 2 1 3 2 2
-528.9 4522.9 -4.3 320 0 18.3 4.5 5.0 2.5 2 0 2 0 0
-537.1 4363.6 0.5 131 0 15.3 12.7 5.0 0.0 0 0 2 3 3
-778.6 4762.4 20.6 177 0 16.5 9.0 5.0 2.5 2 0 2 5 5
-758.4 4807.4 24.8 350 0 13.0 13.7 7.5 2.5 2 1 3 3 3
-848.4 4671.7 22.0 64 0 11.9 8.4 2.5 2.5 2 0 1 4 4
-876.3 4646.5 23.1 286 0 14.9 18.1 12.5 0.0 0 1 5 2 2
-888.6 4884.1 13.9 170 0 9.4 28.1 7.5 2.5 2 1 3 4 4
-971.8 4871.9 7.2 64 0 21.0 12.4 12.5 2.5 2 0 5 5 5
-988.7 4897.8 3.0 230 0 16.9 11.0 5.0 2.5 2 0 2 3 3
-715.2 4580.9 24.8 201 0 8.5 18.6 7.5 2.5 2 1 3 1 1
-924.1 4368.7 43.7 318 0 6.9 35.4 2.5 2.5 4 1 1 4 4
-936.7 4384.5 40.7 325 0 7.1 32.5 7.5 2.5 2 1 3 1 1
-1334.0 4423.7 48.7 6 0 10.1 12.3 2.5 2.5 2 1 1 4 4
-1384.7 4423.2 46.9 176 0 13.4 10.7 5.0 2.5 2 0 2 2 2
-1392.7 4597.8 33.9 349 0 12.1 8.5 5.0 2.5 2 0 2 2 2
-1415.0 4564.1 35.8 170 0 8.9 8.4 5.0 2.5 2 0 2 5 5
-1500.9 4458.3 34.2 111 0 14.1 13.3 7.5 0.0 0 0 3 3 3
-1482.1 4703.2 23.6 144 0 10.4 13.9 5.0 2.5 2 1 2 2 2
-1466.5 4748.8 21.0 167 0 12.3 12.8 7.5 2.5 2 1 3 4 4
-1303.2 4757.8 26.4 346 0 10.9 8.9 5.0 2.5 2 0 2 4 4
-1167.2 4783.4 29.8 172 0 9.0 11.6 7.5 2.5 2 1 3 1 1
-1127.7 4664.2 38.9 16 0 12.5 19.5 5.0 2.5 2 1 2 0 0
-1096.9 4432.7 44.7 90 0 12.2 14.4 2.5 0.0 0 1 1 4 4
583.2 4675.6 -34.0 90 0 14.6 12.6 5.0 2.5 2 0 2 1 1
-6771.5 -5739.1 -72.0 191 0 17.2 19.0 10.0 2.5 2 1 4 3 3
-1453.0 4307.3 48.8 180 0 18.3 12.5 5.0 2.5 2 0 2 2 2
-1175.3 4180.4 57.4 302 0 13.7 20.1 12.5 2.5 2 1 5 2 2
-6806.2 1100.1 35.8 199 0 14.6 19.2 10.0 2.5 2 1 4 4 4
-6753.7 1106.0 35.9 154 0 18.4 16.2 12.5 2.5 2 0 5 2 2
-6725.5 1069.0 34.7 90 0 20.4 21.3 10.0 2.5 2 1 4 3 3
-6696.9 1086.2 34.3 94 0 11.2 15.0 7.5 2.5 2 1 3 0 0
-6731.1 951.6 24.6 349 0 18.0 18.5 10.0 2.5 4 1 4 5 5
-6705.5 919.1 22.8 157 0 19.3 15.3 12.5 2.5 2 0 5 4 4
-6672.0 887.9 23.7 11 0 24.2 18.9 12.5 0.0 0 0 5 3 3
855.1 -5086.4 23.2 103 0 17.3 25.0 10.0 2.5 2 1 4 5 5
808.1 -5004.5 27.9 192 0 19.9 14.0 12.5 2.5 4 0 5 1 1
892.7 -5110.5 17.1 71 0 15.2 16.2 5.0 2.5 2 1 2 0 0
846.6 -5119.6 20.5 91 0 13.5 19.2 12.5 0.0 0 1 5 4 4
1022.6 -4910.9 6.4 89 0 12.7 16.8 10.0 2.5 2 1 4 2 2
1158.9 -4161.7 49.0 101 0 10.4 9.5 5.0 2.5 2 0 2 4 4
1741.1 -4263.3 37.7 169 0 22.0 23.6 12.5 2.5 2 1 5 1 1
850.1 -4587.5 36.7 265 0 36.5 21.6 10.0 0.0 0 0 4 2 2
788.3 -4401.0 36.7 73 0 12.8 18.3 5.0 2.5 2 1 2 5 5
901.2 -4283.2 43.3 84 0 23.9 27.6 14.0 3.5 2 1 4 0 0
86.0 -6403.0 23.2 26 0 13.0 34.3 12.5 2.5 2 1 5 5 5
13.9 -6412.7 21.1 195 0 9.9 39.8 7.5 0.0 0 1 3 4 4
10.7 -6430.7 20.5 194 0 11.1 42.4 10.0 2.5 2 1 4 3 3
106.2 -6233.4 27.1 85 0 20.4 12.1 10.0 2.5 2 0 4 1 1
528.6 -5932.3 19.9 270 0 40.7 28.4 10.0 0.0 0 0 4 4 4
439.2 -5881.2 22.3 114 0 38.6 47.6 12.5 0.0 0 1 5 5 5
519.1 -5751.4 13.4 126 0 25.6 27.8 12.5 0.0 0 1 5 3 3
471.2 -5703.8 10.5 153 0 27.4 17.8 10.0 2.5 2 0 4 4 4
783.0 -5059.0 25.0 268 0 11.7 9.4 7.5 2.5 2 0 3 1 1
786.3 -5114.5 22.6 74 0 20.8 16.5 12.5 2.5 2 0 5 4 4
816.5 -4800.9 24.1 88 0 17.9 22.3 12.5 2.5 2 1 5 2 2
747.2 -4785.2 24.2 184 0 16.2 16.5 10.0 2.5 2 1 4 2 2
1016.3 -4148.9 44.6 169 0 13.0 15.1 7.5 2.5 2 1 3 3 3
895.6 -4073.2 38.1 183 0 22.0 16.5 10.5 3.5 4 0 3 5 5
1656.9 -4320.4 41.4 87 0 13.4 19.7 14.0 3.5 2 1 4 2 2
1827.4 -4279.3 37.3 262 0 11.2 11.0 10.0 2.5 2 0 4 0 0
563.7 -6141.7 21.8 256 0 28.0 34.9 10.0 0.0 0 1 4 0 0
365.9 -6274.9 30.5 175 0 31.7 51.8 12.5 0.0 0 1 5 4 4
430.3 -6400.9 25.8 91 0 59.1 35.8 10.0 0.0 0 0 4 5 5
263.2 -6443.1 29.1 20 0 15.8 14.6 5.0 2.5 4 0 2 0 0
289.9 -6366.5 31.7 266 0 20.5 18.3 10.0 2.5 2 0 4 0 0
-610.3 -6677.5 15.6 233 0 23.0 24.0 12.5 0.0 0 0 5 1 1
-801.6 -6546.2 24.4 107 0 13.4 14.7 5.0 2.5 2 1 2 1 1
-2129.2 -6789.2 -38.4 264 0 10.6 19.8 2.5 2.5 2 1 1 0 0
-1744.7 -6687.8 16.1 192 0 12.0 30.2 7.5 2.5 2 1 3 1 1
-1546.2 -6628.7 21.0 176 0 16.7 18.3 7.5 2.5 2 1 3 0 0
-1479.2 -6588.1 22.2 274 0 26.7 15.0 12.5 2.5 4 0 5 3 3
-1232.4 -6126.7 23.6 272 0 16.3 26.0 7.5 2.5 4 1 3 1 1
-1236.8 -6194.8 23.1 102 0 19.9 22.3 15.0 0.0 0 1 6 0 0
-1390.9 -6172.2 19.1 85 0 14.2 18.3 7.5 2.5 4 1 3 0 0
-1200.7 -6001.1 23.9 180 0 16.4 23.1 10.0 2.5 2 1 4 4 4
-1139.9 -6022.3 25.9 1 0 18.2 15.9 10.0 2.5 2 0 4 5 5
-1195.7 -6075.5 25.0 162 0 11.9 17.6 2.5 2.5 2 1 1 3 3
-175.9 3442.4 13.9 182 0 9.1 9.9 5.0 0.0 0 1 2 5 5
936.2 3293.0 -16.2 248 0 7.6 12.2 5.0 2.5 4 1 2 3 3
954.6 3294.9 -16.6 274 0 6.6 9.6 7.5 0.0 0 1 3 4 4
1388.2 3356.5 -28.6 95 0 5.5 6.2 2.5 2.5 2 1 1 4 4
1494.2 3339.5 -33.7 0 0 11.9 9.9 5.0 2.5 4 0 2 5 5
1644.0 3276.7 -31.9 357 0 13.9 25.5 10.0 2.5 2 1 4 4 4
1640.1 3378.4 -27.8 263 0 18.0 20.1 10.0 0.0 0 1 4 2 2
1595.1 3492.3 -40.6 92 0 16.9 13.6 5.0 2.5 2 0 2 0 0
1670.8 3479.7 -35.1 96 0 15.8 11.9 10.0 2.5 2 0 4 2 2
1671.4 3503.6 -36.1 178 0 7.3 9.8 7.5 2.5 2 1 3 1 1
1713.9 3479.1 -35.2 93 0 13.2 18.5 7.5 2.5 2 1 3 4 4
1735.0 3488.9 -35.5 93 0 18.1 15.4 10.0 2.5 2 0 4 5 5
1723.8 3469.5 -33.2 270 0 17.5 15.7 12.5 2.5 2 0 5 0 0
1753.9 3452.7 -31.7 265 0 20.2 18.5 10.0 2.5 2 0 4 0 0
1784.3 3393.0 -34.0 355 0 14.2 14.5 5.0 2.5 2 1 2 1 1
1806.4 3345.2 -37.8 270 0 12.2 13.9 5.0 2.5 2 1 2 5 5
1853.3 3344.6 -40.1 359 0 11.3 19.2 7.5 2.5 4 1 3 3 3
1879.5 3290.5 -44.0 1 0 19.2 17.9 12.5 2.5 2 0 5 0 0
1906.0 3235.5 -48.0 66 0 11.7 15.5 5.0 2.5 2 1 2 3 3
1823.7 3217.8 -44.6 146 0 11.3 13.1 2.5 2.5 4 1 1 5 5
1810.2 3156.1 -46.8 163 0 9.6 10.8 5.0 2.5 2 1 2 0 0
1768.5 3291.6 -38.2 175 0 12.8 16.4 5.0 2.5 2 1 2 2 2
1763.0 3276.5 -38.2 178 0 10.4 10.1 7.5 2.5 2 0 3 4 4
1798.1 3602.4 -42.6 179 0 22.3 10.0 5.0 2.5 2 0 2 5 5
1852.6 3660.9 -45.6 272 0 17.2 26.4 12.5 2.5 2 1 5 3 3
1812.1 3643.7 -45.0 183 0 10.4 8.5 5.0 2.5 2 0 2 2 2
1744.3 3762.4 -41.7 101 0 15.2 16.1 5.0 2.5 2 1 2 5 5
1737.0 4012.1 -51.8 84 0 11.1 8.4 7.5 2.5 4 0 3 0 0
1576.0 4158.9 -56.0 265 0 14.4 23.7 12.5 0.0 0 1 5 4 4
1581.5 4041.9 -52.6 271 0 16.7 18.2 7.5 2.5 4 1 3 2 2
1545.4 3999.9 -50.9 116 0 8.2 6.6 5.0 0.0 0 0 2 4 4
1518.6 4043.2 -52.5 177 0 11.8 11.5 5.0 2.5 2 0 2 0 0
1516.2 4087.5 -53.7 188 0 13.0 27.4 10.0 2.5 2 1 4 5 5
-6459.8 -5686.9 -73.1 85 0 4.7 10.2 5.0 2.5 2 1 2 0 0
-6417.2 -5645.2 -71.3 359 0 9.6 14.1 2.5 2.5 2 1 1 2 2
-6319.1 -5714.1 -69.3 179 0 7.5 12.1 7.5 2.5 2 1 3 0 0
-6434.0 -5708.0 -72.3 91 0 9.9 12.4 5.0 2.5 2 1 2 1 1
-6499.4 -5561.5 -73.5 177 0 12.5 11.7 5.0 2.5 2 0 2 4 4
-6439.5 -5624.2 -72.0 348 0 6.7 13.0 7.5 2.5 2 1 3 0 0
-6407.8 -5586.9 -72.2 3 0 9.3 14.8 7.5 2.5 2 1 3 0 0
-6388.7 -5639.4 -70.7 176 0 9.6 15.6 7.5 2.5 2 1 3 5 5
-6377.9 -5660.7 -69.1 175 0 10.2 5.9 7.5 2.5 2 0 3 1 1
-6401.6 -5645.7 -70.4 349 0 12.7 13.2 2.5 2.5 2 1 1 4 4
-6391.9 -5716.3 -71.2 346 0 11.7 20.8 5.0 0.0 0 1 2 3 3
-6709.2 -5746.2 -74.6 269 0 20.2 14.1 12.5 2.5 2 0 5 1 1
-6747.2 -5770.0 -71.8 113 0 12.6 21.4 2.5 2.5 2 1 1 1 1
-6907.3 -5982.5 -60.1 175 0 16.7 8.7 7.5 2.5 2 0 3 4 4
-6872.9 -6354.4 -50.3 289 0 12.7 28.7 15.0 0.0 0 1 6 5 5
-6767.4 -6406.8 -54.7 86 0 11.8 12.5 10.0 2.5 2 1 4 1 1
-6745.4 -6379.1 -57.8 354 0 9.9 11.1 5.0 2.5 2 1 2 4 4
-6847.2 -5957.6 -67.4 255 0 11.0 25.5 7.5 2.5 2 1 3 5 5
-6824.2 -5947.1 -67.4 251 0 32.4 12.1 7.5 2.5 2 0 3 1 1
-6823.8 -5936.0 -67.9 76 0 24.4 8.8 7.5 0.0 0 0 3 4 4
-6861.1 -5945.7 -68.3 68 0 42.4 17.2 12.5 2.5 2 0 5 5 5
-6729.4 -5902.6 -71.3 75 0 20.3 25.7 10.0 2.5 2 1 4 4 4
-6674.8 -5768.4 -75.9 271 0 19.2 11.1 5.0 2.5 2 0 2 3 3
-6765.6 -5831.6 -70.3 177 0 16.3 18.9 10.0 2.5 2 1 4 5 5
-6763.3 -5870.0 -71.5 179 0 13.2 38.9 15.0 0.0 0 1 6 0 0
-6475.0 -5819.8 -75.8 75 0 20.0 16.6 12.5 2.5 2 0 5 5 5
-6531.7 -5831.8 -76.7 81 0 25.1 16.1 10.0 2.5 2 0 4 4 4
-5614.9 -4656.6 -53.6 86 0 10.8 18.9 7.5 2.5 2 1 3 2 2
-6073.0 -4263.8 -77.3 108 0 14.7 21.0 12.5 2.5 2 1 5 5 5
-6080.1 -4106.3 -80.9 96 0 10.4 14.9 5.0 2.5 2 1 2 3 3
-5818.3 -4262.3 -65.2 258 0 10.3 17.5 2.5 2.5 2 1 1 5 5
-5710.7 -4236.0 -61.9 354 0 11.1 16.2 7.5 2.5 2 1 3 5 5
-5426.1 -4251.2 -50.2 174 0 12.3 10.6 5.0 2.5 2 0 2 3 3
-5372.9 -4151.9 -62.0 80 0 15.1 17.8 10.0 2.5 2 1 4 0 0
-5327.5 -4086.0 -67.5 80 0 14.0 21.4 10.0 2.5 2 1 4 1 1
-5478.8 -4113.8 -65.4 90 0 12.0 13.2 2.5 2.5 2 1 1 1 1
-5358.6 -4231.0 -52.8 0 0 9.7 15.4 7.5 2.5 2 1 3 4 4
-5542.5 -4279.2 -47.2 174 0 10.8 15.4 7.5 2.5 2 1 3 3 3
-5462.4 -4720.2 -45.2 84 0 7.4 18.5 7.5 2.5 2 1 3 4 4
-5265.1 -4853.6 -63.8 268 0 15.0 14.3 2.5 2.5 2 0 1 2 2
5769.3 -6824.6 -70.7 85 0 7.7 8.2 5.0 2.5 2 1 2 5 5
5708.3 -6690.3 -67.3 203 0 15.3 14.8 2.5 0.0 0 0 1 1 1
5786.4 -6599.7 -73.3 89 0 12.4 17.0 5.0 2.5 2 1 2 4 4
5793.7 -6519.0 -76.4 175 0 13.4 17.8 2.5 2.5 2 1 1 4 4
5833.6 -6516.6 -78.6 1 0 9.0 10.5 7.5 2.5 2 1 3 3 3
5774.9 -6561.1 -73.3 177 0 12.4 12.3 2.5 2.5 2 0 1 2 2
5709.7 -6590.1 -67.7 0 0 9.9 10.6 5.0 2.5 4 1 2 2 2
5713.8 -6548.3 -67.5 357 0 6.6 10.7 7.5 0.0 0 1 3 4 4
5705.4 -6573.5 -67.9 357 0 9.3 9.4 2.5 2.5 2 1 1 2 2
5659.8 -6574.8 -71.5 276 0 19.3 12.5 10.0 2.5 2 0 4 2 2
5643.4 -6672.0 -72.4 270 0 12.3 16.9 5.0 2.5 2 1 2 3 3
5664.0 -6703.7 -71.6 357 0 15.5 15.0 7.5 2.5 2 0 3 5 5
5600.1 -6740.1 -75.4 197 0 14.8 8.7 5.0 2.5 2 0 2 3 3
-4560.9 6681.9 -52.9 86 0 11.3 9.5 5.0 2.5 2 0 2 5 5
-4593.5 6711.1 -52.8 174 0 9.0 9.0 5.0 2.5 2 1 2 2 2
-4602.9 6770.7 -53.8 105 0 13.2 14.0 2.5 2.5 2 1 1 4 4
-4626.1 6779.1 -52.7 13 0 15.6 11.4 2.5 2.5 2 0 1 1 1
-4707.4 6753.0 -47.4 181 0 8.4 11.2 2.5 2.5 2 1 1 4 4
-4736.1 6694.5 -45.4 181 0 9.7 8.7 5.0 2.5 2 0 2 4 4
-4637.9 6717.0 -50.9 2 0 9.5 9.6 5.0 0.0 0 1 2 1 1
-4622.6 6711.4 -51.9 1 0 12.6 10.2 7.5 2.5 2 0 3 3 3
-4638.7 6681.8 -50.8 2 0 8.6 11.4 2.5 2.5 4 1 1 4 4
-4514.6 6658.2 -52.9 92 0 9.4 14.7 5.0 2.5 2 1 2 5 5
-4737.1 6675.6 -45.3 180 0 8.0 9.8 5.0 2.5 2 1 2 2 2
-4733.9 6619.3 -46.2 180 0 13.1 23.0 15.0 0.0 0 1 6 2 2
-4721.7 6572.8 -45.6 19 0 11.5 12.5 5.0 2.5 2 1 2 3 3
-4769.8 6517.5 -42.2 109 0 9.2 8.9 7.5 2.5 2 0 3 3 3
-4805.7 6560.0 -40.6 176 0 20.4 11.3 5.0 2.5 4 0 2 3 3
-4842.5 6428.2 -38.5 200 0 14.1 18.5 7.5 0.0 0 1 3 0 0
-4798.7 6385.8 -41.8 158 0 6.6 10.4 2.5 2.5 2 1 1 5 5
-4768.9 6340.7 -42.2 135 0 10.2 19.2 7.5 2.5 2 1 3 0 0
-4732.3 6394.0 -43.4 256 0 5.7 8.6 2.5 2.5 2 1 1 2 2
-4616.2 6476.3 -47.7 91 0 8.5 13.8 7.5 2.5 2 1 3 4 4
-4605.3 6559.4 -49.1 267 0 8.5 8.2 2.5 2.5 2 0 1 0 0
-4530.7 6547.0 -51.1 104 0 15.1 16.3 7.5 2.5 2 1 3 4 4
-4498.4 6477.3 -49.9 178 0 9.2 8.9 7.5 2.5 4 0 3 1 1
-4507.4 6411.8 -46.9 179 0 11.4 9.5 7.5 2.5 2 0 3 2 2
-4473.5 6495.4 -50.8 179 0 8.3 14.4 2.5 0.0 0 1 1 0 0
-4458.4 6534.2 -52.3 270 0 10.4 8.1 5.0 2.5 4 0 2 2 2
-4402.9 6461.8 -50.4 22 0 10.4 6.8 5.0 2.5 2 0 2 1 1
-4432.4 6446.9 -49.6 83 0 10.6 17.1 2.5 2.5 2 1 1 1 1
-4444.4 6431.9 -48.1 1 0 8.3 10.1 2.5 2.5 2 1 1 2 2
-4446.2 6342.5 -44.9 85 0 6.0 10.0 7.5 2.5 2 1 3 0 0
-4478.1 6320.7 -43.3 87 0 8.5 9.5 7.5 2.5 2 1 3 5 5
-4547.2 6312.6 -42.2 357 0 9.8 9.4 2.5 2.5 2 0 1 2 2
-4584.3 6315.8 -42.2 268 0 11.2 11.4 5.0 2.5 2 1 2 4 4
-4588.9 6368.1 -44.8 7 0 9.1 9.5 5.0 0.0 0 1 2 4 4
-4627.7 6278.4 -41.2 138 0 7.1 21.6 7.5 2.5 2 1 3 4 4
-4529.1 6312.4 -42.2 358 0 9.3 7.6 5.0 2.5 2 0 2 4 4
-4513.5 6179.7 -36.6 360 0 8.2 16.2 7.5 2.5 2 1 3 4 4
-4481.4 6193.2 -38.2 177 0 10.0 11.1 7.5 2.5 2 1 3 1 1
-4446.0 6172.4 -37.9 351 0 9.3 10.7 5.0 2.5 2 1 2 0 0
-4486.9 6112.7 -34.8 179 0 11.2 7.3 5.0 2.5 2 0 2 0 0
-4453.8 6106.3 -35.4 90 0 12.4 7.8 5.0 2.5 2 0 2 3 3
-4410.5 6150.0 -37.8 1 0 7.8 9.0 7.5 2.5 2 1 3 2 2
-4372.2 6093.3 -36.5 351 0 7.9 10.1 7.5 2.5 2 1 3 1 1
-4395.8 6064.9 -35.2 90 0 13.0 11.5 5.0 2.5 2 0 2 1 1
-4419.6 6017.3 -32.7 65 0 12.6 8.8 2.5 2.5 2 0 1 2 2
-4439.2 6000.7 -31.5 87 0 8.2 8.6 2.5 2.5 2 1 1 2 2
-4507.1 6119.7 -34.3 357 0 8.6 14.0 2.5 2.5 2 1 1 4 4
-4521.7 6063.1 -31.8 358 0 10.3 11.3 5.0 0.0 0 1 2 1 1
-4527.4 6032.1 -30.5 32 0 10.2 10.5 7.5 2.5 2 1 3 1 1
-4535.2 5981.8 -28.5 180 0 7.7 9.1 2.5 2.5 4 1 1 2 2
-4590.7 5902.2 -19.9 181 0 9.2 10.9 2.5 2.5 2 1 1 2 2
-4516.0 5941.8 -24.0 268 0 10.3 7.7 7.5 2.5 2 0 3 0 0
-4483.8 5933.0 -22.6 89 0 9.5 8.4 7.5 2.5 2 0 3 4 4
-4346.9 5720.9 28.2 114 0 12.6 13.0 5.0 2.5 2 1 2 3 3
-4514.3 5667.5 17.8 103 0 10.4 11.2 5.0 2.5 2 1 2 4 4
-4173.1 5576.2 70.3 134 0 4.3 12.1 5.0 2.5 2 1 2 1 1
-4187.9 5593.2 69.9 224 0 10.0 6.7 7.5 2.5 2 0 3 5 5
-4149.6 5595.1 69.1 307 0 9.6 8.0 5.0 2.5 2 0 2 0 0
-4211.3 5586.5 70.1 210 0 11.2 9.9 7.5 2.5 2 0 3 5 5
-4118.8 5634.1 66.6 230 0 6.0 5.1 5.0 2.5 2 0 2 2 2
-4022.5 5605.2 55.1 29 0 11.7 17.9 2.5 0.0 0 1 1 3 3
-4019.9 5625.6 55.5 37 0 7.7 9.5 5.0 2.5 2 1 2 1 1
-4042.2 5643.6 56.8 222 0 11.1 15.7 7.5 2.5 2 1 3 3 3
-4030.6 5661.4 56.5 224 0 10.0 12.2 2.5 2.5 2 1 1 5 5
-3978.9 5654.8 54.4 35 0 13.1 13.9 2.5 2.5 2 1 1 5 5
-3981.2 5601.0 49.8 201 0 10.9 10.2 2.5 2.5 4 0 1 4 4
-3939.8 5662.7 49.7 211 0 10.6 10.3 2.5 2.5 2 0 1 0 0
-3892.9 5658.7 43.1 40 0 11.6 9.6 7.5 2.5 2 0 3 4 4
-3897.2 5689.9 47.3 206 0 10.4 12.0 5.0 2.5 2 1 2 5 5
-3889.5 5707.0 49.3 214 0 11.6 15.9 5.0 2.5 2 1 2 2 2
-3740.7 5743.8 40.0 207 0 10.8 13.4 7.5 0.0 0 1 3 0 0
-3717.2 5748.0 39.4 24 0 11.5 9.3 7.5 2.5 4 0 3 5 5
-3502.4 5683.1 18.9 119 0 11.1 11.3 5.0 2.5 2 1 2 4 4
-3257.0 5725.6 4.9 200 0 8.0 26.0 5.0 2.5 2 1 2 3 3
-3168.9 5649.8 -4.7 180 0 10.3 28.3 12.5 0.0 0 1 5 0 0
-3022.0 5641.7 -9.7 32 0 12.4 8.7 2.5 2.5 2 0 1 0 0
-3082.2 5630.4 -6.5 109 0 11.7 12.3 5.0 2.5 4 1 2 2 2
-3107.6 5723.5 -1.0 359 0 9.8 9.5 5.0 2.5 2 0 2 2 2
-2914.6 5860.2 -7.0 180 0 6.2 15.0 2.5 2.5 2 1 1 3 3
-3028.6 5848.5 -1.2 73 0 9.4 36.3 7.5 2.5 2 1 3 3 3
-3064.7 5887.2 0.0 265 0 17.8 40.4 12.5 2.5 2 1 5 0 0
-3149.8 5750.8 2.4 141 0 11.9 8.5 2.5 2.5 4 0 1 1 1
-3173.3 5758.3 4.7 292 0 12.1 14.9 5.0 2.5 2 1 2 5 5
-3154.8 5764.3 3.1 134 0 12.7 16.1 5.0 2.5 2 1 2 5 5
-3343.8 5801.9 18.4 93 0 10.1 18.8 10.0 2.5 4 1 4 4 4
-3352.1 5845.1 26.7 356 0 10.9 23.3 10.0 2.5 2 1 4 0 0
-3392.7 5842.6 28.3 180 0 13.6 12.0 7.5 2.5 2 0 3 5 5
-3365.8 5921.2 30.6 271 0 17.4 17.3 10.0 2.5 2 0 4 5 5
-3390.7 5947.7 35.6 358 0 17.7 12.0 5.0 2.5 2 0 2 3 3
-3368.7 5936.6 32.8 1 0 9.3 9.2 5.0 2.5 2 0 2 0 0
-3422.1 5964.9 38.2 270 0 12.3 11.5 7.5 2.5 2 0 3 2 2
-3457.3 6035.8 44.9 271 0 16.7 12.6 7.5 2.5 2 0 3 4 4
-3484.3 5959.4 42.1 232 0 23.2 9.1 2.5 2.5 2 0 1 0 0
-3462.7 6065.5 45.7 98 0 12.1 29.5 15.0 0.0 0 1 6 2 2
-3514.9 6135.2 53.5 181 0 7.3 11.1 2.5 2.5 4 1 1 4 4
-3513.2 6078.4 51.3 160 0 18.6 13.8 12.5 2.5 2 0 5 4 4
-3531.5 6022.9 49.3 212 0 17.6 8.5 5.0 2.5 2 0 2 1 1
-3331.4 6338.7 67.5 86 0 16.0 12.8 5.0 2.5 2 0 2 2 2
-6884.9 -642.0 17.1 107 0 18.1 16.4 7.5 0.0 0 0 3 4 4
-6807.9 -763.1 16.1 200 0 15.0 43.4 10.0 2.5 2 1 4 5 5
-3790.6 4080.3 -45.7 267 0 52.5 20.0 10.0 2.5 2 0 4 1 1
-4075.0 4870.7 -24.2 286 0 17.0 22.4 10.0 2.5 2 1 4 1 1
-3759.3 3442.3 -47.0 284 0 20.9 23.3 10.0 2.5 2 1 4 0 0
-3849.6 3634.6 -40.1 270 0 15.1 19.9 12.5 2.5 4 1 5 5 5
-3689.4 3497.4 -52.0 310 0 20.0 18.6 10.0 2.5 2 0 4 5 5
-4188.9 4569.2 -26.3 98 0 15.9 18.7 15.0 0.0 0 1 6 3 3
-3512.3 3784.8 -60.6 159 0 14.7 48.3 17.5 2.5 2 1 7 3 3
-3652.0 3749.4 -50.7 159 0 15.1 18.4 12.5 2.5 2 1 5 4 4
3484.8 6138.6 -21.3 191 0 25.5 24.9 10.0 0.0 0 0 4 4 4
3111.1 -3212.0 -1.1 90 0 26.8 29.3 7.5 0.0 0 1 3 4 4
-5362.9 6825.0 -49.8 261 0 10.9 28.8 12.5 0.0 0 1 5 0 0
-5255.2 6784.3 -42.9 354 0 16.5 22.1 12.5 2.5 2 1 5 1 1
-5351.5 6468.7 -21.0 215 0 6.6 12.5 7.5 2.5 2 1 3 3 3
-5240.2 6372.2 -16.1 197 0 12.6 19.6 10.0 0.0 0 1 4 2 2
-5192.4 6271.3 -6.4 18 0 10.5 14.7 5.0 0.0 0 1 2 3 3
-5325.9 6107.1 1.4 181 0 18.1 8.5 2.5 2.5 2 0 1 1 1
-5570.8 6745.3 -48.3 74 0 19.8 14.5 10.0 2.5 2 0 4 1 1
802.3 -5051.4 25.5 265 0 17.3 12.8 7.5 2.5 2 0 3 2 2
754.4 -5073.3 23.9 179 0 14.3 12.0 5.0 2.5 2 0 2 0 0
913.3 -5054.2 21.1 359 0 15.4 13.7 7.5 0.0 0 0 3 3 3
514.1 -5641.7 7.5 258 0 11.5 12.3 7.5 2.5 2 1 3 4 4
277.7 -5858.4 13.4 11 0 15.9 17.5 10.0 2.5 2 1 4 5 5
266.6 -5812.2 8.4 277 0 10.2 24.2 15.0 0.0 0 1 6 0 0
217.7 -5982.2 31.9 106 0 18.2 18.9 10.0 2.5 2 1 4 4 4
298.0 -5320.2 -18.3 350 0 13.8 19.9 10.0 2.5 2 1 4 3 3
484.9 -5356.3 -21.3 11 0 11.8 22.4 10.0 2.5 2 1 4 2 2
1374.0 -4254.7 45.6 258 0 17.9 16.6 7.5 2.5 2 0 3 0 0
-6380.3 6163.3 -5.5 278 0 12.3 75.7 10.0 2.5 2 1 4 3 3
-6452.9 6053.9 -9.4 102 0 15.4 78.1 12.5 2.5 2 1 5 4 4
-6426.7 6066.9 -8.1 15 0 8.2 12.2 7.5 0.0 0 1 3 3 3
-6515.3 6193.1 -8.9 278 0 10.0 48.8 7.5 0.0 0 1 3 5 5
-6504.5 6151.6 -8.1 99 0 15.0 16.5 5.0 2.5 2 1 2 1 1
-6500.4 6191.0 -7.8 284 0 15.9 19.2 12.5 2.5 2 1 5 1 1
-6680.2 6015.5 -33.4 270 0 9.2 32.4 7.5 2.5 2 1 3 3 3
-6613.7 5857.1 -39.4 109 0 10.8 13.7 7.5 2.5 2 1 3 4 4
-6541.9 5735.8 -60.0 204 0 14.3 38.6 7.5 2.5 2 1 3 1 1
-6498.8 5699.8 -59.8 120 0 13.4 14.5 7.5 2.5 2 1 3 3 3
-6588.4 5706.7 -62.6 212 0 14.5 13.5 10.0 0.0 0 0 4 3 3
-6592.4 5735.0 -61.6 26 0 15.5 14.9 7.5 2.5 4 0 3 5 5
-6621.6 5710.6 -63.3 77 0 12.8 15.3 2.5 2.5 4 1 1 4 4
-6628.7 5686.0 -65.1 1 0 18.8 13.6 5.0 2.5 2 0 2 1 1
-6652.5 5665.9 -66.3 197 0 18.5 11.8 7.5 2.5 2 0 3 4 4
-6489.3 5558.6 -56.4 87 0 15.5 15.8 12.5 0.0 0 1 5 4 4
-5630.4 5636.1 -20.8 82 0 12.7 17.8 7.5 2.5 2 1 3 5 5
-5619.1 5621.1 -19.3 279 0 12.2 12.5 5.0 2.5 2 1 2 4 4
-5613.2 5676.6 -19.3 267 0 12.6 13.1 7.5 2.5 2 1 3 1 1
-5650.5 5640.9 -25.4 106 0 11.2 20.9 7.5 0.0 0 1 3 1 1
-5624.9 5687.1 -22.3 3 0 12.8 10.9 7.5 2.5 4 0 3 0 0
-5590.7 5730.8 -24.8 198 0 10.0 40.4 12.5 2.5 2 1 5 2 2
-5585.5 5739.6 -25.5 212 0 8.3 31.7 5.0 2.5 4 1 2 3 3
-5505.5 5570.8 -20.3 292 0 10.3 13.5 7.5 2.5 2 1 3 2 2
-5504.0 5640.0 -17.3 178 0 17.1 13.1 5.0 2.5 2 0 2 5 5
-5705.1 5830.8 -28.4 188 0 12.7 8.7 7.5 2.5 2 0 3 4 4
-5693.8 5860.4 -25.5 254 0 7.9 10.3 7.5 2.5 2 1 3 0 0
-5711.6 5783.6 -31.8 112 0 10.0 12.4 7.5 2.5 2 1 3 0 0
-5884.8 6001.1 8.7 160 0 10.2 13.7 7.5 2.5 2 1 3 5 5
-5863.8 6052.3 12.7 254 0 15.9 15.7 12.5 2.5 2 0 5 3 3
-5814.6 6027.1 8.0 76 0 9.0 26.7 7.5 2.5 2 1 3 3 3
-5801.3 6031.3 7.6 71 0 8.3 21.8 7.5 2.5 2 1 3 2 2
-5919.7 6091.7 7.4 77 0 11.9 17.0 7.5 2.5 2 1 3 2 2
-5904.7 6088.6 7.7 79 0 11.7 19.9 5.0 2.5 2 1 2 1 1
-5758.8 6244.4 16.1 202 0 22.1 31.9 15.0 0.0 0 1 6 2 2
-5659.7 6173.2 15.8 100 0 26.4 51.7 10.0 0.0 0 1 4 2 2
-5508.8 6162.3 3.4 288 0 17.3 16.0 12.5 0.0 0 0 5 4 4
-6270.9 6181.4 -5.6 188 0 14.3 12.3 7.5 0.0 0 0 3 5 5
-6266.4 6202.4 -6.5 193 0 13.3 12.6 7.5 2.5 2 0 3 0 0
-6240.6 6170.0 -4.5 16 0 6.0 10.3 5.0 2.5 2 0 2 2 2
-6263.0 6220.6 -6.8 190 0 7.6 12.3 7.5 0.0 0 1 3 1 1
-6185.2 6426.0 -11.5 12 0 7.3 9.2 5.0 0.0 0 1 2 2 2
-6328.5 6512.0 -12.2 197 0 12.8 14.4 2.5 2.5 2 1 1 4 4
-6321.6 6531.6 -13.6 191 0 16.0 13.5 5.0 2.5 2 0 2 3 3
-6378.8 6370.5 -10.2 6 0 16.9 24.3 12.5 2.5 2 1 5 4 4
-6436.4 6370.0 -10.9 106 0 17.4 17.5 10.0 2.5 2 1 4 1 1
-6217.6 6669.2 -29.2 125 0 9.0 41.6 7.5 2.5 2 1 3 3 3
-5680.7 6831.1 -57.9 292 0 10.9 15.3 5.0 2.5 2 1 2 0 0
5637.2 1902.1 -62.4 271 0 12.0 7.5 5.0 2.5 4 0 2 1 1
5716.5 1839.6 -69.7 7 0 16.1 11.5 7.5 2.5 2 0 3 1 1
5645.4 1984.5 -52.2 99 0 11.5 14.6 5.0 2.5 2 1 2 5 5
5429.9 1895.3 -67.0 102 0 23.5 21.3 10.5 3.5 2 0 3 2 2
-2543.5 -580.1 23.8 11 0 8.8 6.9 5.0 2.5 2 0 2 1 1
-2566.0 -563.7 23.0 102 0 7.3 7.9 5.0 2.5 2 0 2 5 5
-2626.4 -513.4 21.1 268 0 11.4 8.3 2.5 2.5 2 0 1 0 0
-2604.5 -517.0 21.9 269 0 9.2 7.0 2.5 2.5 2 0 1 0 0
-2600.5 -566.7 21.1 88 0 9.5 8.6 5.0 0.0 0 0 2 5 5
-2654.5 -548.9 19.1 176 0 9.2 10.5 2.5 0.0 0 1 1 0 0
-2648.6 -515.3 20.0 270 0 11.3 9.1 2.5 2.5 2 0 1 1 1
-2600.3 -556.2 21.5 93 0 5.7 6.9 2.5 0.0 0 1 1 4 4
-2576.2 -537.7 21.9 263 0 6.9 6.1 5.0 2.5 2 0 2 1 1
-2578.4 -553.3 22.9 88 0 6.1 5.1 5.0 2.5 4 0 2 2 2
-2627.8 -363.9 15.3 0 0 9.5 6.9 5.0 2.5 2 0 2 0 0
-2651.4 -245.1 10.1 286 0 13.7 22.5 12.5 2.5 2 1 5 2 2
-2756.3 435.6 50.4 286 0 8.1 28.2 7.5 2.5 2 1 3 5 5
-2744.1 430.8 52.4 290 0 10.2 28.0 10.0 2.5 2 0 4 0 0
-2736.9 429.2 53.2 288 0 7.3 28.9 5.0 2.5 2 0 2 2 2
-2750.2 377.7 53.4 114 0 5.9 5.4 5.0 2.5 2 0 2 3 3
-2757.9 326.5 50.0 268 0 7.9 7.8 5.0 2.5 2 0 2 3 3
-2744.4 328.7 49.6 253 0 9.9 8.8 7.5 0.0 0 0 3 0 0
-2720.3 355.7 50.3 253 0 9.3 12.3 7.5 2.5 2 1 3 2 2
-2710.7 304.2 47.2 337 0 12.9 10.0 10.0 2.5 2 0 4 1 1
-2712.1 487.9 49.5 360 0 13.9 9.3 2.5 2.5 2 0 1 5 5
-2768.1 556.0 47.1 110 0 14.2 35.9 12.5 2.5 2 0 5 4 4
-2769.5 537.2 45.4 113 0 10.0 8.8 2.5 2.5 2 0 1 1 1
-2733.5 593.2 50.0 287 0 14.8 26.8 10.0 2.5 2 1 4 1 1
-2568.0 733.7 39.0 19 0 8.2 6.1 7.5 2.5 2 0 3 4 4
-2564.1 -556.0 22.4 101 0 7.8 7.2 2.5 2.5 2 0 1 4 4
-2441.1 -573.0 19.3 182 0 12.0 11.4 7.5 2.5 2 0 3 2 2
-2390.9 -538.4 15.6 28 0 5.9 5.7 5.0 2.5 2 0 2 4 4
-2309.7 -535.1 12.3 360 0 17.8 16.4 12.5 2.5 2 0 5 3 3
-2310.7 -589.8 16.6 358 0 11.1 9.7 7.5 2.5 2 0 3 4 4
-2344.8 -504.3 11.5 272 0 14.6 11.6 2.5 2.5 2 0 1 5 5
-2471.3 -665.4 26.6 190 0 18.4 13.7 12.5 2.5 2 0 5 1 1
-2522.1 -713.3 29.8 206 0 18.1 18.2 12.5 2.5 2 1 5 5 5
-2439.3 -864.8 30.6 265 0 9.4 11.7 7.5 2.5 2 1 3 5 5
-2392.2 -819.7 33.0 89 0 10.2 9.2 7.5 2.5 2 0 3 5 5
-2392.7 -879.9 29.2 270 0 13.0 8.3 5.0 2.5 2 0 2 0 0
-2394.5 -910.0 27.9 90 0 13.2 11.3 7.5 2.5 2 0 3 3 3
-2327.1 -839.7 30.7 262 0 12.3 10.6 7.5 2.5 2 0 3 4 4
-2228.6 -818.0 29.5 88 0 10.8 23.0 12.5 2.5 2 1 5 5 5
-2234.1 -838.3 29.9 17 0 8.8 10.9 7.5 2.5 2 1 3 4 4
-2233.6 -749.3 26.6 268 0 6.4 9.9 5.0 2.5 2 1 2 0 0
-2224.4 -729.4 25.8 267 0 6.1 8.2 7.5 2.5 2 0 3 2 2
-6380.7 6446.9 -11.4 175 0 8.7 10.2 7.5 2.5 2 1 3 1 1
-6433.0 6830.5 -50.1 76 0 15.6 19.1 12.5 2.5 2 1 5 0 0
-6118.5 6431.5 -12.4 113 0 4.4 16.8 5.0 2.5 2 1 2 2 2
-740.7 -6792.1 22.5 121 0 18.4 16.4 10.0 2.5 2 0 4 1 1
-700.1 -6718.1 23.3 49 0 19.1 17.1 12.5 2.5 2 0 5 5 5
-588.2 -6730.9 16.8 34 0 25.2 9.3 5.0 2.5 2 0 2 4 4
-669.3 -6824.9 20.8 90 0 21.1 16.3 10.0 2.5 2 0 4 2 2
-706.3 -6814.9 21.7 60 0 15.0 25.0 7.5 2.5 4 1 3 0 0
53.2 3360.6 18.7 55 0 9.9 7.4 7.5 2.5 2 0 3 3 3
607.9 3547.4 31.6 81 0 8.9 27.2 5.0 2.5 2 0 2 5 5
598.6 3602.9 27.7 260 0 8.9 29.1 7.5 2.5 2 0 3 0 0
595.8 3550.6 32.3 83 0 8.5 27.0 5.0 2.5 2 1 2 0 0
