123.6 5984.7 17.2 92 0 32.3 12.2 12.5 2.5 2 0 5 3 3
205.7 5878.4 6.6 165 0 32.2 18.5 10.0 0.0 0 0 4 2 2
273.0 5945.7 11.0 360 0 21.6 16.9 10.0 0.0 0 0 4 0 0
2872.2 -715.7 -153.2 332 0 17.5 13.2 2.5 2.5 2 0 1 4 4
2762.4 -737.6 -154.8 4 0 20.9 14.8 7.5 0.0 0 0 3 1 1
2729.9 -672.6 -151.8 207 0 12.7 23.2 10.0 0.0 0 1 4 4 4
2738.3 -599.0 -145.1 296 0 12.9 12.0 2.5 2.5 2 0 1 4 4
2722.3 -559.0 -144.9 332 0 19.3 35.5 10.0 0.0 0 0 4 1 1
2706.3 -533.6 -141.8 327 0 16.1 13.2 7.5 2.5 2 0 3 5 5
2697.5 -521.7 -141.3 319 0 12.8 9.1 7.5 2.5 2 0 3 4 4
2673.3 -514.6 -142.4 31 0 29.0 8.3 7.5 2.5 4 0 3 0 0
2635.7 -579.2 -146.3 10 0 9.3 12.3 7.5 0.0 0 1 3 5 5
2656.2 -567.9 -145.6 204 0 7.9 6.0 2.5 2.5 2 0 1 3 3
2617.5 -618.1 -148.7 14 0 5.4 10.2 5.0 2.5 2 1 2 5 5
2554.5 -640.8 -150.1 264 0 11.4 15.5 7.5 2.5 2 1 3 1 1
2552.2 -541.1 -143.9 269 0 9.7 10.3 7.5 2.5 2 1 3 3 3
2526.5 -566.9 -144.9 79 0 11.7 12.5 7.5 2.5 2 1 3 2 2
2449.4 -88.1 -99.1 268 0 13.7 25.7 12.5 2.5 2 1 5 5 5
2537.4 -118.7 -108.4 6 0 16.7 19.6 15.0 0.0 0 1 6 0 0
2532.0 -138.8 -109.8 2 0 19.0 23.8 10.0 2.5 2 1 4 3 3
2572.1 -96.9 -115.2 189 0 37.1 19.6 12.5 0.0 0 0 5 5 5
2525.6 -245.3 -119.9 265 0 10.3 13.1 10.0 2.5 2 1 4 3 3
2587.9 -219.0 -121.4 4 0 9.4 6.6 7.5 2.5 2 0 3 1 1
2580.4 -246.7 -121.5 2 0 11.3 11.3 7.5 2.5 2 0 3 5 5
2592.5 -283.6 -125.0 354 0 7.7 7.0 7.5 2.5 2 0 3 2 2
2644.0 -364.8 -138.7 83 0 26.2 9.8 7.5 2.5 2 0 3 1 1
2654.6 -387.9 -139.8 346 0 23.1 29.7 12.5 0.0 0 1 5 2 2
2713.2 -419.8 -142.1 158 0 7.1 10.5 2.5 2.5 2 1 1 5 5
2631.4 -548.9 -144.2 10 0 8.5 9.4 7.5 2.5 2 1 3 1 1
2494.1 -472.7 -139.0 324 0 7.3 10.4 5.0 2.5 2 0 2 5 5
2502.9 -508.1 -141.1 358 0 7.8 6.7 5.0 2.5 4 0 2 3 3
2516.4 -508.2 -141.2 357 0 9.1 8.8 7.5 0.0 0 0 3 3 3
2479.4 -492.6 -140.1 162 0 11.2 8.7 7.5 2.5 2 0 3 0 0
2755.9 -578.0 -142.6 159 0 12.4 10.1 5.0 0.0 0 0 2 3 3
2885.6 -728.0 -153.4 63 0 12.4 9.3 2.5 2.5 2 0 1 4 4
3032.1 -701.6 -156.5 73 0 8.6 11.3 5.0 2.5 2 1 2 3 3
2991.5 -637.4 -156.2 354 0 12.6 16.1 5.0 2.5 2 1 2 4 4
2100.6 -3179.0 -137.1 163 0 7.0 15.2 2.5 2.5 4 1 1 3 3
2043.3 -2126.5 -70.6 78 0 19.6 13.1 12.5 2.5 2 0 5 4 4
2061.3 -2123.2 -72.5 81 0 17.4 12.5 2.5 2.5 2 0 1 4 4
2078.2 -2121.3 -74.9 86 0 16.8 11.7 5.0 2.5 2 0 2 5 5
2041.1 -2098.9 -67.3 171 0 12.8 25.9 12.5 2.5 2 1 5 3 3
2127.2 -2095.1 -79.4 23 0 20.6 11.3 10.0 2.5 2 0 4 4 4
2941.1 -5775.4 -155.4 1 0 17.0 8.4 2.5 2.5 2 0 1 0 0
2938.9 -5802.4 -158.1 1 0 19.2 9.3 7.5 2.5 2 0 3 2 2
2935.8 -5852.6 -161.4 4 0 17.5 10.7 5.0 0.0 0 0 2 5 5
2933.3 -5876.1 -163.0 3 0 15.6 9.4 5.0 0.0 0 0 2 4 4
2305.4 -2068.6 -131.0 79 0 8.4 10.8 2.5 2.5 2 1 1 4 4
2335.1 -1960.8 -145.9 354 0 12.6 10.5 5.0 2.5 4 0 2 5 5
2438.6 -2181.6 -162.4 173 0 7.3 6.7 2.5 2.5 2 0 1 0 0
2401.1 -2135.0 -155.5 351 0 8.3 7.6 7.5 2.5 2 0 3 0 0
2249.1 -1805.8 -127.9 254 0 8.8 6.0 5.0 2.5 4 0 2 1 1
2350.6 -1774.9 -149.3 348 0 7.6 7.5 7.5 2.5 4 0 3 5 5
2326.8 -1734.8 -151.8 107 0 9.1 7.4 5.0 2.5 2 0 2 5 5
2282.8 -1691.4 -149.5 268 0 7.2 6.7 5.0 0.0 0 0 2 2 2
2328.4 -1720.7 -152.8 97 0 10.6 7.5 7.5 2.5 2 0 3 1 1
2367.2 -1680.5 -157.3 104 0 10.7 10.4 2.5 2.5 2 0 1 5 5
2262.3 -1736.9 -142.7 85 0 7.9 9.6 2.5 2.5 2 1 1 4 4
2237.9 -1689.9 -143.8 269 0 7.4 6.7 5.0 0.0 0 0 2 0 0
2219.4 -1810.5 -120.1 259 0 8.7 7.6 7.5 2.5 2 0 3 4 4
2214.0 -1844.6 -116.2 83 0 5.6 7.6 7.5 2.5 2 1 3 5 5
2401.2 -1656.7 -159.8 194 0 10.1 5.5 7.5 2.5 2 0 3 5 5
2404.6 -1630.5 -159.8 194 0 29.8 7.5 7.5 2.5 2 0 3 5 5
2455.4 -1638.0 -161.3 292 0 12.2 24.4 10.0 2.5 2 1 4 3 3
2784.2 -1135.9 -156.7 278 0 11.0 18.9 7.5 2.5 2 1 3 2 2
2261.5 -3288.4 -156.4 92 0 11.0 12.5 7.5 2.5 2 1 3 3 3
2200.0 -3366.9 -142.3 257 0 5.3 6.8 7.5 2.5 2 1 3 0 0
2183.6 -3372.7 -141.0 170 0 11.6 10.0 5.0 2.5 4 0 2 0 0
2287.0 -3136.9 -148.1 259 0 11.3 12.9 5.0 2.5 2 1 2 0 0
2285.9 -3174.2 -151.6 178 0 8.6 10.0 5.0 2.5 2 1 2 2 2
2344.8 -3144.4 -155.2 88 0 13.2 13.1 2.5 2.5 2 0 1 1 1
2349.8 -3086.9 -152.1 357 0 13.4 9.1 5.0 0.0 0 0 2 4 4
2303.1 -3042.0 -141.9 171 0 9.1 7.5 7.5 2.5 2 0 3 5 5
2379.5 -2929.8 -153.3 354 0 15.6 11.4 5.0 0.0 0 0 2 4 4
2160.1 -3087.3 -128.8 87 0 13.0 10.7 2.5 2.5 4 0 1 4 4
2199.9 -2740.3 -140.5 93 0 9.0 10.4 5.0 2.5 2 1 2 4 4
2233.9 -2508.8 -160.2 264 0 11.7 7.3 7.5 2.5 2 0 3 5 5
2156.2 -2539.6 -154.5 167 0 9.6 9.8 5.0 2.5 2 1 2 4 4
2281.9 -2536.1 -160.8 344 0 12.2 13.1 7.5 2.5 2 0 3 1 1
2299.4 -2523.7 -162.1 343 0 12.2 20.6 5.0 2.5 2 0 2 3 3
2306.6 -2528.5 -162.3 344 0 22.7 6.1 5.0 2.5 2 0 2 2 2
2316.4 -2579.0 -160.1 350 0 12.5 12.1 5.0 2.5 2 0 2 3 3
2356.9 -2706.9 -155.1 169 0 14.3 13.0 5.0 2.5 2 0 2 3 3
2384.5 -2737.7 -155.9 79 0 8.5 13.6 5.0 2.5 2 1 2 5 5
2401.4 -2738.1 -156.5 85 0 13.5 11.6 10.0 2.5 2 0 4 4 4
2406.0 -2718.5 -156.6 352 0 7.7 6.6 5.0 2.5 2 0 2 5 5
2275.5 -2735.7 -146.1 84 0 10.9 10.8 7.5 2.5 4 0 3 4 4
2387.6 -2813.9 -152.3 357 0 17.4 13.3 5.0 0.0 0 0 2 1 1
2372.0 -2844.6 -151.7 178 0 18.5 10.8 2.5 2.5 2 0 1 2 2
2385.2 -2869.1 -152.3 1 0 9.1 11.6 5.0 2.5 2 1 2 0 0
2252.9 -2463.7 -161.4 85 0 15.1 20.6 12.5 2.5 2 1 5 3 3
2227.2 -2447.2 -160.1 175 0 10.8 7.2 5.0 2.5 2 0 2 0 0
2267.6 -2416.8 -159.6 273 0 15.6 6.5 2.5 2.5 2 0 1 2 2
2217.4 -2408.4 -155.6 74 0 20.1 8.2 5.0 2.5 2 0 2 3 3
2131.0 -3813.1 -132.3 348 0 11.9 13.8 5.0 2.5 2 1 2 0 0
2078.7 -3837.3 -130.0 83 0 8.6 10.0 7.5 2.5 2 1 3 0 0
2038.9 -3848.3 -129.5 174 0 7.6 7.0 5.0 2.5 2 0 2 5 5
1963.0 -3972.2 -142.6 273 0 9.5 10.4 7.5 2.5 2 1 3 1 1
2056.2 -4071.7 -150.4 193 0 9.8 11.4 5.0 2.5 2 1 2 2 2
2075.8 -4048.5 -151.1 269 0 5.8 6.3 7.5 2.5 4 1 3 2 2
2092.6 -4048.0 -152.2 1 0 8.9 11.3 5.0 2.5 2 1 2 2 2
2112.8 -4012.3 -153.7 358 0 12.0 6.8 5.0 2.5 4 0 2 3 3
1948.8 -4056.3 -141.6 88 0 13.7 11.1 5.0 2.5 2 0 2 1 1
1855.1 -4520.3 -121.1 173 0 4.7 6.8 7.5 2.5 4 1 3 4 4
1944.5 -4453.3 -132.3 85 0 11.7 9.6 5.0 2.5 2 0 2 3 3
1969.7 -4376.4 -140.8 87 0 10.4 12.4 10.0 2.5 2 1 4 2 2
2089.3 -4548.2 -134.0 265 0 7.9 5.2 7.5 2.5 2 0 3 3 3
2049.5 -4497.6 -126.3 270 0 8.0 12.0 2.5 2.5 2 1 1 0 0
2039.9 -4664.8 -136.7 176 0 7.4 8.8 2.5 2.5 2 1 1 3 3
2074.2 -4378.1 -139.9 355 0 9.2 4.4 7.5 0.0 0 0 3 5 5
2028.2 -4300.9 -147.1 88 0 16.8 13.5 2.5 2.5 2 0 1 5 5
2113.0 -4173.6 -153.8 358 0 12.7 11.4 5.0 2.5 2 0 2 3 3
2140.7 -4629.3 -142.4 343 0 12.1 5.5 7.5 0.0 0 0 3 2 2
2124.2 -4558.5 -137.6 168 0 8.4 9.5 2.5 2.5 2 1 1 0 0
2242.3 -4604.7 -149.0 90 0 11.7 12.2 2.5 2.5 2 1 1 2 2
2245.4 -4475.7 -143.3 271 0 10.2 13.2 7.5 2.5 2 1 3 0 0
2324.6 -4462.7 -150.7 266 0 13.9 15.2 7.5 2.5 2 1 3 5 5
2353.0 -4497.0 -152.7 351 0 12.9 10.4 2.5 2.5 4 0 1 0 0
2446.0 -4648.0 -162.5 355 0 14.0 12.3 5.0 2.5 2 0 2 0 0
2456.5 -4668.6 -163.4 4 0 10.5 10.5 5.0 2.5 2 1 2 2 2
3162.7 -4557.3 -163.4 17 0 20.0 10.8 7.5 2.5 2 0 3 5 5
3169.6 -4534.5 -163.3 16 0 20.2 11.1 5.0 2.5 2 0 2 0 0
3180.4 -4491.1 -165.8 12 0 17.5 11.4 10.0 2.5 2 0 4 5 5
2290.3 -3527.5 -151.3 182 0 12.2 17.1 5.0 2.5 2 1 2 1 1
2218.1 -3863.9 -145.4 78 0 8.3 12.3 7.5 2.5 2 1 3 5 5
2165.9 -3883.8 -144.2 273 0 7.0 9.0 5.0 2.5 2 1 2 1 1
2273.0 -3847.0 -149.3 261 0 6.8 7.9 2.5 2.5 2 1 1 4 4
2255.1 -3872.9 -150.4 169 0 7.1 8.3 7.5 0.0 0 1 3 1 1
2287.5 -3886.0 -151.6 355 0 9.5 9.0 7.5 2.5 2 0 3 4 4
2222.7 -3886.5 -149.4 274 0 7.0 8.0 7.5 2.5 2 1 3 1 1
2184.0 -3988.5 -154.4 92 0 14.8 13.8 10.0 2.5 2 0 4 2 2
2140.8 -3954.4 -149.9 264 0 5.4 6.9 5.0 2.5 2 1 2 4 4
2237.8 -3962.9 -154.2 90 0 10.8 17.8 10.0 2.5 4 1 4 3 3
2330.9 -3987.7 -158.3 89 0 13.3 16.9 7.5 2.5 2 1 3 3 3
2345.8 -3968.9 -158.5 270 0 11.8 10.5 5.0 2.5 2 0 2 1 1
2353.8 -3806.9 -153.6 344 0 9.8 14.8 2.5 2.5 2 1 1 3 3
2362.5 -3744.3 -155.5 174 0 7.4 7.0 5.0 2.5 2 0 2 5 5
2349.6 -3708.2 -155.6 170 0 12.4 14.3 10.0 2.5 2 1 4 1 1
2394.5 -3796.2 -157.7 91 0 13.6 11.4 7.5 2.5 2 0 3 1 1
2399.5 -3765.3 -157.8 344 0 11.6 10.6 5.0 2.5 2 0 2 5 5
2351.3 -3686.5 -155.6 167 0 12.7 8.5 5.0 2.5 2 0 2 5 5
2338.4 -3658.9 -154.8 259 0 9.1 5.5 7.5 0.0 0 0 3 3 3
2372.8 -3660.5 -157.0 350 0 6.1 9.6 7.5 2.5 4 1 3 3 3
2272.6 -3624.5 -147.8 177 0 15.9 6.9 7.5 2.5 2 0 3 0 0
2394.0 -3940.2 -159.0 92 0 6.1 5.3 7.5 2.5 2 0 3 5 5
2412.3 -3989.4 -163.1 274 0 19.8 12.4 5.0 2.5 2 0 2 4 4
2419.0 -3968.4 -161.7 89 0 8.2 8.0 5.0 2.5 2 0 2 1 1
2416.2 -4058.2 -164.9 4 0 4.7 10.5 2.5 2.5 2 1 1 3 3
2399.0 -4053.1 -164.2 6 0 7.5 7.3 5.0 2.5 2 0 2 4 4
2399.1 -4083.8 -165.1 3 0 9.0 7.7 5.0 2.5 2 0 2 3 3
2377.1 -4069.2 -163.9 2 0 8.7 9.8 7.5 2.5 2 1 3 3 3
2334.9 -4256.6 -153.6 269 0 8.7 11.6 2.5 2.5 2 1 1 0 0
2367.8 -4302.8 -153.8 11 0 7.8 9.8 5.0 2.5 2 1 2 5 5
2366.3 -4323.0 -153.1 15 0 10.6 11.7 5.0 2.5 2 1 2 1 1
2360.8 -4358.5 -152.3 8 0 14.6 9.9 5.0 2.5 2 0 2 1 1
2335.1 -4404.5 -151.1 3 0 12.3 9.6 7.5 0.0 0 0 3 2 2
2341.3 -4449.9 -151.9 81 0 10.2 16.1 5.0 2.5 2 1 2 5 5
2326.6 -4451.9 -150.4 80 0 6.4 10.3 7.5 2.5 2 1 3 0 0
2305.5 -4317.8 -149.8 185 0 11.8 9.5 5.0 2.5 2 0 2 4 4
2284.1 -4237.9 -152.5 173 0 11.1 8.2 5.0 2.5 2 0 2 0 0
2309.3 -4242.5 -154.0 85 0 10.0 13.0 7.5 2.5 2 1 3 4 4
2244.4 -4338.7 -145.7 278 0 10.9 13.4 2.5 2.5 2 1 1 1 1
2203.1 -4400.9 -141.1 187 0 8.0 8.3 2.5 2.5 2 1 1 2 2
2253.7 -4422.4 -145.0 176 0 8.5 7.2 5.0 2.5 2 0 2 2 2
2277.8 -4378.9 -147.7 271 0 8.3 9.3 5.0 2.5 2 1 2 1 1
2672.0 -3966.2 -171.3 81 0 17.7 9.4 7.5 2.5 2 0 3 3 3
1972.0 -5384.5 -111.7 101 0 9.0 8.2 2.5 2.5 2 0 1 0 0
2077.0 -4831.2 -143.5 86 0 9.9 13.7 5.0 2.5 2 1 2 2 2
2108.7 -4749.1 -145.7 176 0 8.1 7.8 5.0 2.5 4 0 2 5 5
2132.1 -4701.3 -144.9 4 0 5.3 10.6 2.5 2.5 2 1 1 3 3
2045.6 -4713.8 -139.8 85 0 13.5 13.4 2.5 2.5 2 0 1 4 4
2050.4 -6440.6 -163.2 82 0 10.3 11.8 7.5 2.5 2 1 3 5 5
1999.4 -6453.3 -162.6 8 0 10.6 11.6 2.5 2.5 2 1 1 2 2
2108.4 -6445.5 -166.2 172 0 11.8 10.3 5.0 2.5 2 0 2 4 4
2123.6 -6396.1 -163.9 172 0 11.8 10.3 7.5 2.5 2 0 3 3 3
2093.7 -6516.1 -164.8 352 0 11.8 10.3 5.0 2.5 2 0 2 4 4
2057.4 -6559.6 -161.0 84 0 8.2 6.0 7.5 2.5 2 0 3 3 3
2083.5 -6642.3 -157.0 171 0 13.4 11.7 5.0 2.5 2 0 2 4 4
2113.7 -6682.1 -156.2 98 0 10.8 9.4 5.0 2.5 2 0 2 0 0
1968.7 -6639.4 -143.8 176 0 7.2 15.1 2.5 0.0 0 1 1 2 2
2171.9 -5842.0 -148.3 94 0 7.1 31.9 5.0 2.5 2 1 2 2 2
2179.7 -5843.3 -148.5 94 0 7.1 31.9 7.5 2.5 2 1 3 3 3
2282.1 -5914.7 -155.0 21 0 22.7 14.5 12.5 2.5 2 0 5 4 4
2206.4 -5251.7 -155.3 97 0 9.9 10.2 7.5 2.5 2 1 3 1 1
2303.3 -5258.5 -163.9 275 0 7.9 9.0 2.5 2.5 2 1 1 5 5
2291.3 -5242.0 -162.6 96 0 17.1 14.2 7.5 2.5 2 0 3 5 5
2249.1 -5147.5 -156.1 273 0 10.6 12.5 7.5 2.5 2 1 3 2 2
2209.8 -5129.6 -152.6 82 0 19.6 18.8 12.5 2.5 2 0 5 4 4
2315.6 -5146.7 -161.7 275 0 11.5 13.5 7.5 2.5 2 1 3 4 4
2314.9 -5129.2 -160.8 88 0 10.6 13.1 5.0 2.5 2 1 2 0 0
2253.8 -5027.0 -156.1 271 0 12.0 7.6 7.5 2.5 2 0 3 5 5
2144.5 -4912.8 -148.9 200 0 9.0 12.5 7.5 2.5 2 1 3 1 1
2153.2 -4692.6 -146.1 5 0 17.6 14.0 7.5 2.5 2 0 3 2 2
2174.2 -4701.2 -147.8 183 0 10.0 4.8 7.5 2.5 2 0 3 0 0
2387.7 -4796.6 -166.2 183 0 13.9 11.1 2.5 2.5 2 0 1 1 1
2391.4 -4851.8 -168.9 93 0 15.0 13.0 2.5 2.5 2 0 1 2 2
2362.2 -4924.9 -165.1 4 0 12.9 14.9 5.0 2.5 2 1 2 0 0
2412.3 -4945.6 -168.1 1 0 10.1 8.0 7.5 2.5 2 0 3 1 1
2337.8 -4856.8 -164.2 89 0 8.1 13.3 2.5 2.5 4 1 1 2 2
3041.7 -4717.8 -174.2 121 0 8.9 20.0 7.5 2.5 2 1 3 5 5
3080.1 -4664.3 -173.4 301 0 8.9 19.9 7.5 2.5 2 1 3 1 1
3076.5 -4730.0 -173.0 29 0 12.2 19.4 5.0 0.0 0 1 2 4 4
3181.7 -4761.5 -165.5 201 0 13.2 6.5 7.5 2.5 2 0 3 3 3
2848.7 -5709.7 -158.3 225 0 17.2 8.4 7.5 2.5 2 0 3 3 3
2864.5 -5694.4 -156.6 227 0 12.8 6.7 7.5 2.5 2 0 3 4 4
2863.7 -5788.6 -158.8 0 0 11.7 10.3 5.0 2.5 2 0 2 1 1
2864.5 -5835.6 -161.8 3 0 10.1 12.3 5.0 2.5 2 1 2 4 4
2855.1 -5874.8 -164.1 93 0 8.4 13.0 7.5 2.5 2 1 3 3 3
2840.1 -5874.6 -164.1 95 0 11.8 13.4 2.5 2.5 2 1 1 3 3
2813.6 -5806.7 -161.5 185 0 14.8 16.5 5.0 2.5 2 1 2 1 1
2839.2 -5742.5 -160.1 254 0 12.5 19.3 15.0 0.0 0 1 6 3 3
2443.9 -5865.9 -173.8 282 0 4.3 9.2 5.0 2.5 2 1 2 5 5
2440.4 -5856.1 -174.0 284 0 4.0 9.9 2.5 2.5 2 1 1 4 4
2451.3 -5827.0 -175.7 358 0 9.4 5.9 5.0 2.5 2 0 2 5 5
2406.9 -5655.4 -176.7 12 0 15.0 21.8 10.0 2.5 2 1 4 5 5
2393.1 -5620.9 -174.8 283 0 24.5 13.8 10.0 0.0 0 0 4 1 1
2412.9 -5577.2 -174.9 283 0 12.2 10.5 5.0 2.5 2 0 2 4 4
2456.8 -5591.3 -176.5 16 0 14.4 30.0 12.5 2.5 2 1 5 1 1
2506.0 -5504.5 -177.4 10 0 11.1 21.0 5.0 2.5 2 1 2 3 3
2470.5 -5463.4 -176.0 280 0 11.3 22.5 7.5 2.5 4 1 3 2 2
2508.9 -5463.5 -177.5 11 0 9.0 28.5 7.5 2.5 2 1 3 1 1
2516.9 -5478.4 -178.0 11 0 21.0 8.9 2.5 2.5 2 0 1 1 1
2518.5 -5508.8 -177.9 15 0 6.9 9.0 7.5 2.5 2 1 3 2 2
2431.3 -5482.7 -174.9 265 0 13.5 9.3 5.0 2.5 2 0 2 3 3
2396.0 -5409.6 -172.6 87 0 19.8 11.6 5.0 2.5 2 0 2 4 4
2401.2 -5431.0 -173.2 172 0 16.4 12.4 7.5 2.5 4 0 3 0 0
2431.5 -5402.3 -174.1 0 0 14.4 20.6 10.0 2.5 2 1 4 2 2
2415.2 -5326.0 -171.7 267 0 13.0 10.5 5.0 2.5 2 0 2 0 0
2443.9 -5329.6 -172.7 12 0 11.7 9.4 7.5 2.5 2 0 3 3 3
2426.9 -5252.7 -170.6 268 0 8.6 16.0 2.5 2.5 2 1 1 1 1
2371.1 -5265.7 -168.6 267 0 9.0 12.2 2.5 0.0 0 1 1 1 1
2399.4 -5140.4 -167.5 258 0 10.9 8.4 5.0 2.5 2 0 2 3 3
2384.7 -5142.1 -166.9 264 0 10.8 9.1 2.5 2.5 4 0 1 4 4
2344.3 -5032.0 -162.4 3 0 14.7 13.3 2.5 2.5 2 0 1 4 4
2957.4 -5480.6 -151.6 288 0 9.8 17.5 7.5 2.5 2 1 3 5 5
2967.3 -4943.1 -171.0 13 0 18.8 8.9 5.0 2.5 2 0 2 3 3
2974.4 -4912.5 -170.9 15 0 17.8 8.8 7.5 2.5 4 0 3 3 3
2963.3 -6841.3 -188.4 69 0 17.5 8.9 5.0 2.5 2 0 2 5 5
2808.4 -6365.9 -171.6 347 0 19.7 11.7 5.0 2.5 2 0 2 3 3
2804.5 -6339.1 -173.2 347 0 19.7 11.7 5.0 0.0 0 0 2 3 3
2323.9 -6115.5 -166.0 45 0 16.3 11.8 5.0 2.5 4 0 2 5 5
2324.9 -6302.7 -168.7 171 0 10.8 15.0 2.5 0.0 0 1 1 3 3
2289.2 -6389.7 -170.7 271 0 18.5 12.8 7.5 2.5 4 0 3 3 3
2293.6 -6429.7 -172.4 90 0 10.8 9.4 7.5 2.5 2 0 3 1 1
2236.7 -6407.2 -168.7 82 0 9.8 11.9 5.0 2.5 2 1 2 0 0
2378.4 -6430.7 -175.8 46 0 6.1 6.1 7.5 2.5 2 0 3 4 4
2345.3 -6448.4 -176.2 275 0 10.2 11.9 10.0 2.5 2 1 4 0 0
2345.4 -6417.7 -174.3 95 0 15.7 8.7 7.5 2.5 2 0 3 1 1
2274.1 -6513.6 -172.7 272 0 6.6 9.0 7.5 2.5 2 1 3 2 2
2293.4 -6568.9 -170.7 3 0 9.9 12.8 2.5 2.5 2 1 1 0 0
2136.7 -6631.3 -163.1 263 0 13.1 12.0 5.0 2.5 2 0 2 2 2
2147.1 -6659.5 -162.2 82 0 10.1 10.2 7.5 2.5 2 1 3 1 1
2191.1 -6635.8 -163.6 352 0 6.9 8.5 5.0 2.5 2 1 2 4 4
2323.9 -6805.6 -163.3 11 0 14.6 12.5 10.0 2.5 2 0 4 2 2
2400.1 -6734.2 -164.6 95 0 11.1 10.1 5.0 2.5 2 0 2 1 1
2403.4 -6707.1 -165.0 275 0 11.1 10.1 5.0 2.5 2 0 2 3 3
2388.0 -6661.6 -167.0 178 0 17.5 11.9 10.0 0.0 0 0 4 4 4
2398.3 -6610.8 -172.3 345 0 12.1 12.6 7.5 2.5 4 1 3 5 5
2339.0 -6659.3 -164.9 257 0 8.1 9.9 5.0 2.5 2 1 2 3 3
2415.9 -6345.3 -176.5 147 0 21.6 14.1 15.0 0.0 0 0 6 4 4
2402.8 -6324.3 -174.9 142 0 11.8 11.3 5.0 0.0 0 0 2 4 4
929.8 3250.5 0.9 267 0 10.9 9.7 2.5 2.5 2 0 1 0 0
1056.1 3256.7 -13.8 239 0 11.9 10.1 2.5 2.5 2 0 1 4 4
1045.7 3251.0 -13.1 238 0 8.7 6.3 7.5 2.5 2 0 3 0 0
1097.7 3245.1 -15.2 319 0 26.1 8.8 2.5 2.5 2 0 1 2 2
1088.2 3229.9 -14.3 318 0 20.4 7.6 5.0 2.5 2 0 2 4 4
1114.2 3202.7 -14.5 318 0 39.0 11.2 7.5 2.5 2 0 3 2 2
1137.8 3151.8 -12.4 154 0 5.6 6.5 7.5 2.5 2 1 3 4 4
1122.2 3141.6 -11.0 157 0 8.6 10.3 2.5 2.5 2 1 1 0 0
1173.9 3001.1 -2.6 164 0 24.6 7.2 2.5 2.5 2 0 1 5 5
38.7 6790.0 180.5 358 0 11.3 19.1 17.5 0.0 0 1 7 3 3
1136.0 3230.6 -17.7 139 0 6.2 7.2 5.0 2.5 2 1 2 4 4
1122.5 3279.3 -17.6 229 0 7.2 6.2 7.5 2.5 2 0 3 1 1
1099.5 3153.7 -10.0 319 0 6.2 7.2 7.5 2.5 2 1 3 3 3
1091.9 3160.9 -10.3 319 0 6.2 7.2 5.0 2.5 2 1 2 0 0
1096.2 3175.8 -12.6 139 0 6.2 7.2 5.0 2.5 2 1 2 5 5
1048.3 3324.9 -15.4 135 0 10.9 6.4 5.0 2.5 4 0 2 5 5
1059.4 5405.4 8.6 82 0 9.8 7.0 5.0 2.5 2 0 2 1 1
1091.7 5475.2 18.1 61 0 6.9 8.8 5.0 2.5 2 1 2 2 2
899.3 5353.2 17.5 255 0 8.7 6.4 7.5 2.5 2 0 3 0 0
1063.6 5601.5 29.5 241 0 11.8 12.1 2.5 2.5 2 1 1 3 3
1079.1 5618.0 29.7 329 0 10.9 8.9 5.0 2.5 4 0 2 2 2
1053.6 5601.2 30.7 241 0 7.6 11.1 2.5 2.5 2 1 1 2 2
2015.4 -6744.7 -137.1 287 0 7.1 16.2 7.5 2.5 4 1 3 0 0
2064.3 -6741.1 -143.2 289 0 7.7 18.4 5.0 2.5 2 1 2 3 3
1959.2 -6513.3 -158.9 88 0 12.0 14.0 10.0 2.5 2 1 4 0 0
