169.5 2104.1 53.5 268 0 34.5 80.6 10.5 0.0 0 1 3 1 1
-99.1 2307.8 59.7 172 0 37.6 42.1 14.0 0.0 0 1 4 4 4
-3058.6 5709.5 48.8 120 0 88.2 10.1 10.5 3.5 2 0 3 2 2
-6419.3 3320.7 62.7 59 0 15.0 15.2 17.5 3.5 2 0 5 5 5
-6716.1 4981.1 60.9 65 0 32.6 19.0 14.0 0.0 0 0 4 5 5
-5182.6 -804.9 64.2 78 0 51.2 14.8 14.0 3.5 2 0 4 5 5
-6860.1 6302.0 51.2 73 0 34.1 55.8 17.5 0.0 0 1 5 5 5
2739.5 4797.9 6.6 57 0 11.3 33.5 10.0 2.5 2 1 4 1 1
-4851.8 6792.1 46.1 68 0 30.7 30.8 10.0 0.0 0 1 4 5 5
-4829.4 6834.6 46.4 246 0 32.5 31.8 10.0 0.0 0 0 4 0 0
-4802.4 6828.6 46.9 156 0 29.3 33.9 10.0 0.0 0 1 4 5 5
3860.8 -4119.6 -30.3 357 0 95.7 93.4 10.0 0.0 0 0 4 5 5
3912.5 -4083.2 -32.4 358 0 27.1 34.6 10.0 0.0 0 1 4 0 0
3937.5 -4037.7 -34.3 87 0 14.6 13.2 5.0 2.5 2 0 2 2 2
3970.1 -4029.7 -35.4 358 0 14.5 15.9 5.0 2.5 2 1 2 3 3
3986.6 -4070.0 -36.1 178 0 26.3 15.3 7.5 2.5 2 0 3 0 0
3984.8 -4037.0 -36.8 178 0 25.5 15.1 12.5 2.5 2 0 5 4 4
4010.5 -4074.3 -37.4 177 0 15.5 25.2 17.5 0.0 0 1 7 2 2
4011.1 -4048.2 -37.9 178 0 15.0 21.9 12.5 2.5 2 1 5 5 5
4005.1 -4117.0 -35.9 88 0 14.0 20.1 7.5 0.0 0 1 3 1 1
4027.2 -4116.7 -36.8 88 0 14.7 21.6 10.0 2.5 2 1 4 0 0
4095.6 -3963.9 -37.0 4 0 68.3 62.7 12.5 0.0 0 0 5 2 2
3981.4 -3960.0 -36.1 182 0 48.3 22.0 10.0 2.5 2 0 4 2 2
4006.6 -3959.9 -36.2 183 0 46.9 15.8 10.0 2.5 2 0 4 5 5
3651.7 -3852.6 -25.5 354 0 15.2 30.0 12.5 0.0 0 1 5 3 3
3542.6 -4672.4 -9.5 73 0 15.2 63.6 7.5 2.5 2 1 3 1 1
3580.3 -4583.4 -12.0 250 0 15.7 56.2 10.0 0.0 0 1 4 1 1
3744.2 -4564.5 -18.0 347 0 50.8 37.4 12.5 0.0 0 0 5 1 1
3884.0 -4408.8 -26.7 360 0 85.6 90.7 10.0 0.0 0 1 4 4 4
3891.9 -4512.7 -24.2 359 0 73.5 46.3 12.5 0.0 0 0 5 2 2
3977.9 -4656.2 -27.1 266 0 58.9 22.5 12.5 2.5 2 0 5 4 4
3665.6 -4027.4 -24.1 264 0 36.6 36.7 10.0 0.0 0 1 4 4 4
3664.3 -4087.5 -23.0 174 0 22.9 11.0 12.5 2.5 2 0 5 2 2
3688.7 -4081.5 -23.6 353 0 22.5 12.0 7.5 2.5 2 0 3 1 1
3600.4 -3820.5 -27.7 175 0 37.3 101.5 12.5 0.0 0 1 5 2 2
3989.3 -3601.5 -32.5 95 0 52.0 54.8 7.5 0.0 0 1 3 3 3
4093.3 -3591.1 -34.7 84 0 55.6 29.9 7.5 0.0 0 0 3 2 2
4104.3 -3681.1 -33.3 357 0 46.8 21.0 10.0 2.5 2 0 4 5 5
3957.4 -3622.9 -31.7 268 0 16.9 36.1 7.5 2.5 2 1 3 2 2
3995.2 -3612.6 -32.8 266 0 52.7 26.5 17.5 0.0 0 0 7 0 0
3858.1 -3546.1 -28.2 353 0 47.1 51.1 10.0 0.0 0 1 4 3 3
3830.1 -3647.5 -29.2 85 0 26.9 34.4 7.5 0.0 0 1 3 0 0
3906.3 -3641.1 -30.9 85 0 24.3 44.5 12.5 0.0 0 1 5 1 1
3984.8 -3734.0 -32.1 264 0 48.0 130.4 10.0 0.0 0 1 4 1 1
4002.5 -3728.0 -31.8 85 0 82.3 39.2 10.0 0.0 0 0 4 5 5
4009.5 -3895.7 -33.9 275 0 29.2 20.9 10.0 0.0 0 0 4 5 5
4057.9 -3887.7 -33.9 265 0 40.7 17.7 7.5 2.5 4 0 3 5 5
3175.0 -4255.7 0.2 174 0 38.6 37.8 7.5 0.0 0 0 3 3 3
3236.9 -4291.3 -1.4 86 0 15.2 27.7 10.0 2.5 2 1 4 4 4
3239.6 -4229.9 -1.5 353 0 20.9 13.8 10.0 2.5 2 0 4 2 2
3168.6 -4203.9 1.5 173 0 18.9 13.8 10.0 2.5 2 0 4 0 0
3172.2 -4169.1 1.5 263 0 13.8 18.9 10.0 2.5 2 1 4 3 3
3200.3 -4191.9 0.1 262 0 13.3 19.5 15.0 0.0 0 1 6 0 0
3197.9 -4167.0 0.0 262 0 13.3 19.8 10.0 2.5 2 1 4 2 2
3272.3 -4273.7 -3.0 353 0 28.4 15.5 10.0 2.5 2 0 4 4 4
3237.0 -4202.3 -1.6 355 0 19.7 13.8 10.0 2.5 2 0 4 0 0
3226.3 -4163.3 -1.6 257 0 12.4 18.5 15.0 0.0 0 1 6 3 3
3259.5 -4169.3 -3.0 353 0 20.1 15.0 10.0 2.5 2 0 4 2 2
3250.8 -4150.8 -3.2 265 0 20.5 5.9 2.5 2.5 2 0 1 5 5
3678.8 -4547.2 -15.9 266 0 16.1 16.8 10.0 2.5 2 0 4 5 5
3728.2 -4421.3 -19.7 341 0 10.2 26.9 12.5 2.5 2 1 5 5 5
3699.8 -4617.0 -16.2 83 0 13.8 23.8 12.5 2.5 2 1 5 2 2
3661.7 -4551.9 -15.2 256 0 13.9 13.6 7.5 2.5 2 0 3 4 4
3705.7 -4781.2 -15.1 257 0 36.0 72.1 12.5 0.0 0 1 5 3 3
3521.3 -4680.8 -8.7 73 0 19.0 16.9 7.5 0.0 0 0 3 5 5
3480.6 -4647.2 -8.3 156 0 15.5 28.5 10.0 0.0 0 1 4 2 2
3499.3 -4693.0 -7.7 86 0 17.9 15.1 5.0 2.5 2 0 2 0 0
3653.0 -4617.4 -14.6 83 0 21.4 46.7 7.5 2.5 4 1 3 5 5
3683.6 -4616.1 -15.7 85 0 16.4 40.1 10.0 2.5 2 1 4 1 1
-6627.5 4321.3 65.2 355 0 7.8 28.0 7.5 2.5 2 1 3 3 3
-6644.6 4314.7 65.2 265 0 13.7 8.4 7.5 2.5 2 0 3 0 0
-6696.4 4309.7 65.6 178 0 17.6 31.6 12.5 2.5 2 1 5 4 4
-6615.6 4289.0 64.7 121 0 13.9 22.2 10.0 2.5 2 1 4 4 4
-6409.1 3202.3 63.0 149 0 10.9 37.7 21.0 0.0 0 1 6 2 2
-6469.1 3291.1 62.7 59 0 100.9 13.4 17.5 3.5 2 0 5 4 4
-6868.4 3564.6 66.7 176 0 15.4 24.8 17.5 3.5 2 1 5 1 1
-6926.7 3528.7 67.0 176 0 16.2 62.0 17.5 3.5 2 1 5 5 5
2602.2 4873.7 10.1 134 0 12.2 27.4 10.0 2.5 2 1 4 0 0
1794.5 5644.7 21.0 135 0 12.9 36.5 5.0 2.5 2 1 2 5 5
-2427.1 6219.6 56.1 86 0 9.5 10.8 10.5 3.5 2 1 3 3 3
1495.0 4927.2 14.2 245 0 22.3 30.1 10.5 0.0 0 1 3 5 5
1565.5 4847.6 12.6 335 0 56.8 34.5 10.5 0.0 0 0 3 2 2
1609.4 4953.5 12.7 84 0 14.6 18.8 10.5 3.5 2 1 3 5 5
1245.3 4927.7 17.7 343 0 51.1 34.1 14.0 0.0 0 0 4 3 3
-4273.6 -2504.2 69.0 154 0 104.0 70.3 10.5 0.0 0 0 3 0 0
-4303.5 -2428.0 69.6 164 0 46.3 49.1 10.5 0.0 0 1 3 1 1
-4773.2 6803.2 46.8 246 0 32.9 98.9 14.0 0.0 0 1 4 0 0
-5559.3 6274.1 46.5 96 0 42.6 46.2 17.5 0.0 0 1 5 0 0
-3323.5 4690.1 51.3 295 0 34.6 39.5 12.5 0.0 0 1 5 2 2
-3147.8 5119.9 50.3 18 0 54.4 42.0 14.0 0.0 0 0 4 3 3
-84.8 1660.0 47.8 357 0 65.6 34.8 14.0 0.0 0 0 4 0 0
-6244.3 3255.9 62.2 345 0 7.4 19.9 10.5 3.5 2 0 3 0 0
-989.0 3931.4 50.2 180 0 20.4 9.9 10.5 0.0 0 0 3 1 1
-5614.5 2692.8 59.0 272 0 13.7 69.8 17.5 3.5 2 1 5 4 4
-5649.3 2682.3 60.2 271 0 14.0 57.2 17.5 0.0 0 1 5 1 1
-6606.2 4888.7 59.8 160 0 24.6 38.2 21.0 0.0 0 1 6 3 3
-6590.6 4861.5 60.1 160 0 13.8 24.9 14.0 3.5 2 1 4 3 3
3902.7 -3880.5 -32.0 85 0 45.3 13.2 7.5 2.5 2 0 3 2 2
3943.5 -3877.1 -32.1 85 0 32.6 13.4 10.0 2.5 2 0 4 5 5
4176.0 -4065.5 -39.9 77 0 4.7 6.8 7.5 2.5 2 1 3 5 5
-1070.6 -297.6 77.3 231 0 19.6 27.9 14.0 3.5 2 1 4 5 5
-74.8 -564.2 70.7 6 0 80.4 42.4 14.0 0.0 0 0 4 4 4
776.5 -1088.1 73.8 87 0 54.4 351.0 14.0 0.0 0 1 4 3 3
4132.8 -3711.7 -33.2 84 0 15.2 32.4 7.5 2.5 2 1 3 4 4
4178.1 -3697.9 -34.0 89 0 7.6 27.3 7.5 2.5 2 1 3 5 5
3847.9 -3970.8 -31.8 84 0 8.3 25.7 5.0 2.5 2 1 2 5 5
3870.4 -3971.3 -32.6 82 0 6.2 17.9 5.0 2.5 2 1 2 1 1
4102.9 -4270.2 -37.0 3 0 17.4 13.0 5.0 0.0 0 0 2 3 3
4131.6 -4273.6 -38.6 184 0 18.1 12.2 5.0 2.5 2 0 2 5 5
4104.5 -4236.8 -37.6 6 0 19.4 12.0 5.0 2.5 2 0 2 0 0
4135.4 -4239.2 -39.2 186 0 17.8 11.8 5.0 2.5 2 0 2 3 3
4096.3 -4201.1 -38.1 86 0 15.3 11.4 5.0 2.5 2 0 2 4 4
4119.6 -4193.1 -39.6 182 0 10.1 22.3 7.5 2.5 2 1 3 3 3
4228.2 -4052.0 -39.9 357 0 8.4 9.7 7.5 2.5 2 1 3 2 2
4234.2 -4056.0 -40.0 91 0 7.0 8.4 5.0 0.0 0 1 2 0 0
-6047.5 2611.2 64.9 274 0 17.2 79.7 17.5 3.5 2 1 5 5 5
-6150.5 2551.4 66.1 82 0 14.0 13.0 5.0 2.5 2 0 2 2 2
-6128.2 2582.6 65.4 351 0 14.9 25.2 7.5 2.5 4 1 3 1 1
-6173.2 2583.3 66.1 261 0 19.4 14.1 10.0 0.0 0 0 4 3 3
-6051.2 2755.7 64.0 170 0 16.5 27.5 17.5 3.5 2 1 5 3 3
-6097.7 2712.2 64.5 79 0 16.7 37.4 7.5 0.0 0 1 3 1 1
-6151.6 2701.9 64.9 80 0 34.9 8.9 7.5 2.5 2 0 3 2 2
-6152.9 2741.5 64.8 260 0 34.6 23.7 12.5 0.0 0 0 5 0 0
-6186.0 2692.0 65.1 260 0 55.7 9.8 10.5 3.5 2 0 3 5 5
-6161.6 2608.6 65.1 81 0 40.4 6.5 10.5 3.5 2 0 3 2 2
-6190.3 2637.4 65.1 172 0 23.7 14.1 17.5 3.5 2 0 5 4 4
-6154.8 2684.0 65.0 261 0 37.1 20.8 17.5 0.0 0 0 5 5 5
-6147.8 2622.9 65.1 82 0 31.9 32.0 17.5 0.0 0 1 5 2 2
-251.2 2567.1 59.7 354 0 81.6 41.0 14.0 0.0 0 0 4 0 0
-207.8 2606.8 56.7 85 0 55.8 78.3 14.0 0.0 0 1 4 3 3
37.2 1957.4 48.2 173 0 25.6 34.3 10.5 0.0 0 1 3 2 2
97.9 1965.4 47.6 82 0 14.5 18.8 10.5 3.5 2 0 3 1 1
-74.0 2100.8 54.1 357 0 28.4 37.8 14.0 0.0 0 1 4 0 0
-130.0 2091.5 56.4 359 0 50.1 29.0 14.0 0.0 0 0 4 3 3
-165.1 2351.0 63.6 352 0 55.7 76.7 14.0 0.0 0 1 4 0 0
-114.8 2347.8 62.1 171 0 22.4 29.3 14.0 0.0 0 1 4 5 5
6861.5 -4636.1 -86.2 334 0 43.2 14.1 10.0 2.5 2 0 4 1 1
-6708.8 3440.7 64.9 279 0 23.3 7.3 10.5 0.0 0 0 3 5 5
-6715.0 3451.6 65.1 360 0 15.2 6.6 10.5 3.5 2 0 3 5 5
-6704.0 3462.5 65.1 87 0 32.1 10.0 10.5 3.5 2 0 3 4 4
-6725.5 3454.5 65.1 358 0 29.9 9.0 10.5 3.5 2 0 3 0 0
-1315.3 -914.1 77.1 28 0 17.1 18.3 14.0 3.5 4 1 4 0 0
-1310.6 -963.7 77.5 190 0 24.5 12.7 14.0 3.5 2 0 4 2 2
-1658.7 3912.6 57.8 8 0 41.0 5.0 10.5 3.5 2 0 3 1 1
-6766.7 5940.6 52.9 177 0 14.2 30.6 17.5 3.5 2 1 5 1 1
-6627.4 2436.7 69.2 170 0 8.2 27.9 10.5 3.5 2 1 3 4 4
-6357.6 4174.3 62.0 261 0 24.8 23.9 17.5 3.5 2 0 5 1 1
-6407.8 5203.6 53.4 57 0 26.6 27.8 7.5 0.0 0 1 3 0 0
-2719.3 1982.9 59.4 2 0 8.6 10.2 10.5 3.5 2 1 3 4 4
-6706.2 6762.0 46.8 85 0 23.1 23.6 17.5 3.5 2 1 5 1 1
-6452.6 5903.8 50.6 81 0 27.5 14.7 17.5 3.5 2 0 5 4 4
-2365.3 4524.0 58.9 341 0 9.3 17.7 10.5 3.5 2 1 3 1 1
-6303.3 4573.0 59.4 349 0 13.3 27.3 7.5 2.5 4 1 3 1 1
-6291.4 2910.6 64.4 92 0 21.4 14.0 17.5 3.5 2 0 5 2 2
-1979.3 5717.2 60.4 97 0 27.2 9.2 10.5 0.0 0 0 3 1 1
-2247.9 1841.5 62.5 191 0 31.2 24.7 10.5 0.0 0 0 3 4 4
-6261.7 2116.6 67.9 86 0 18.3 16.2 17.5 3.5 4 0 5 0 0
3628.1 2427.5 -5.5 247 0 14.0 23.4 10.0 2.5 2 1 4 2 2
-2886.5 2053.4 58.1 96 0 12.1 18.9 14.0 3.5 2 1 4 1 1
-6443.3 5471.7 53.3 75 0 9.7 29.3 10.5 3.5 2 1 3 1 1
-786.4 -247.5 80.7 323 0 10.5 14.0 14.0 3.5 2 1 4 4 4
-2068.6 1807.2 63.0 96 0 10.9 47.7 14.0 3.5 2 1 4 2 2
-5538.3 -190.4 62.7 100 0 10.9 26.6 17.5 3.5 4 1 5 1 1
-3686.6 2076.5 56.4 222 0 11.6 29.3 17.5 3.5 2 1 5 0 0
-4647.7 6589.5 49.4 71 0 74.3 17.6 10.5 0.0 0 0 3 5 5
-4685.1 6676.9 51.4 269 0 18.5 68.5 10.5 3.5 2 1 3 0 0
