1798.5 5383.3 103.9 1 0 4.3 7.6 7.5 0.0 0 1 3 1 1
1684.4 5426.2 99.3 181 0 4.9 9.9 5.0 2.5 2 1 2 5 5
1686.4 5431.8 99.4 180 0 4.1 8.4 2.5 2.5 2 1 1 3 3
1696.4 5432.2 99.8 179 0 4.9 6.6 7.5 2.5 2 1 3 4 4
1696.2 5425.4 99.8 183 0 4.7 7.2 7.5 2.5 2 1 3 1 1
1781.8 5443.6 101.7 267 0 5.4 6.0 5.0 2.5 2 1 2 2 2
1816.4 5399.8 104.3 73 0 4.9 6.3 5.0 0.0 0 1 2 4 4
1809.3 5427.7 102.9 342 0 8.4 7.1 7.5 2.5 2 0 3 4 4
-4937.6 -5622.0 -107.0 11 0 9.3 27.9 7.5 2.5 2 1 3 3 3
-5033.7 -5621.5 -110.4 271 0 30.7 8.5 7.5 2.5 2 0 3 1 1
-4893.0 -5710.5 -108.4 200 0 15.4 20.0 10.0 2.5 4 1 4 4 4
-4942.5 -5572.5 -107.8 283 0 28.0 10.8 12.5 2.5 2 0 5 5 5
-5080.9 -5648.1 -111.4 145 0 12.0 29.3 12.5 2.5 2 1 5 5 5
