-2245.5 3284.4 -4.2 274 0 20.7 40.7 7.5 0.0 0 1 3 2 2
1139.9 -4680.1 -24.7 89 0 8.7 12.1 7.5 2.5 2 1 3 5 5
1169.6 -4699.2 -24.6 291 0 18.6 11.1 2.5 2.5 2 0 1 3 3
1136.5 -4627.9 -24.0 269 0 8.5 26.3 7.5 2.5 2 1 3 5 5
3452.2 6710.6 -12.9 213 0 63.9 138.3 10.0 0.0 0 1 4 1 1
6183.4 -6422.5 -39.4 203 0 37.0 32.5 12.5 0.0 0 0 5 3 3
5805.6 -2491.9 -16.3 4 0 36.1 52.5 7.5 0.0 0 1 3 1 1
3476.4 6699.0 -9.4 209 0 30.5 48.2 10.0 0.0 0 1 4 5 5
3548.0 6668.8 -1.4 298 0 28.6 31.8 17.5 0.0 0 1 7 4 4
5771.3 -2059.2 -16.8 190 0 11.7 77.3 15.0 2.5 2 1 6 5 5
-4707.1 -4193.3 16.1 269 0 64.4 59.2 10.0 0.0 0 0 4 2 2
-4567.1 -4252.7 15.8 2 0 33.9 10.3 7.5 2.5 2 0 3 4 4
-4638.1 -4407.3 15.9 19 0 29.8 13.7 12.5 2.5 2 0 5 4 4
-4623.7 -4459.4 12.8 192 0 73.0 78.8 12.5 0.0 0 1 5 3 3
-4591.1 -4327.3 16.9 195 0 29.8 13.1 7.5 2.5 2 0 3 3 3
-4687.8 -4109.4 14.2 176 0 54.5 40.5 12.5 0.0 0 0 5 3 3
-4473.6 -2167.9 4.2 199 0 19.6 11.7 5.0 2.5 2 0 2 5 5
-4481.2 -2159.6 5.4 108 0 7.9 10.8 7.5 2.5 2 1 3 4 4
-4483.3 -2194.3 2.6 194 0 12.5 12.7 2.5 2.5 2 1 1 2 2
-4440.6 -2196.0 2.0 292 0 16.9 19.5 17.5 0.0 0 1 7 2 2
-4408.5 -2205.6 1.5 288 0 11.2 21.8 10.0 2.5 2 1 4 1 1
-2669.8 1283.0 13.5 180 0 24.6 12.4 10.0 0.0 0 0 4 0 0
-2643.5 1211.5 16.2 95 0 13.6 41.5 10.0 2.5 2 1 4 2 2
-2650.9 1288.5 14.2 273 0 6.6 39.2 7.5 2.5 2 1 3 3 3
-2621.7 1260.1 15.6 1 0 12.0 24.6 15.0 0.0 0 1 6 1 1
-2642.2 1288.5 14.6 273 0 6.0 20.1 7.0 2.5 2 1 2 3 3
-2604.2 1273.0 15.7 1 0 8.4 32.8 7.5 2.5 2 1 3 4 4
-2621.7 1283.6 15.2 2 0 8.5 15.3 3.5 0.0 0 1 1 4 4
-2604.0 1295.9 15.0 354 0 11.5 31.5 12.5 0.0 0 1 5 5 5
-2913.3 510.0 32.6 22 0 14.3 9.6 10.5 2.5 2 0 3 3 3
-2908.4 644.4 23.5 12 0 24.1 9.7 7.5 0.0 0 0 3 2 2
-2894.7 672.9 20.3 9 0 29.1 15.5 12.5 2.5 2 0 5 0 0
-2899.4 713.6 19.8 191 0 34.7 10.7 12.5 2.5 2 0 5 3 3
-2641.3 803.7 29.9 3 0 18.4 19.0 10.0 2.5 2 1 4 2 2
-2924.6 1149.2 1.4 267 0 44.9 43.5 10.0 0.0 0 0 4 1 1
3944.7 2605.0 -36.0 98 0 64.4 12.0 7.5 2.5 2 0 3 3 3
3994.9 2581.7 -35.2 120 0 17.8 30.1 5.0 2.5 2 1 2 1 1
3854.5 2660.9 -36.7 190 0 79.4 17.8 10.0 2.5 4 0 4 2 2
6310.0 -6363.0 -34.9 4 0 24.6 9.4 7.5 2.5 2 0 3 2 2
6042.4 -5334.3 -32.2 274 0 9.3 53.9 7.5 2.5 4 1 3 2 2
6063.1 -5362.1 -33.4 5 0 49.2 13.8 10.0 0.0 0 0 4 2 2
6794.3 -5070.3 -35.1 90 0 15.3 19.1 10.0 2.5 2 1 4 4 4
5794.4 -1365.8 -21.6 5 0 30.8 45.9 12.5 0.0 0 1 5 5 5
5611.3 -2039.1 -24.2 275 0 11.1 32.1 10.0 2.5 4 1 4 2 2
5628.2 -2037.7 -23.1 275 0 10.9 28.8 10.0 2.5 2 1 4 4 4
5642.3 -2046.9 -22.5 276 0 11.4 31.2 10.0 2.5 2 1 4 0 0
5645.7 -2028.1 -21.6 266 0 8.6 15.7 10.5 2.5 4 1 3 4 4
1631.0 47.8 -28.8 187 0 30.9 12.8 17.5 0.0 0 0 7 1 1
1633.2 71.6 -26.8 188 0 9.9 28.7 7.5 2.5 2 1 3 0 0
4886.1 -4184.9 -30.7 87 0 15.6 21.8 10.0 2.5 2 1 4 1 1
4399.7 -3905.2 -26.3 88 0 19.6 30.5 10.0 2.5 2 1 4 5 5
-3204.6 6668.7 2.6 296 0 12.9 10.2 7.5 0.0 0 0 3 3 3
-3196.5 6688.0 3.8 291 0 12.0 10.2 2.5 0.0 0 0 1 3 3
-628.7 -6686.6 -29.7 287 0 28.6 39.5 10.0 0.0 0 1 4 4 4
2477.5 -6812.3 -18.6 39 0 22.4 14.4 7.5 2.5 2 0 3 1 1
2502.4 -6833.6 -17.5 122 0 23.1 21.1 7.5 2.5 4 0 3 5 5
2027.3 -3882.7 -35.8 13 0 27.1 22.7 12.5 0.0 0 0 5 3 3
1687.3 -2591.7 -21.1 334 0 14.5 11.8 5.0 2.5 2 0 2 5 5
2499.3 886.6 -15.2 212 0 34.7 34.3 12.5 0.0 0 0 5 5 5
2744.7 2008.7 -11.6 352 0 65.7 37.2 7.5 0.0 0 0 3 3 3
3158.0 4249.9 -9.7 10 0 83.0 63.7 10.0 0.0 0 0 4 3 3
2964.4 4121.5 -12.8 2 0 42.1 46.8 12.5 0.0 0 1 5 0 0
1354.0 -1256.8 -31.9 105 0 21.7 28.8 12.5 0.0 0 1 5 0 0
1446.3 -1306.1 -35.7 166 0 45.4 19.5 10.0 2.5 2 0 4 2 2
1383.7 -1226.3 -30.8 339 0 12.2 9.3 5.0 2.5 2 0 2 1 1
1444.4 16.0 -37.8 97 0 14.1 18.9 7.5 2.5 2 1 3 3 3
3234.7 5097.7 -7.7 277 0 25.4 15.1 17.5 0.0 0 0 7 5 5
3297.5 6362.6 -3.1 117 0 26.2 35.4 10.0 0.0 0 1 4 1 1
-4788.2 -4606.0 7.0 80 0 10.9 25.5 7.5 2.5 2 1 3 2 2
-4928.9 -4696.4 10.4 217 0 6.3 5.5 7.5 2.5 2 0 3 5 5
-1259.4 3521.9 -2.0 306 0 61.2 57.1 10.0 0.0 0 0 4 4 4
-1972.2 2734.5 -0.3 298 0 135.0 75.8 15.0 0.0 0 0 6 2 2
1075.3 6739.2 -14.8 90 0 20.1 29.6 5.0 2.5 2 1 2 3 3
3565.3 1788.6 -33.1 88 0 23.6 29.4 12.5 0.0 0 1 5 4 4
4666.5 -2225.2 -16.1 357 0 39.2 30.7 10.0 0.0 0 0 4 4 4
-100.0 -5673.6 -31.1 95 0 20.6 27.0 15.0 0.0 0 1 6 2 2
2384.2 3117.7 -11.2 346 0 40.0 33.6 10.0 0.0 0 0 4 3 3
-357.5 5074.9 -10.7 125 0 26.0 24.8 12.5 0.0 0 0 5 5 5
2204.1 1057.9 -17.8 250 0 48.7 45.4 7.5 0.0 0 0 3 4 4
2257.3 -4787.8 -23.3 101 0 21.4 30.7 7.5 0.0 0 1 3 2 2
-3100.0 -263.8 36.8 199 0 36.0 39.3 10.0 0.0 0 1 4 2 2
4671.1 6065.8 -18.2 196 0 7.5 21.6 5.0 2.5 2 1 2 5 5
4661.4 6147.7 -18.0 91 0 16.0 30.5 10.0 2.5 2 1 4 3 3
4681.1 5466.3 -13.9 8 0 13.0 41.1 10.0 2.5 2 1 4 2 2
4662.3 5268.7 -21.3 354 0 8.7 14.0 5.0 2.5 2 1 2 2 2
-4445.7 -4520.6 17.6 284 0 29.8 28.4 12.5 0.0 0 0 5 2 2
