-1625.6 -4764.2 -9.9 281 0 14.0 72.9 5.0 2.5 2 1 2 1 1
-1944.5 -4206.3 1.3 356 0 52.8 28.9 7.5 0.0 0 0 3 1 1
2835.7 -6824.0 -34.9 90 0 29.7 27.4 10.0 0.0 0 0 4 5 5
3231.6 -1688.0 -41.6 272 0 29.9 31.8 10.0 0.0 0 1 4 2 2
-2350.4 6102.7 -33.6 2 0 51.8 42.2 10.0 0.0 0 0 4 3 3
-682.5 1808.9 14.3 181 0 46.0 49.2 10.0 0.0 0 1 4 5 5
-1786.3 -4167.8 1.0 164 0 41.2 22.0 12.5 0.0 0 0 5 1 1
-1682.4 -4823.2 -10.8 169 0 40.0 12.5 10.0 2.5 2 0 4 1 1
-1854.1 -4394.4 -0.5 32 0 19.7 12.5 7.5 2.5 2 0 3 4 4
-1663.1 -4819.6 -10.2 190 0 18.4 18.5 10.0 2.5 2 1 4 1 1
-1641.7 -4747.0 -10.3 8 0 14.4 49.7 7.5 2.5 2 1 3 0 0
-1844.6 -4120.1 1.5 344 0 15.0 24.0 10.0 2.5 2 1 4 0 0
-1804.3 -4303.2 -2.7 19 0 18.9 23.9 10.0 2.5 2 1 4 5 5
-1863.6 -4262.5 4.1 60 0 13.6 16.4 10.0 2.5 2 1 4 2 2
-1852.6 -4022.7 -0.3 246 0 18.1 23.6 7.5 2.5 2 1 3 2 2
-1981.2 -4086.0 -1.3 347 0 15.7 20.7 7.5 2.5 2 1 3 3 3
-1903.8 -4190.5 2.1 0 0 18.3 11.4 7.5 2.5 2 0 3 3 3
-1902.5 -4209.6 2.6 357 0 16.8 10.9 5.0 2.5 2 0 2 4 4
-1904.1 -4160.3 1.5 74 0 15.2 11.9 7.5 2.5 4 0 3 2 2
-1874.7 -4169.3 2.1 75 0 27.8 12.1 10.0 2.5 2 0 4 4 4
-1856.6 -4088.8 0.8 344 0 9.7 16.1 7.5 2.5 4 1 3 3 3
-1816.1 -4191.6 3.5 342 0 10.4 10.0 2.5 2.5 2 0 1 1 1
-1836.9 -4183.7 3.0 130 0 9.6 14.2 2.5 2.5 2 1 1 5 5
-3590.2 -3060.6 -36.1 349 0 128.5 24.0 12.5 0.0 0 0 5 4 4
-3529.7 -3350.7 -37.0 267 0 11.8 29.0 7.5 2.5 2 1 3 1 1
-3818.9 -3673.2 -40.0 348 0 31.2 32.3 2.5 0.0 0 1 1 4 4
-3991.9 -3619.6 -41.7 259 0 22.9 55.5 5.0 0.0 0 1 2 4 4
-3503.1 -3129.4 -36.5 60 0 7.9 8.9 7.5 2.5 2 1 3 3 3
-3580.6 -3209.1 -37.0 192 0 27.4 12.2 10.0 2.5 2 0 4 5 5
-3586.1 -3188.0 -36.4 17 0 8.9 7.0 2.5 2.5 2 0 1 5 5
-3548.0 -3352.0 -37.2 265 0 20.4 23.6 10.0 2.5 2 1 4 5 5
-3755.0 -3489.7 -38.1 176 0 20.7 27.2 10.0 0.0 0 1 4 4 4
-3558.9 -3001.3 -34.1 173 0 14.0 7.3 7.5 0.0 0 0 3 3 3
-3000.3 -2961.5 -29.8 24 0 18.5 17.2 15.0 0.0 0 0 6 4 4
-1539.5 -894.9 -41.8 81 0 55.5 86.9 10.0 0.0 0 1 4 5 5
-1501.2 -1208.3 -36.2 277 0 61.6 47.3 10.0 0.0 0 0 4 5 5
-1526.3 -2439.9 -33.4 275 0 41.0 54.7 10.0 0.0 0 1 4 4 4
-1424.9 -2458.3 -23.8 280 0 22.5 34.9 12.5 0.0 0 1 5 2 2
136.3 -2717.3 8.8 178 0 58.1 48.6 12.5 0.0 0 0 5 2 2
151.1 -3737.6 4.6 88 0 71.6 78.0 12.5 0.0 0 1 5 3 3
103.6 -3776.8 14.3 184 0 14.9 18.4 10.0 2.5 2 1 4 4 4
-90.1 -5173.5 -21.5 188 0 73.0 55.9 10.0 0.0 0 0 4 1 1
-1208.2 -4952.1 -26.6 161 0 26.5 31.4 12.5 0.0 0 1 5 0 0
1440.9 -5937.6 -36.4 99 0 23.5 27.7 15.0 0.0 0 1 6 3 3
1758.7 -6173.3 -41.6 358 0 39.5 26.3 12.5 0.0 0 0 5 2 2
757.6 5983.1 -34.8 0 0 39.7 38.5 12.5 0.0 0 0 5 2 2
112.1 5879.3 -40.2 75 0 19.0 28.5 12.5 2.5 2 1 5 3 3
1739.0 -3160.1 -30.5 271 0 23.0 33.8 12.5 0.0 0 1 5 2 2
25.9 -1639.4 -27.4 90 0 24.3 32.7 17.5 0.0 0 1 7 1 1
109.3 -1893.3 -27.5 272 0 33.3 30.2 12.5 0.0 0 0 5 2 2
-1613.4 -814.0 -40.4 169 0 27.3 24.0 12.5 0.0 0 0 5 0 0
-1493.5 -784.8 -35.1 350 0 19.8 13.5 12.5 2.5 2 0 5 0 0
-1433.9 6411.8 -25.1 95 0 29.9 32.0 10.0 0.0 0 1 4 4 4
-6661.7 -570.7 -22.5 268 0 16.3 22.1 12.5 2.5 4 1 5 1 1
-6639.2 -631.4 -23.2 91 0 26.9 34.9 10.0 0.0 0 1 4 2 2
-6427.1 -4802.5 1.5 203 0 22.0 23.1 12.5 2.5 2 1 5 2 2
-2367.5 -6678.8 -35.9 92 0 40.5 48.0 10.0 0.0 0 1 4 3 3
-2051.9 -5055.4 -34.4 92 0 32.7 36.0 12.5 0.0 0 1 5 4 4
-1711.3 5350.8 -31.9 355 0 19.8 20.8 10.0 2.5 2 1 4 0 0
-1600.7 5483.2 -35.5 218 0 12.2 19.2 7.5 2.5 2 1 3 5 5
-3280.9 6122.1 -41.8 270 0 34.4 34.6 12.5 0.0 0 1 5 3 3
602.7 1706.1 -0.4 5 0 38.7 9.6 7.5 0.0 0 0 3 3 3
847.3 -5967.6 -31.2 95 0 14.5 12.9 7.5 2.5 4 0 3 2 2
828.2 -6030.2 -36.4 86 0 11.7 15.6 10.0 2.5 2 1 4 0 0
994.9 -5953.4 -31.4 69 0 15.2 20.5 12.5 2.5 2 1 5 3 3
1064.5 -5910.6 -30.9 0 0 13.3 15.4 7.5 2.5 2 1 3 2 2
1105.6 -5905.6 -32.3 85 0 17.4 18.7 10.0 2.5 2 1 4 4 4
1076.4 -5865.5 -32.1 250 0 8.6 19.9 2.5 2.5 2 1 1 1 1
1228.3 -5885.3 -35.3 88 0 12.5 13.1 7.5 2.5 2 1 3 0 0
1217.1 -5849.9 -35.7 176 0 18.6 21.9 12.5 2.5 2 1 5 4 4
-2867.6 -1119.3 15.2 83 0 9.1 37.7 7.5 2.5 2 1 3 2 2
-2126.3 148.2 -41.6 177 0 18.4 33.7 10.0 2.5 2 0 4 1 1
-2114.2 167.1 -41.3 180 0 18.7 17.3 7.5 2.5 2 0 3 3 3
-2127.6 181.2 -40.6 179 0 9.9 11.0 7.5 2.5 2 1 3 4 4
-2114.6 217.9 -40.8 174 0 15.0 16.8 12.5 2.5 2 1 5 3 3
-2111.8 194.1 -40.9 176 0 11.3 12.3 7.5 2.5 2 1 3 3 3
-2143.7 141.1 -40.3 2 0 15.0 20.3 10.0 2.5 4 1 4 1 1
-2144.9 126.8 -40.4 357 0 10.5 6.6 5.0 2.5 2 0 2 1 1
-2141.5 154.9 -40.2 0 0 9.5 12.1 7.5 2.5 2 1 3 5 5
-2113.5 292.9 -40.4 180 0 11.2 17.4 7.5 2.5 2 1 3 5 5
-2114.1 313.6 -40.3 180 0 13.4 18.5 5.0 0.0 0 1 2 5 5
-2124.4 465.6 -39.0 171 0 15.3 11.9 7.5 2.5 2 0 3 3 3
-2161.0 541.7 -37.2 268 0 13.3 12.8 7.5 2.5 4 0 3 3 3
-2173.5 525.8 -36.8 266 0 10.7 9.1 5.0 2.5 2 0 2 1 1
-2220.5 571.2 -34.9 339 0 14.3 10.8 2.5 2.5 2 0 1 2 2
-2258.3 648.6 -33.2 342 0 14.0 16.3 2.5 2.5 2 1 1 0 0
-2192.4 624.8 -36.0 170 0 21.8 14.5 7.5 0.0 0 0 3 3 3
-2179.4 690.0 -36.1 177 0 12.1 15.0 5.0 2.5 2 1 2 5 5
-2086.7 -346.7 -39.2 89 0 14.0 18.2 10.0 2.5 2 1 4 1 1
-1988.1 -290.5 -38.6 359 0 24.7 18.2 12.5 2.5 2 0 5 4 4
-2040.1 -369.3 -39.7 269 0 10.3 24.0 5.0 2.5 4 1 2 4 4
-2270.0 -1096.8 -24.1 178 0 21.3 19.1 10.0 2.5 2 0 4 5 5
-2229.7 -1126.1 -25.7 360 0 19.1 14.7 10.0 2.5 2 0 4 5 5
-2220.7 -1167.9 -27.3 356 0 15.5 17.8 10.0 2.5 2 1 4 2 2
-2202.8 -1052.9 -24.5 269 0 19.1 15.1 10.0 2.5 2 0 4 2 2
-2257.4 799.0 -35.5 186 0 15.8 15.5 2.5 2.5 2 0 1 5 5
-2206.9 759.3 -36.2 94 0 19.2 16.1 10.0 2.5 2 0 4 5 5
-2158.0 770.0 -37.5 0 0 15.8 13.9 7.5 0.0 0 0 3 4 4
-2180.8 825.7 -38.4 0 0 15.3 12.9 7.5 2.5 2 0 3 2 2
-2237.6 920.2 -38.7 272 0 14.8 17.1 7.5 2.5 2 1 3 3 3
-2273.4 912.0 -38.3 170 0 22.6 15.1 10.0 2.5 2 0 4 1 1
-2188.0 901.3 -39.6 266 0 13.6 11.7 2.5 2.5 2 0 1 0 0
-2242.5 1010.6 -38.5 357 0 20.7 15.7 7.5 2.5 2 0 3 1 1
-2177.7 1071.6 -39.6 267 0 13.9 13.0 2.5 0.0 0 0 1 1 1
-2304.5 1094.8 -36.8 90 0 17.3 18.9 10.0 2.5 4 1 4 2 2
-2287.4 987.3 -37.9 199 0 12.3 10.1 7.5 2.5 2 0 3 0 0
-2262.5 1093.8 -38.2 90 0 14.7 22.2 7.5 2.5 2 1 3 5 5
-2200.3 1246.4 -35.0 358 0 18.6 17.6 15.0 0.0 0 0 6 3 3
-2184.4 1219.3 -36.8 357 0 10.6 17.2 5.0 0.0 0 1 2 4 4
-2177.0 1205.3 -37.8 354 0 7.8 12.1 2.5 2.5 4 1 1 3 3
-2284.5 1309.0 -28.3 177 0 15.6 11.6 5.0 2.5 2 0 2 2 2
-2270.6 1223.3 -32.4 86 0 13.7 15.1 5.0 2.5 2 1 2 5 5
-2221.0 1297.8 -31.5 5 0 16.5 18.3 12.5 2.5 2 1 5 4 4
-2218.0 1472.8 -29.3 348 0 17.3 15.3 7.5 2.5 2 0 3 3 3
-2269.1 1595.1 -36.7 280 0 10.8 9.7 5.0 2.5 2 0 2 1 1
-2278.1 1609.1 -36.0 92 0 17.8 18.9 10.0 2.5 4 1 4 2 2
-2310.9 759.6 -32.0 355 0 21.1 14.1 12.5 2.5 2 0 5 0 0
-2324.9 828.2 -33.6 3 0 18.5 14.4 15.0 0.0 0 0 6 1 1
-2387.1 741.4 -29.1 175 0 11.3 8.0 5.0 2.5 2 0 2 0 0
-2384.4 996.3 -36.3 346 0 21.2 17.1 7.5 2.5 2 0 3 4 4
-2402.8 1052.8 -36.8 0 0 14.0 16.2 5.0 2.5 2 1 2 0 0
-2331.0 1072.6 -37.1 268 0 14.7 16.1 5.0 2.5 2 1 2 1 1
-2361.6 1067.3 -35.6 270 0 11.2 14.0 5.0 2.5 2 1 2 0 0
-2425.9 1152.4 -34.6 2 0 13.5 13.7 7.5 2.5 4 1 3 2 2
-2448.4 1182.7 -34.4 184 0 14.4 15.9 5.0 0.0 0 1 2 2 2
-2349.5 1260.6 -27.1 271 0 12.2 9.9 5.0 2.5 2 0 2 1 1
-2345.6 1365.5 -22.3 4 0 29.0 29.4 12.5 0.0 0 1 5 5 5
-2442.2 1475.0 -29.4 92 0 18.2 15.5 10.0 2.5 2 0 4 3 3
-2517.2 1571.6 -32.6 273 0 6.6 11.3 7.5 2.5 2 1 3 5 5
-2435.4 1613.5 -35.9 265 0 5.9 21.6 5.0 2.5 2 1 2 0 0
1615.0 -3480.9 -25.3 268 0 14.8 14.4 7.5 2.5 2 0 3 1 1
1570.7 -3535.0 -29.5 355 0 16.2 14.4 10.0 2.5 4 0 4 0 0
1758.9 -3271.1 -26.0 89 0 9.5 22.9 2.5 2.5 2 1 1 1 1
1646.9 -3129.1 -31.6 90 0 14.8 14.7 5.0 2.5 4 0 2 0 0
1884.8 -2575.1 -21.8 15 0 8.1 14.0 5.0 2.5 2 1 2 3 3
1855.8 -2540.1 -21.5 175 0 21.1 13.9 7.5 2.5 2 0 3 1 1
1793.2 -2464.1 -23.2 174 0 12.5 13.6 2.5 2.5 2 1 1 2 2
2128.3 -2538.2 -25.0 14 0 11.7 15.6 7.5 2.5 4 1 3 3 3
2301.6 -2384.6 -40.5 96 0 16.6 21.7 10.0 2.5 2 1 4 2 2
2278.9 -2392.4 -38.6 94 0 17.5 12.8 7.5 2.5 2 0 3 3 3
2215.1 -2331.7 -36.3 273 0 18.1 12.0 10.0 2.5 2 0 4 2 2
2230.4 -2480.0 -33.6 100 0 17.8 24.0 7.5 2.5 2 1 3 3 3
2309.9 -2675.9 -33.4 358 0 9.8 11.9 5.0 2.5 2 1 2 5 5
2252.5 -2680.1 -30.9 100 0 24.3 11.6 17.5 0.0 0 0 7 0 0
2146.2 -2756.5 -23.6 178 0 12.2 13.7 5.0 2.5 2 1 2 2 2
2158.2 -2824.5 -23.5 180 0 16.0 14.4 5.0 2.5 2 0 2 0 0
2125.0 -2817.3 -24.8 4 0 11.5 11.9 2.5 2.5 2 1 1 1 1
2109.1 -2735.0 -21.3 284 0 17.1 11.7 5.0 2.5 2 0 2 0 0
2118.6 -2761.8 -21.2 4 0 11.7 19.9 10.0 2.5 2 1 4 2 2
2115.1 -2684.9 -21.9 349 0 13.5 9.3 5.0 2.5 2 0 2 3 3
2080.4 -2471.2 -24.2 280 0 11.5 12.0 5.0 2.5 2 1 2 0 0
-5955.8 -267.0 41.0 9 0 11.9 25.1 12.5 2.5 4 1 5 4 4
-5940.3 -190.7 36.3 266 0 11.4 10.9 2.5 2.5 2 0 1 3 3
-5986.6 -334.2 44.2 91 0 9.1 8.8 5.0 2.5 2 0 2 1 1
-6049.4 -178.2 40.0 269 0 12.0 11.0 5.0 2.5 4 0 2 1 1
-6082.1 -290.4 43.4 276 0 10.4 13.0 7.5 2.5 2 1 3 2 2
-6343.3 -150.2 43.0 106 0 10.9 12.2 5.0 2.5 2 1 2 3 3
-6322.8 -152.6 43.3 101 0 9.3 13.4 5.0 2.5 2 1 2 0 0
2128.6 -3293.7 -21.9 356 0 10.9 21.0 5.0 2.5 2 0 2 0 0
2110.3 -3447.2 -21.7 20 0 16.6 20.6 10.0 2.5 2 0 4 5 5
2114.7 -3461.7 -22.6 15 0 10.2 29.2 10.0 2.5 2 0 4 1 1
2126.8 -3500.4 -24.9 9 0 14.3 16.3 5.0 2.5 4 1 2 3 3
2100.5 -3512.2 -25.8 88 0 13.2 15.3 2.5 2.5 2 1 1 3 3
2050.6 -3597.1 -31.6 92 0 20.4 14.2 12.5 0.0 0 0 5 1 1
-6432.2 -276.4 23.6 88 0 9.4 8.4 5.0 2.5 2 0 2 5 5
-6642.8 -213.3 -8.1 172 0 10.1 13.2 10.0 2.5 4 1 4 0 0
2144.7 -3553.3 -27.4 357 0 15.1 8.3 5.0 2.5 2 0 2 1 1
2187.3 -3850.1 -32.9 357 0 7.6 13.8 5.0 2.5 2 1 2 3 3
2264.3 -3968.9 -32.8 270 0 11.3 13.6 10.0 2.5 2 1 4 5 5
2233.3 -4044.6 -34.5 359 0 18.5 26.7 12.5 2.5 2 1 5 0 0
1858.0 -3870.9 -39.5 332 0 7.1 8.6 7.5 2.5 2 1 3 4 4
-6601.4 -137.3 -6.7 357 0 7.4 10.4 7.5 2.5 2 1 3 5 5
-6628.5 -85.2 -14.1 286 0 9.0 16.3 5.0 2.5 2 1 2 1 1
-6687.0 -147.1 -17.1 30 0 9.4 14.6 2.5 2.5 2 1 1 3 3
-6657.1 -78.6 -15.1 268 0 11.6 17.1 2.5 2.5 2 1 1 3 3
1819.8 -3904.1 -36.4 83 0 7.5 8.2 5.0 2.5 2 1 2 5 5
1630.1 -3996.2 -19.3 82 0 19.8 17.8 12.5 2.5 2 0 5 2 2
1637.7 -3614.7 -28.1 182 0 16.8 13.0 5.0 2.5 2 0 2 2 2
976.1 -4029.0 -9.8 97 0 13.6 16.0 2.5 2.5 2 1 1 1 1
874.0 -3967.5 -13.8 288 0 11.3 11.6 7.5 2.5 2 1 3 5 5
770.1 -4037.8 -20.0 183 0 17.8 15.3 10.0 2.5 2 0 4 5 5
846.1 -4032.3 -15.3 0 0 14.4 13.4 2.5 2.5 2 0 1 0 0
827.5 -3998.4 -16.8 277 0 14.1 13.5 7.5 2.5 2 0 3 5 5
-6748.3 -141.8 -19.5 255 0 11.7 29.2 10.0 2.5 2 1 4 4 4
-6756.8 -59.7 -19.6 276 0 16.4 12.7 2.5 2.5 2 0 1 4 4
-6628.4 -339.4 -5.2 178 0 17.7 14.0 5.0 2.5 2 0 2 0 0
-6573.7 -332.4 0.2 350 0 17.3 13.3 5.0 2.5 2 0 2 2 2
-6580.4 -255.4 3.7 268 0 12.9 24.0 12.5 2.5 2 1 5 3 3
-6537.9 -279.3 10.0 357 0 14.6 9.5 5.0 2.5 2 0 2 5 5
6010.5 -3611.5 -36.2 241 0 10.5 14.7 2.5 2.5 2 1 1 2 2
6058.6 -3673.4 -37.3 61 0 11.7 18.2 5.0 2.5 2 1 2 1 1
6146.6 -3554.4 -36.2 77 0 14.0 16.7 5.0 2.5 4 1 2 2 2
6209.2 -3520.9 -35.3 272 0 13.7 14.1 7.5 2.5 2 1 3 0 0
5919.5 -3585.2 -41.0 96 0 13.9 15.0 5.0 2.5 2 1 2 5 5
-6635.6 -410.0 -13.0 182 0 11.2 7.2 2.5 2.5 2 0 1 1 1
-6491.7 -483.0 -12.2 186 0 14.3 16.1 7.5 2.5 2 1 3 0 0
-6441.7 -515.1 -11.8 269 0 12.2 13.3 5.0 2.5 2 1 2 1 1
-6418.2 -512.0 -10.5 277 0 15.8 11.6 2.5 2.5 2 0 1 5 5
-6418.6 -504.4 -9.7 270 0 7.9 5.4 7.5 2.5 2 0 3 3 3
-6345.5 -577.8 -5.2 103 0 9.8 11.7 7.5 2.5 2 0 3 2 2
-6331.3 -573.6 -4.7 18 0 5.8 8.3 7.5 2.5 2 0 3 0 0
-6319.6 -574.8 -4.9 351 0 9.3 11.1 5.0 2.5 2 0 2 1 1
726.3 -3889.5 -19.5 90 0 13.0 12.0 5.0 2.5 2 0 2 2 2
769.3 -3936.9 -22.8 13 0 11.4 10.2 7.5 2.5 2 0 3 4 4
860.0 -3925.1 -15.8 117 0 13.6 7.3 5.0 2.5 2 0 2 0 0
880.0 -3921.6 -14.8 112 0 13.7 9.4 5.0 2.5 2 0 2 3 3
1192.8 -4054.9 -15.6 90 0 9.3 8.9 2.5 0.0 0 0 1 1 1
1444.4 -3945.5 -2.5 81 0 10.8 11.3 5.0 2.5 2 1 2 0 0
1655.4 -3872.6 -21.4 68 0 7.1 18.8 5.0 2.5 2 1 2 0 0
1738.4 -3956.4 -29.6 260 0 12.4 10.2 2.5 0.0 0 0 1 4 4
2186.0 -3946.4 -36.9 69 0 13.5 12.3 7.5 2.5 2 0 3 5 5
2156.2 -3955.3 -37.7 180 0 12.5 12.4 7.5 0.0 0 0 3 3 3
2226.2 -3906.5 -35.6 0 0 7.8 12.8 5.0 2.5 2 1 2 5 5
2419.7 -3453.9 -35.7 95 0 13.8 11.2 7.5 2.5 2 0 3 4 4
2273.9 -3766.6 -24.4 118 0 16.7 16.2 10.0 2.5 4 0 4 1 1
2396.7 -3803.4 -29.0 85 0 14.6 14.6 5.0 2.5 2 0 2 2 2
2483.0 -3840.7 -26.3 96 0 11.8 16.6 5.0 2.5 2 1 2 0 0
2598.8 -3883.5 -26.2 90 0 12.8 13.6 7.5 2.5 2 1 3 1 1
2725.2 -3870.6 -15.9 272 0 14.2 14.3 5.0 2.5 2 1 2 1 1
2613.8 -3911.7 -27.8 272 0 14.8 13.6 10.0 2.5 2 0 4 3 3
2658.2 -3919.3 -24.6 290 0 14.8 11.9 2.5 2.5 4 0 1 0 0
2774.5 -3885.0 -12.9 281 0 10.3 11.8 5.0 2.5 2 0 2 5 5
2786.6 -3887.0 -13.0 272 0 7.7 10.8 2.5 2.5 2 0 1 4 4
-6296.0 -573.7 -5.9 176 0 21.4 19.5 12.5 2.5 2 0 5 2 2
-6249.2 -496.7 -1.8 91 0 17.2 17.6 12.5 2.5 2 1 5 5 5
-6218.3 -630.0 -9.4 88 0 16.0 15.1 2.5 0.0 0 0 1 0 0
-6249.4 -634.5 -9.5 189 0 14.2 11.5 5.0 2.5 2 0 2 0 0
-6188.8 -521.7 1.1 36 0 16.7 13.1 5.0 2.5 4 0 2 2 2
-6157.1 -518.6 8.5 116 0 13.7 16.9 7.5 2.5 4 1 3 5 5
-6176.7 -458.3 11.2 286 0 11.1 13.7 2.5 2.5 2 1 1 1 1
-6227.3 -718.9 -7.3 263 0 13.3 17.0 10.0 2.5 2 1 4 5 5
-6113.2 -545.9 7.7 0 0 18.6 19.5 10.0 2.5 2 1 4 4 4
-6159.3 -810.8 -0.2 92 0 11.3 15.8 7.5 2.5 2 1 3 0 0
2411.8 -3273.0 -35.1 247 0 7.6 8.7 7.5 2.5 2 1 3 1 1
2331.7 -3210.4 -31.0 267 0 12.9 8.5 5.0 0.0 0 0 2 3 3
2253.8 -3151.8 -27.2 183 0 10.6 9.7 7.5 2.5 2 0 3 1 1
2323.8 -3264.1 -30.7 79 0 13.6 14.2 10.0 2.5 2 1 4 2 2
2287.8 -3095.4 -28.7 270 0 12.5 11.4 10.0 2.5 2 0 4 4 4
2090.9 -3115.5 -20.6 24 0 13.4 11.0 5.0 2.5 2 0 2 5 5
2029.7 -3161.1 -19.5 90 0 10.5 15.5 5.0 2.5 2 1 2 2 2
1959.5 -2687.7 -28.7 276 0 13.0 11.1 10.0 2.5 2 0 4 3 3
2369.5 -2967.5 -33.2 85 0 15.1 14.8 5.0 2.5 2 0 2 5 5
2328.2 -3689.6 -15.2 89 0 6.4 14.5 7.5 2.5 2 1 3 1 1
-6180.4 -822.9 -0.0 288 0 13.0 14.3 5.0 2.5 2 1 2 0 0
-6158.4 -829.7 1.6 292 0 14.3 18.0 7.5 2.5 2 1 3 5 5
-6146.4 -843.2 3.4 294 0 13.3 13.8 5.0 2.5 2 1 2 3 3
-6118.7 -846.7 6.1 289 0 12.6 8.7 5.0 2.5 2 0 2 2 2
-6102.8 -783.9 4.0 259 0 13.3 12.0 5.0 2.5 2 0 2 5 5
-6064.7 -821.1 8.9 88 0 11.4 9.7 7.5 2.5 2 0 3 1 1
2142.8 -2992.9 -23.5 190 0 10.1 9.7 7.5 2.5 2 0 3 2 2
2092.1 -3150.2 -20.8 280 0 15.3 12.4 7.5 2.5 2 0 3 0 0
2072.2 -3047.7 -23.8 277 0 13.0 12.2 7.5 2.5 2 0 3 3 3
2147.6 -3308.3 -22.9 173 0 10.2 10.3 5.0 2.5 2 1 2 5 5
-6057.9 -879.2 14.5 87 0 11.9 16.0 5.0 2.5 2 1 2 3 3
-6036.9 -888.5 18.9 114 0 18.7 11.0 2.5 2.5 2 0 1 4 4
-6024.4 -847.5 17.2 273 0 9.5 7.5 5.0 2.5 2 0 2 2 2
-6033.8 -836.7 14.6 257 0 13.9 8.4 7.5 0.0 0 0 3 4 4
-6009.6 -823.2 14.5 71 0 13.3 11.4 5.0 2.5 2 0 2 5 5
-6029.0 -817.7 11.6 87 0 10.9 12.0 2.5 2.5 2 1 1 3 3
-5943.3 -926.0 23.6 179 0 13.8 14.4 10.0 2.5 2 1 4 1 1
-5916.5 -877.1 19.4 268 0 13.0 14.8 2.5 0.0 0 1 1 4 4
-5923.5 -920.3 20.2 174 0 20.0 15.7 12.5 2.5 2 0 5 1 1
-5870.3 -880.4 14.9 340 0 11.9 14.0 5.0 2.5 2 1 2 4 4
-5782.7 -928.1 15.1 86 0 11.1 15.3 5.0 2.5 2 1 2 2 2
-5792.8 -876.8 16.5 268 0 13.9 16.2 7.5 2.5 2 1 3 2 2
-5700.2 -884.0 14.6 231 0 14.6 19.5 10.0 2.5 2 1 4 5 5
-5692.7 -930.4 14.4 175 0 12.3 15.2 2.5 2.5 2 1 1 3 3
-5644.5 -990.9 5.8 89 0 19.6 21.7 10.0 2.5 2 1 4 2 2
-5719.7 -997.0 7.0 266 0 10.3 10.2 5.0 2.5 4 0 2 4 4
-5598.7 -851.2 3.2 305 0 13.5 13.4 7.5 2.5 2 0 3 4 4
-5623.7 -834.3 3.8 264 0 13.5 12.1 2.5 2.5 2 0 1 1 1
-5528.5 -845.2 -1.4 231 0 18.5 16.6 12.5 2.5 2 0 5 0 0
-5545.2 -934.9 4.1 81 0 6.0 5.8 7.5 2.5 2 0 3 4 4
-5547.2 -928.8 3.6 92 0 8.6 7.6 2.5 2.5 2 0 1 1 1
-5636.6 -1030.4 0.4 355 0 12.5 11.3 2.5 0.0 0 0 1 3 3
-5468.9 -952.0 -2.5 101 0 13.3 11.4 7.5 2.5 2 0 3 2 2
-5407.9 -1057.5 -3.4 88 0 13.9 10.2 5.0 2.5 2 0 2 2 2
-5371.9 -890.5 0.7 269 0 14.6 15.0 7.5 2.5 2 1 3 4 4
-5403.1 -777.3 12.9 193 0 15.0 18.8 15.0 0.0 0 1 6 2 2
-5298.0 -699.6 24.8 273 0 20.1 15.2 10.0 2.5 2 0 4 3 3
-5352.4 -763.8 17.2 76 0 15.1 18.8 12.5 2.5 2 1 5 0 0
-5340.4 -641.7 31.3 180 0 10.7 15.7 2.5 2.5 2 1 1 5 5
-5243.4 -481.8 38.0 286 0 12.9 13.8 5.0 0.0 0 1 2 4 4
-5264.1 -532.4 37.0 173 0 11.1 13.5 7.5 2.5 2 0 3 3 3
-5261.0 -622.9 33.6 83 0 15.1 14.5 5.0 2.5 2 0 2 5 5
-5268.8 -718.7 24.8 25 0 14.1 13.6 5.0 2.5 2 0 2 1 1
-5168.8 -516.8 31.9 267 0 14.2 16.7 7.5 2.5 2 1 3 0 0
-5131.3 -583.6 27.1 272 0 11.5 15.6 5.0 2.5 2 1 2 4 4
-5098.4 -644.3 23.1 86 0 16.2 12.6 10.0 2.5 2 0 4 2 2
-5166.1 -396.2 36.8 6 0 15.3 10.0 2.5 2.5 2 0 1 4 4
-5210.0 -419.9 38.5 70 0 10.8 10.5 10.0 2.5 2 0 4 1 1
-5232.7 -313.3 43.4 89 0 14.4 14.7 5.0 2.5 2 1 2 2 2
-5210.2 -365.0 39.9 185 0 13.5 10.6 7.5 2.5 2 0 3 5 5
-5155.1 -353.2 37.7 0 0 12.8 18.4 7.5 2.5 2 1 3 0 0
-5133.2 -228.2 40.8 4 0 14.3 23.7 10.0 2.5 2 1 4 5 5
-5210.0 -222.6 45.4 351 0 14.8 15.2 5.0 2.5 2 1 2 4 4
-5217.3 -184.1 45.1 3 0 13.0 13.8 2.5 2.5 2 1 1 3 3
-5229.1 -160.0 44.9 276 0 11.5 12.8 10.0 2.5 2 1 4 1 1
-5256.1 -213.0 44.2 182 0 11.6 13.3 10.0 2.5 2 1 4 4 4
-5254.4 -257.9 44.6 191 0 15.7 13.6 5.0 0.0 0 0 2 5 5
-5296.7 -320.4 42.9 96 0 11.6 13.4 10.0 2.5 2 1 4 3 3
-5260.3 -185.0 43.9 177 0 12.3 15.2 2.5 2.5 2 1 1 4 4
-5172.6 -300.2 40.5 359 0 16.4 13.0 2.5 2.5 2 0 1 1 1
-5178.2 -992.7 -5.8 111 0 15.1 18.0 10.0 2.5 4 1 4 4 4
-5090.5 -952.3 2.6 78 0 9.3 13.4 5.0 2.5 2 1 2 2 2
-5110.9 -899.5 9.9 180 0 11.5 10.8 5.0 2.5 2 0 2 2 2
-5145.9 -1001.2 -6.9 107 0 13.2 12.1 7.5 2.5 2 0 3 3 3
-5041.4 -1054.0 -21.1 107 0 20.8 15.0 10.0 2.5 2 0 4 5 5
-4897.2 -1008.8 -27.3 264 0 14.0 19.8 12.5 2.5 2 1 5 2 2
-4932.6 -1112.6 -32.7 88 0 9.1 10.7 7.5 2.5 2 1 3 0 0
-4927.1 -1058.3 -26.8 181 0 12.4 10.2 2.5 2.5 2 0 1 0 0
-4949.7 -1005.0 -18.1 276 0 14.6 9.5 2.5 2.5 2 0 1 4 4
-4786.6 -916.2 -30.9 1 0 15.0 18.3 10.0 2.5 2 1 4 5 5
-4775.4 -826.6 -23.3 5 0 13.3 21.4 10.0 0.0 0 1 4 0 0
6251.7 -3578.3 -34.1 6 0 16.1 14.7 7.5 2.5 2 0 3 0 0
6231.8 -3516.9 -35.7 269 0 15.3 18.9 10.0 2.5 4 1 4 1 1
6429.2 -3791.4 -35.6 88 0 9.9 15.3 7.5 2.5 2 1 3 1 1
6455.3 -3642.4 -38.7 180 0 8.5 13.0 5.0 2.5 4 1 2 0 0
6558.0 -3762.6 -34.9 278 0 16.4 14.6 5.0 2.5 2 0 2 1 1
6466.0 -3783.4 -37.8 276 0 11.3 14.7 2.5 2.5 2 1 1 0 0
6490.8 -3797.2 -37.9 272 0 10.1 8.4 5.0 2.5 2 0 2 3 3
6671.7 -3844.7 -37.1 0 0 12.3 18.6 7.5 2.5 2 1 3 1 1
6691.1 -3745.4 -35.9 359 0 16.8 16.6 12.5 2.5 2 0 5 0 0
6649.1 -3732.6 -36.7 190 0 20.5 15.1 10.0 2.5 2 0 4 0 0
6667.9 -3663.7 -41.6 6 0 18.1 10.8 5.0 2.5 2 0 2 4 4
6688.6 -3571.7 -47.3 285 0 25.4 21.9 12.5 2.5 2 0 5 5 5
6298.4 -3494.4 -39.0 279 0 20.4 16.8 10.0 2.5 2 0 4 3 3
6394.1 -3524.8 -41.2 91 0 18.0 13.0 7.5 2.5 2 0 3 5 5
6165.6 -3305.5 -39.2 292 0 9.1 8.1 7.5 2.5 2 0 3 3 3
5944.7 -3457.2 -44.8 52 0 12.3 21.5 12.5 2.5 2 1 5 4 4
5864.6 -3336.4 -39.0 355 0 12.7 14.6 7.5 0.0 0 1 3 4 4
5830.7 -3243.1 -34.5 85 0 14.0 18.7 7.5 2.5 2 1 3 5 5
5868.4 -3252.8 -34.9 90 0 16.0 12.9 2.5 2.5 4 0 1 4 4
5830.0 -3385.5 -41.2 178 0 13.8 14.8 10.0 2.5 2 1 4 2 2
5664.6 -3213.1 -37.1 88 0 15.4 20.2 12.5 2.5 2 1 5 0 0
5699.3 -3220.7 -35.4 81 0 12.3 24.4 12.5 2.5 2 1 5 2 2
5397.7 -3278.9 -47.6 191 0 18.5 30.4 10.0 2.5 2 1 4 1 1
5456.9 -3245.1 -46.5 280 0 22.0 17.2 10.0 2.5 2 0 4 4 4
5500.3 -3317.3 -43.2 9 0 11.6 23.1 7.5 2.5 4 1 3 5 5
5544.9 -3423.0 -46.2 79 0 15.0 21.7 10.0 2.5 2 1 4 0 0
5751.4 -3230.6 -35.2 82 0 29.9 35.1 12.5 0.0 0 1 5 0 0
5214.7 -3688.3 -44.8 88 0 20.7 15.8 10.0 2.5 2 0 4 1 1
5274.0 -3576.2 -47.6 172 0 33.9 38.1 7.5 0.0 0 1 3 5 5
5330.3 -3507.4 -48.1 274 0 18.9 12.8 7.5 2.5 2 0 3 3 3
5375.1 -3560.1 -47.8 95 0 27.8 21.1 10.0 2.5 2 0 4 0 0
5415.3 -3598.5 -47.5 99 0 28.6 21.5 10.0 0.0 0 0 4 3 3
5486.9 -3789.5 -42.2 0 0 16.7 14.6 7.5 2.5 2 0 3 5 5
5041.8 -3331.1 -35.0 13 0 17.3 19.9 10.0 2.5 4 1 4 0 0
5081.7 -3400.0 -39.2 93 0 23.1 18.7 10.0 2.5 2 0 4 2 2
5107.8 -3351.9 -40.7 270 0 26.5 23.2 10.0 2.5 2 0 4 4 4
5409.8 -3924.4 -38.2 270 0 23.0 20.5 7.5 2.5 2 0 3 5 5
5581.0 -3855.8 -41.1 183 0 18.7 19.9 12.5 2.5 2 1 5 3 3
5515.1 -3776.9 -42.4 172 0 20.1 16.7 12.5 2.5 2 0 5 2 2
5667.8 -3833.6 -45.6 272 0 28.5 38.3 7.5 0.0 0 1 3 5 5
5625.0 -3923.0 -43.1 175 0 18.7 14.4 10.0 2.5 2 0 4 0 0
5726.5 -3911.5 -48.7 72 0 27.9 44.6 10.0 0.0 0 1 4 4 4
5691.5 -3982.2 -45.9 0 0 22.0 15.7 10.0 2.5 2 0 4 2 2
5612.8 -4001.9 -41.4 1 0 24.6 26.2 12.5 0.0 0 1 5 4 4
5613.3 -4073.1 -41.8 360 0 21.9 19.1 12.5 2.5 2 0 5 0 0
5586.7 -3646.4 -46.9 65 0 16.9 28.7 12.5 2.5 4 1 5 5 5
5634.1 -3578.3 -47.7 289 0 23.1 22.6 7.5 2.5 4 0 3 0 0
5370.7 -3907.1 -39.2 276 0 26.1 22.2 10.0 2.5 4 0 4 2 2
5267.2 -3955.6 -38.0 85 0 21.4 27.4 12.5 2.5 2 1 5 0 0
5205.7 -4036.4 -31.3 90 0 22.9 32.7 12.5 0.0 0 1 5 1 1
5146.2 -3888.0 -36.2 86 0 44.9 49.3 10.0 0.0 0 1 4 4 4
5033.3 -3844.7 -34.1 271 0 34.1 44.3 10.0 0.0 0 1 4 0 0
4960.5 -3959.9 -24.2 267 0 61.4 48.2 12.5 0.0 0 0 5 0 0
5954.7 -4138.8 -38.9 169 0 15.9 17.7 10.0 0.0 0 1 4 5 5
6004.2 -4138.6 -36.6 7 0 18.3 23.0 10.0 2.5 2 1 4 1 1
6026.4 -4098.7 -35.2 270 0 23.0 23.2 12.5 2.5 2 1 5 4 4
5993.0 -4276.1 -38.5 272 0 21.9 21.1 10.0 2.5 4 0 4 3 3
6255.8 -4541.9 -40.6 0 0 15.2 21.6 10.0 2.5 2 1 4 1 1
6226.0 -4493.8 -38.5 177 0 29.2 27.6 10.0 0.0 0 0 4 1 1
6354.9 -4573.6 -40.7 71 0 23.4 40.9 12.5 0.0 0 1 5 4 4
6427.4 -4541.5 -41.6 87 0 21.7 37.8 15.0 0.0 0 1 6 5 5
6459.8 -4541.6 -41.6 58 0 24.7 44.9 10.0 2.5 2 1 4 1 1
6509.2 -4521.3 -41.3 87 0 14.7 24.3 7.5 2.5 4 1 3 4 4
6539.7 -4514.5 -41.6 84 0 22.6 26.2 7.5 0.0 0 1 3 5 5
6581.6 -4405.2 -45.3 286 0 18.1 19.3 10.0 2.5 2 1 4 1 1
6308.9 -4259.1 -41.4 170 0 30.2 26.8 12.5 0.0 0 0 5 4 4
6292.0 -4445.7 -37.8 356 0 19.4 17.6 5.0 0.0 0 0 2 5 5
6861.8 -4403.0 -38.7 76 0 13.0 27.9 10.0 0.0 0 1 4 4 4
6887.0 -4194.1 -36.3 0 0 22.3 29.7 10.0 0.0 0 1 4 3 3
6909.5 -5099.9 -41.9 5 0 17.6 20.5 15.0 0.0 0 1 6 5 5
6819.5 -4979.1 -41.0 267 0 22.3 16.2 7.5 2.5 2 0 3 0 0
6308.6 -4731.0 -42.5 170 0 22.7 30.0 10.0 0.0 0 1 4 5 5
6229.0 -4613.7 -43.3 256 0 51.7 26.5 7.5 2.5 2 0 3 4 4
6142.6 -4728.4 -45.8 269 0 19.5 26.6 7.5 2.5 2 1 3 2 2
6184.2 -4734.0 -45.1 272 0 27.9 31.9 10.0 0.0 0 1 4 5 5
6232.2 -4719.2 -43.3 359 0 35.3 22.2 10.0 0.0 0 0 4 3 3
6348.6 -4607.0 -41.5 265 0 29.4 23.2 10.0 0.0 0 0 4 5 5
6060.9 -4760.6 -50.0 2 0 17.5 26.1 15.0 0.0 0 1 6 5 5
5759.3 -4755.3 -43.0 354 0 15.8 12.6 7.5 2.5 2 0 3 3 3
5855.4 -4874.7 -46.1 351 0 21.0 14.7 7.5 2.5 2 0 3 0 0
5720.2 -4816.9 -41.7 157 0 14.3 21.1 7.5 2.5 2 1 3 1 1
5639.4 -4741.5 -42.5 83 0 17.2 29.7 10.0 2.5 2 1 4 1 1
5492.3 -4714.1 -43.1 276 0 23.6 23.8 12.5 2.5 2 1 5 4 4
-5219.9 -1245.2 -0.9 80 0 14.2 18.9 12.5 2.5 2 1 5 3 3
5640.9 -4263.5 -47.7 9 0 5.4 32.0 5.0 2.5 2 1 2 4 4
5639.9 -4240.7 -46.6 6 0 13.0 21.5 10.0 2.5 2 1 4 2 2
2750.4 -5936.8 -28.3 270 0 8.2 17.5 2.5 2.5 2 1 1 5 5
2801.1 -5987.3 -30.4 273 0 7.6 6.1 7.5 2.5 2 0 3 1 1
2830.0 -5990.8 -32.0 272 0 6.0 9.7 7.5 0.0 0 1 3 4 4
2849.9 -6010.3 -33.8 283 0 19.2 9.6 5.0 2.5 2 0 2 4 4
2753.5 -6058.7 -36.9 188 0 13.8 38.6 15.0 0.0 0 1 6 3 3
2832.6 -6116.4 -39.1 358 0 9.5 8.3 7.5 2.5 2 0 3 2 2
2900.8 -6052.8 -34.0 98 0 14.2 19.4 7.5 2.5 2 1 3 2 2
2854.4 -6064.7 -36.3 89 0 6.4 11.7 7.5 2.5 2 1 3 4 4
2892.5 -6009.4 -32.0 188 0 6.2 4.9 2.5 0.0 0 0 1 2 2
2910.1 -5957.9 -30.7 282 0 23.9 32.6 12.5 0.0 0 1 5 2 2
2923.2 -5941.2 -28.4 13 0 31.6 21.7 10.0 0.0 0 0 4 3 3
2896.3 -5906.0 -27.9 279 0 14.0 22.3 10.0 2.5 2 1 4 5 5
2966.4 -6056.8 -30.1 345 0 9.1 9.0 7.5 2.5 2 0 3 3 3
3064.4 -6090.5 -30.6 258 0 17.5 12.4 7.5 2.5 2 0 3 5 5
2989.7 -6162.6 -36.7 9 0 4.2 16.0 5.0 0.0 0 1 2 2 2
3034.5 -6223.5 -36.9 21 0 8.9 14.0 7.5 2.5 2 1 3 4 4
3065.6 -6154.6 -34.5 29 0 21.4 15.2 10.0 0.0 0 0 4 1 1
3021.9 -6238.5 -37.4 28 0 14.8 12.1 7.5 2.5 2 0 3 4 4
3091.0 -6159.7 -35.8 202 0 11.2 11.0 7.5 2.5 2 0 3 4 4
3130.0 -6230.6 -40.3 82 0 34.0 34.4 15.0 0.0 0 1 6 1 1
3092.3 -6142.1 -35.6 202 0 11.7 27.4 10.0 2.5 2 1 4 3 3
3103.4 -6127.4 -34.9 201 0 18.4 15.0 5.0 2.5 2 0 2 4 4
2976.7 -6222.2 -38.9 111 0 8.8 11.3 2.5 2.5 4 1 1 5 5
3060.9 -2811.2 -21.4 355 0 8.5 5.2 7.0 2.5 2 0 2 2 2
2878.3 -2856.5 -28.9 85 0 8.7 10.2 5.0 2.5 2 1 2 2 2
-2900.7 -3532.0 -36.9 330 0 9.2 15.3 5.0 2.5 2 1 2 3 3
-2954.2 -3538.0 -37.9 184 0 17.2 12.1 5.0 0.0 0 0 2 3 3
-2926.4 -3504.1 -37.6 2 0 14.1 14.5 5.0 2.5 2 1 2 3 3
-2979.3 -3487.6 -38.1 91 0 12.3 13.7 7.5 2.5 2 1 3 0 0
-3010.8 -3433.2 -37.7 270 0 13.6 14.4 5.0 2.5 2 1 2 5 5
-3125.4 -3242.8 -32.3 196 0 15.4 13.7 10.0 2.5 2 0 4 0 0
-3088.3 -3237.5 -32.4 267 0 11.9 15.1 7.5 2.5 2 1 3 2 2
-3068.6 -3353.1 -35.1 111 0 13.0 8.3 2.5 2.5 2 0 1 4 4
-3023.0 -3351.6 -35.2 90 0 9.8 15.8 2.5 2.5 2 1 1 0 0
-2973.7 -3338.7 -35.3 0 0 11.2 11.8 5.0 2.5 2 1 2 4 4
-3306.3 -3256.9 -34.8 270 0 10.6 36.1 15.0 0.0 0 1 6 1 1
-3294.3 -3335.0 -34.0 266 0 15.0 13.9 5.0 2.5 2 0 2 2 2
-3195.1 -3275.4 -33.2 90 0 16.4 14.7 5.0 2.5 2 0 2 0 0
-3196.7 -3206.1 -32.8 108 0 6.0 12.6 5.0 2.5 4 1 2 2 2
3378.9 -5652.1 -23.2 351 0 38.6 21.9 10.0 0.0 0 0 4 1 1
5187.8 -6044.5 -49.4 180 0 68.6 74.5 12.5 0.0 0 1 5 1 1
-4494.6 -3660.7 -50.2 110 0 16.7 21.9 2.5 2.5 2 1 1 2 2
1365.0 -3114.8 -29.0 80 0 15.9 22.0 5.0 0.0 0 1 2 0 0
3328.7 -5633.9 -17.5 358 0 12.0 6.9 2.5 2.5 2 0 1 5 5
1876.4 887.8 16.1 84 0 11.3 50.6 10.0 2.5 2 1 4 2 2
1849.2 805.9 20.8 77 0 14.2 14.3 7.5 2.5 2 1 3 4 4
1822.2 831.1 21.7 173 0 10.9 14.8 5.0 0.0 0 1 2 4 4
1870.5 964.9 15.4 268 0 10.6 20.0 2.5 2.5 2 1 1 4 4
1913.8 1082.7 6.2 68 0 12.4 15.1 7.5 2.5 4 1 3 4 4
1806.6 861.8 22.1 92 0 14.7 14.6 7.5 2.5 2 0 3 4 4
-2282.2 -961.5 -10.6 88 0 14.9 19.1 10.0 2.5 2 1 4 1 1
-2211.2 -882.8 -9.7 269 0 13.2 12.8 7.5 2.5 2 0 3 0 0
-2226.8 -931.6 -12.4 89 0 19.4 14.1 15.0 0.0 0 0 6 0 0
-2196.7 -944.7 -16.7 110 0 14.3 23.1 10.0 2.5 2 1 4 3 3
-2134.2 560.6 -38.4 169 0 6.7 18.8 5.0 2.5 2 1 2 2 2
-2181.9 572.0 -36.7 171 0 17.7 16.8 7.5 2.5 2 0 3 1 1
-4569.2 3282.1 -3.4 259 0 12.2 10.7 7.5 2.5 4 0 3 1 1
-4553.4 3467.3 -20.7 274 0 14.6 12.5 7.5 2.5 2 0 3 2 2
-4631.6 3530.4 -24.4 84 0 13.1 17.2 7.5 2.5 2 1 3 2 2
-4519.2 3454.8 -19.9 355 0 8.9 7.3 2.5 2.5 2 0 1 4 4
-4493.8 3391.2 -16.2 83 0 10.2 8.5 5.0 2.5 2 0 2 1 1
-4472.1 3381.5 -15.6 90 0 10.6 12.0 5.0 2.5 2 1 2 1 1
-4456.6 3404.2 -16.9 0 0 8.0 10.9 5.0 2.5 2 1 2 2 2
-4476.0 3425.8 -17.9 270 0 7.4 6.6 7.5 2.5 4 0 3 2 2
-4538.6 3343.9 -10.9 86 0 9.3 8.7 7.5 2.5 4 0 3 0 0
-4426.9 3301.3 -5.9 263 0 8.8 5.3 2.5 2.5 2 0 1 4 4
-4387.2 3284.7 -5.1 90 0 9.9 7.7 5.0 2.5 2 0 2 3 3
-4355.6 3308.0 -6.9 260 0 8.5 6.4 2.5 2.5 2 0 1 4 4
-4381.7 3199.5 4.5 178 0 5.6 10.6 7.5 2.5 2 1 3 1 1
-4327.4 3362.1 -12.5 270 0 6.5 11.7 5.0 2.5 2 1 2 5 5
-4285.8 3305.0 -5.0 350 0 14.2 11.3 7.5 2.5 2 0 3 0 0
-4117.2 3432.4 -8.6 260 0 10.6 10.4 5.0 2.5 2 0 2 5 5
-4043.7 3414.5 -10.5 352 0 12.6 14.8 2.5 0.0 0 1 1 2 2
-4128.7 3380.0 -8.2 175 0 8.2 7.1 5.0 2.5 2 0 2 3 3
-4120.3 3451.9 -9.8 267 0 9.9 8.0 7.5 2.5 2 0 3 1 1
-4108.6 3357.9 -7.5 92 0 10.2 8.8 5.0 0.0 0 0 2 3 3
-3984.4 3391.5 -9.7 80 0 9.2 9.3 7.5 2.5 2 1 3 5 5
-3945.6 3385.3 -8.7 88 0 14.4 11.2 2.5 2.5 2 0 1 5 5
-3949.0 3421.8 -11.9 273 0 11.9 8.9 5.0 2.5 2 0 2 4 4
-3936.2 3431.3 -13.0 256 0 10.1 14.8 10.0 0.0 0 1 4 0 0
-3900.3 3424.6 -12.5 357 0 11.2 18.1 7.5 2.5 2 1 3 4 4
-3893.4 3339.7 0.3 353 0 14.4 22.5 12.5 2.5 4 1 5 5 5
-3870.3 3380.3 -6.7 173 0 7.1 10.0 5.0 2.5 2 1 2 2 2
-3864.6 3308.2 -2.1 268 0 14.0 14.7 2.5 2.5 2 1 1 0 0
-3873.5 3265.3 -2.0 162 0 10.4 12.4 5.0 2.5 2 1 2 5 5
-3741.9 3167.7 -15.1 92 0 15.0 13.8 5.0 2.5 2 0 2 4 4
-3851.7 3244.4 -3.5 169 0 9.1 13.1 7.5 2.5 2 1 3 3 3
-3950.7 3149.3 27.5 341 0 25.9 6.5 5.0 2.5 2 0 2 0 0
-3726.6 3321.5 -10.0 96 0 8.7 9.4 7.5 2.5 4 1 3 0 0
-3711.1 3317.3 -10.3 92 0 7.0 11.3 5.0 2.5 2 1 2 2 2
-3570.3 3342.5 -2.7 89 0 6.4 10.7 5.0 2.5 2 1 2 2 2
-3273.4 3237.0 -25.6 4 0 9.5 8.5 2.5 2.5 2 0 1 3 3
-3293.1 3233.6 -25.7 357 0 8.2 10.7 7.5 2.5 2 1 3 3 3
-3280.7 3214.1 -28.2 358 0 9.5 9.8 7.5 2.5 2 1 3 0 0
-3302.7 3190.9 -30.0 94 0 14.4 9.6 2.5 2.5 2 0 1 1 1
2661.5 -6243.8 -40.6 198 0 12.2 15.8 10.0 0.0 0 1 4 5 5
2687.1 -6231.4 -41.1 262 0 7.2 4.7 5.0 2.5 2 0 2 5 5
2728.0 -6176.6 -44.2 268 0 8.2 11.9 7.5 2.5 4 1 3 4 4
2701.3 -6385.7 -33.5 352 0 13.1 23.2 12.5 2.5 2 1 5 0 0
2670.8 -6342.7 -35.4 353 0 11.2 5.0 2.5 2.5 2 0 1 5 5
2474.8 -6392.2 -35.8 180 0 6.0 10.9 5.0 2.5 2 1 2 5 5
2495.2 -6430.4 -34.0 77 0 12.4 14.2 7.5 0.0 0 1 3 3 3
2494.8 -6213.4 -44.7 336 0 9.7 13.3 2.5 2.5 2 1 1 0 0
2582.7 -5982.1 -34.5 105 0 13.5 34.8 12.5 2.5 2 1 5 2 2
-3031.5 -3164.0 -31.6 175 0 11.1 11.2 2.5 2.5 2 1 1 4 4
-3131.2 -2997.4 -23.3 79 0 12.2 12.7 2.5 2.5 2 1 1 0 0
-3130.2 -3116.1 -29.3 185 0 13.6 10.0 7.5 2.5 2 0 3 2 2
-3064.0 -3186.9 -32.2 2 0 7.9 11.2 7.5 2.5 2 1 3 4 4
-3391.2 -2998.7 -28.1 260 0 9.1 16.6 7.5 2.5 2 1 3 4 4
-3431.9 -3030.1 -30.3 185 0 19.5 15.9 10.0 2.5 2 0 4 1 1
-3428.6 -3151.1 -34.7 246 0 4.4 11.9 2.5 2.5 2 1 1 2 2
-3502.6 -2895.2 -28.4 4 0 16.8 18.7 10.0 2.5 2 1 4 4 4
-3043.9 -3037.0 -25.9 355 0 8.6 13.4 5.0 2.5 2 1 2 5 5
-3104.4 -3040.3 -26.3 291 0 15.0 15.3 7.5 2.5 2 1 3 1 1
-2986.7 -2922.1 -32.4 16 0 12.7 17.4 2.5 2.5 2 1 1 1 1
-2888.4 -2962.9 -35.6 357 0 7.7 9.5 7.5 2.5 2 1 3 0 0
-2933.9 -3150.8 -30.7 77 0 12.3 14.2 7.5 2.5 2 1 3 5 5
