-6693.6 -5073.2 -26.0 265 0 34.2 41.4 10.0 0.0 0 1 4 4 4
-6440.6 -4100.5 -27.0 271 0 30.0 29.7 12.5 0.0 0 0 5 3 3
-5266.5 1922.8 -20.7 0 0 53.1 39.0 12.5 0.0 0 0 5 4 4
-4174.7 4930.7 17.1 23 0 26.1 17.7 14.0 3.5 2 0 4 3 3
-5008.5 3550.1 -19.1 92 0 15.1 19.2 7.5 2.5 2 1 3 0 0
-4534.6 1993.2 -18.1 271 0 14.0 29.4 7.5 2.5 2 1 3 0 0
-4401.0 1156.3 -11.3 14 0 37.7 33.0 7.5 0.0 0 0 3 3 3
-4474.6 3449.9 -16.3 81 0 9.9 25.9 10.5 3.5 2 1 3 4 4
-4228.0 3909.0 -13.3 352 0 6.8 38.4 10.5 3.5 2 1 3 2 2
-4357.7 3708.4 -15.8 187 0 20.0 14.0 14.0 3.5 2 0 4 5 5
-3879.7 4311.9 -9.1 242 0 19.1 21.2 17.5 0.0 0 0 5 1 1
-4256.6 4074.5 -9.3 183 0 11.6 20.6 17.5 0.0 0 0 5 0 0
-4238.3 3871.1 -14.4 12 0 12.1 25.2 14.0 0.0 0 0 4 0 0
-4123.1 4012.6 -9.7 81 0 9.8 21.5 10.5 3.5 2 1 3 3 3
-4203.6 4017.5 -9.7 268 0 8.3 6.0 10.5 3.5 2 0 3 2 2
-4217.1 3980.2 -10.8 4 0 6.2 7.5 10.5 3.5 2 0 3 4 4
-4284.0 3734.0 -16.3 188 0 9.3 23.0 10.5 3.5 2 1 3 2 2
-4011.2 4210.6 -5.9 192 0 16.7 9.4 10.5 3.5 2 0 3 5 5
-4236.3 4067.8 -9.0 183 0 9.3 31.6 10.5 3.5 2 0 3 3 3
-4065.2 4122.1 -8.6 184 0 9.4 21.5 10.5 3.5 2 1 3 2 2
-3896.6 4302.0 -8.4 252 0 24.1 9.0 10.5 3.5 2 0 3 5 5
-4136.1 4007.4 -9.8 88 0 9.2 24.7 10.5 3.5 2 1 3 1 1
-4223.0 4021.7 -9.5 90 0 13.4 18.0 17.5 3.5 2 1 5 4 4
-4333.0 3722.6 -15.8 274 0 10.4 23.3 14.0 3.5 4 1 4 4 4
-4172.5 4133.5 -7.2 277 0 9.7 23.1 10.5 3.5 2 1 3 2 2
-4283.8 3717.3 -16.1 186 0 12.2 9.8 10.5 3.5 2 0 3 0 0
-4238.3 3858.8 -14.7 12 0 9.8 10.3 10.5 3.5 2 0 3 1 1
-4279.1 3984.0 -11.3 190 0 8.4 11.8 10.5 3.5 2 0 3 5 5
-4127.3 3952.9 -11.7 86 0 12.7 9.6 10.5 3.5 2 0 3 4 4
-4155.4 4125.0 -6.4 280 0 9.7 17.5 10.5 3.5 2 0 3 4 4
-4212.6 4125.8 -8.2 277 0 9.4 15.0 10.5 3.5 2 0 3 0 0
-4267.1 4021.8 -10.8 282 0 11.6 21.1 14.0 3.5 2 0 4 2 2
-4288.0 3710.5 -15.8 4 0 5.2 19.0 10.5 3.5 2 1 3 0 0
-4230.2 4129.8 -9.1 275 0 25.9 6.8 10.5 3.5 2 0 3 3 3
-4281.4 3787.8 -15.6 179 0 22.2 17.1 14.0 3.5 2 0 4 5 5
-4333.0 3741.2 -15.1 283 0 12.4 14.3 14.0 3.5 2 1 4 0 0
-4273.5 4046.3 -9.9 183 0 8.7 16.4 10.5 3.5 2 0 3 1 1
-4279.4 3806.1 -15.1 179 1 10.8 11.4 14.0 3.5 2 0 4 5 5
-4221.6 4015.6 -10.2 274 0 14.4 19.9 14.0 3.5 2 0 4 4 4
-4227.2 4139.0 -9.1 274 0 20.6 9.4 10.5 3.5 2 0 3 2 2
-4191.6 4138.4 -7.8 276 0 15.5 26.1 17.5 3.5 2 0 5 3 3
-4173.7 3997.7 -10.5 279 0 13.5 10.6 14.0 3.5 2 0 4 1 1
-4157.6 3991.4 -11.1 267 0 14.4 20.0 14.0 3.5 2 1 4 4 4
-4111.5 4005.8 -10.5 265 0 28.8 15.8 14.0 3.5 2 0 4 4 4
-4159.5 4002.7 -10.0 96 0 10.7 18.1 17.5 3.5 2 0 5 2 2
-4258.0 4117.9 -9.3 183 0 10.2 39.6 17.5 3.5 2 0 5 5 5
-4240.1 3836.4 -15.1 12 0 15.5 27.7 14.0 3.5 2 0 4 2 2
-4109.6 3988.6 -11.0 175 0 13.9 18.4 14.0 3.5 2 0 4 5 5
-4282.1 3702.2 -16.4 234 0 12.7 13.2 14.0 3.5 2 1 4 2 2
-4187.0 5009.6 18.9 264 0 7.1 5.1 10.5 3.5 2 0 3 5 5
-4181.0 5829.8 7.9 310 0 8.5 16.5 7.5 2.5 4 1 3 3 3
-4107.2 5597.3 9.9 337 0 15.7 36.5 10.5 3.5 2 1 3 2 2
-4196.8 5095.3 19.3 3 0 24.0 27.5 14.0 0.0 0 1 4 1 1
-4192.2 5113.3 19.1 7 0 7.8 20.1 10.5 3.5 2 1 3 5 5
-4057.2 4285.4 -1.6 8 0 18.9 19.8 17.5 3.5 2 1 5 2 2
-4234.7 4154.8 -8.9 94 0 10.2 17.1 17.5 3.5 2 0 5 2 2
-4026.6 5454.1 7.4 274 0 13.9 18.3 14.0 3.5 2 0 4 1 1
-4219.1 5715.5 13.2 341 0 16.8 15.4 10.5 3.5 2 0 3 3 3
-4226.5 5907.0 7.2 359 0 14.7 23.1 12.5 0.0 0 1 5 4 4
-4165.1 4460.2 1.3 199 0 9.6 35.3 10.5 3.5 2 0 3 2 2
-4043.7 5536.2 6.3 179 0 9.0 25.9 10.5 0.0 0 0 3 0 0
-4133.1 5623.1 10.9 317 0 13.7 30.8 10.5 3.5 2 0 3 5 5
-4050.8 4965.2 7.9 294 0 11.4 16.8 10.5 0.0 0 0 3 1 1
-3929.2 5341.2 3.6 93 0 9.2 19.5 10.5 0.0 0 0 3 5 5
-4201.3 4154.6 -7.8 94 0 7.8 40.0 10.5 0.0 0 0 3 0 0
-4021.1 4992.1 6.2 85 0 26.9 21.4 14.0 3.5 2 0 4 4 4
-4135.8 5203.1 13.6 151 0 18.9 28.4 14.0 0.0 0 0 4 3 3
-4006.4 5114.1 4.7 176 0 8.4 33.4 10.5 3.5 2 1 3 0 0
-4006.0 5579.8 4.9 274 1 11.5 16.1 14.0 3.5 4 1 4 0 0
-4016.0 4953.1 5.9 265 0 16.1 11.8 10.5 3.5 2 0 3 5 5
-4107.0 5102.4 10.4 97 0 16.6 28.5 14.0 3.5 2 0 4 1 1
-4020.2 5060.6 7.0 9 0 11.6 14.9 14.0 3.5 2 1 4 3 3
-4068.7 5391.6 10.5 6 0 19.6 25.5 10.5 3.5 2 1 3 4 4
-4050.2 5127.2 7.5 97 0 11.2 6.0 10.5 3.5 2 0 3 5 5
-4069.1 5439.2 10.5 0 0 11.2 6.3 10.5 3.5 2 0 3 5 5
-4100.8 5184.6 11.9 1 0 13.9 7.7 10.5 3.5 2 0 3 3 3
-4195.6 4154.2 -7.6 94 0 7.1 15.9 10.5 3.5 2 0 3 3 3
-4097.1 4544.7 -1.3 104 0 38.3 23.7 17.5 0.0 0 0 5 4 4
-4003.1 5451.9 6.5 270 0 5.9 15.1 10.5 3.5 2 1 3 0 0
-4099.9 5239.0 12.8 3 0 12.9 12.5 14.0 3.5 2 0 4 5 5
-4144.2 4538.3 0.3 199 0 8.7 21.1 10.5 3.5 2 0 3 5 5
-4061.5 5462.1 8.9 7 0 24.0 9.1 10.5 3.5 2 0 3 0 0
-4158.6 5210.5 16.3 180 0 14.8 13.6 14.0 3.5 2 0 4 4 4
-4250.5 5960.7 12.5 267 0 12.0 8.4 7.5 2.5 2 0 3 0 0
-4145.8 5075.3 14.1 277 0 10.3 12.4 14.0 3.5 2 1 4 5 5
-4062.7 5160.9 8.3 187 0 18.8 11.0 14.0 3.5 2 0 4 3 3
-4147.8 4434.6 2.1 199 0 11.5 4.1 10.5 3.5 2 0 3 5 5
-4170.9 5402.8 21.8 182 0 9.8 21.4 10.5 3.5 2 1 3 0 0
-4118.3 5097.2 11.0 283 0 29.9 22.2 14.0 0.0 0 0 4 2 2
-4133.2 4576.7 -0.2 197 0 9.9 17.1 10.5 3.5 2 1 3 3 3
-4083.7 5285.3 11.7 359 0 19.7 7.7 10.5 3.5 2 0 3 4 4
-3965.6 4281.6 -5.5 68 0 7.7 15.0 10.5 3.5 2 0 3 2 2
-4113.2 4443.6 1.6 285 0 12.1 12.6 17.5 3.5 2 0 5 3 3
-4125.1 4652.2 0.5 180 0 9.5 4.4 10.5 3.5 2 0 3 1 1
-4051.3 4787.4 5.4 6 0 17.9 9.5 10.5 3.5 2 0 3 5 5
-4105.7 5312.7 12.9 273 0 16.9 14.0 14.0 3.5 4 0 4 0 0
-4139.2 4158.7 -5.7 6 0 12.3 20.4 17.5 3.5 2 0 5 0 0
-4097.7 5218.2 12.4 5 0 11.2 15.6 14.0 3.5 2 0 4 3 3
-4069.3 4942.0 9.4 294 0 10.3 8.8 10.5 3.5 2 0 3 2 2
-4115.3 4924.9 10.1 204 0 11.1 26.3 10.5 3.5 2 0 3 1 1
-4055.6 5300.4 9.1 181 0 11.1 12.7 14.0 3.5 2 0 4 3 3
-4027.0 5547.5 6.1 179 0 12.9 4.8 10.5 3.5 2 0 3 0 0
-4080.2 4527.4 -1.2 186 0 9.0 8.0 10.5 3.5 2 0 3 1 1
-4145.3 4527.9 0.3 198 0 11.5 18.7 17.5 3.5 2 0 5 5 5
-4119.9 4795.7 7.8 188 0 5.8 8.1 10.5 3.5 2 0 3 0 0
-4092.9 4530.2 -0.8 186 0 7.2 12.9 10.5 3.5 2 0 3 2 2
-4044.3 5429.1 7.3 184 0 15.6 24.6 14.0 3.5 2 0 4 5 5
-4060.5 4900.8 8.7 24 0 10.4 12.2 10.5 3.5 2 0 3 5 5
-4037.9 5501.6 6.9 179 0 8.6 20.6 10.5 3.5 2 0 3 2 2
-4311.4 5915.7 8.3 158 0 10.5 16.4 7.5 2.5 2 1 3 1 1
-4124.8 4803.3 8.3 188 0 9.7 5.9 10.5 3.5 2 0 3 0 0
-4118.1 4779.8 5.8 188 0 9.7 37.5 10.5 3.5 2 0 3 4 4
-3916.1 5478.2 3.1 198 0 9.5 15.0 10.5 3.5 2 1 3 5 5
-4065.2 4802.3 6.5 6 0 18.8 15.1 14.0 3.5 2 0 4 2 2
-4158.4 5108.9 15.5 97 0 20.0 28.5 14.0 3.5 2 0 4 5 5
-4059.7 4950.7 8.6 294 0 17.6 11.9 10.5 3.5 2 0 3 1 1
-4040.9 5352.2 8.5 184 0 9.0 6.8 10.5 3.5 2 0 3 1 1
-4069.0 5414.3 10.6 3 0 7.7 23.8 10.5 3.5 2 1 3 3 3
-4113.3 5054.1 11.4 15 0 25.6 20.0 14.0 3.5 2 0 4 2 2
-4139.2 5106.5 13.9 97 0 17.1 28.5 14.0 3.5 2 0 4 0 0
-4090.6 5319.9 11.4 93 0 21.8 18.9 10.5 3.5 2 0 3 2 2
-4288.9 5102.6 28.8 1 0 22.6 22.3 10.0 2.5 2 0 4 3 3
-4125.7 4196.7 -4.8 167 0 15.8 26.2 17.5 3.5 2 1 5 5 5
-4303.3 5902.8 7.9 142 0 8.4 14.7 2.5 2.5 2 0 1 5 5
-4052.8 5340.9 8.9 184 0 10.9 11.2 14.0 3.5 2 0 4 4 4
-4096.3 5207.5 12.0 5 0 11.9 21.5 14.0 3.5 2 0 4 1 1
-4155.6 4170.0 -5.8 357 0 12.2 17.6 17.5 3.5 2 0 5 0 0
-4151.9 4516.0 0.3 199 0 11.1 9.0 10.5 3.5 2 0 3 1 1
-4126.7 4789.8 7.5 188 0 7.7 14.0 10.5 3.5 2 0 3 5 5
-4126.3 5104.9 11.9 97 0 22.2 28.5 14.0 0.0 0 0 4 3 3
-4152.2 4498.4 0.5 199 0 10.2 6.3 10.5 3.5 2 0 3 0 0
-4124.8 4328.2 0.8 93 0 20.8 22.2 17.5 3.5 2 0 5 2 2
-4125.9 4636.7 -0.0 184 0 21.9 9.2 10.5 3.5 2 0 3 4 4
-4014.5 4718.8 1.4 6 0 6.8 21.7 10.5 3.5 2 0 3 4 4
-4035.5 5493.4 6.7 179 0 7.9 29.6 10.5 3.5 2 0 3 3 3
-3912.2 5346.5 3.2 3 0 19.4 9.7 10.5 3.5 2 0 3 1 1
-4138.4 4429.5 2.0 195 0 15.1 14.7 17.5 3.5 2 0 5 4 4
-3985.0 4282.4 -4.6 89 0 14.8 31.7 17.5 3.5 2 0 5 1 1
-4201.6 4356.5 1.2 194 0 9.5 18.4 10.5 3.5 2 0 3 5 5
-4057.4 5117.4 7.4 97 0 28.0 10.6 14.0 3.5 2 0 4 5 5
-4106.0 4964.2 10.3 195 0 6.3 18.2 10.5 3.5 2 0 3 4 4
-4109.0 4952.5 10.2 204 0 13.2 27.5 10.5 3.5 2 0 3 5 5
-4211.2 4155.3 -8.3 94 0 6.6 19.2 10.5 3.5 2 0 3 5 5
-4301.3 5950.3 10.6 270 0 13.5 14.1 2.5 2.5 2 1 1 4 4
-4181.8 4359.7 0.8 194 0 22.4 8.6 10.5 3.5 2 0 3 4 4
-4155.3 4489.4 0.6 199 0 13.3 34.4 17.5 3.5 2 0 5 1 1
-4120.8 4770.2 4.9 188 0 13.5 38.9 14.0 3.5 2 0 4 0 0
-4230.3 4180.9 -8.7 184 0 11.5 25.2 17.5 3.5 2 0 5 4 4
-4047.6 4662.0 -1.2 102 0 10.6 18.1 14.0 3.5 2 0 4 1 1
-4043.0 5298.4 8.4 181 1 14.4 16.7 14.0 3.5 2 0 4 5 5
-4064.0 5196.7 8.7 181 0 11.7 15.9 14.0 3.5 2 1 4 0 0
-4542.9 4312.5 -8.1 15 0 7.7 5.7 10.5 3.5 2 0 3 1 1
-4233.8 4769.7 14.9 29 0 9.7 15.5 10.5 3.5 4 1 3 2 2
-4270.6 4751.1 14.0 291 0 9.3 21.8 10.5 3.5 2 1 3 4 4
-4392.2 4521.7 -0.3 214 0 16.0 17.9 17.5 3.5 2 0 5 1 1
-4304.4 4785.6 19.8 159 1 10.8 16.3 14.0 3.5 2 1 4 4 4
-4368.1 4703.9 17.0 306 1 11.5 15.7 17.5 3.5 2 0 5 5 5
-4440.4 4679.4 15.7 125 0 12.5 20.1 17.5 0.0 0 1 5 2 2
-4374.4 4759.1 21.9 216 1 15.0 17.1 14.0 0.0 0 0 4 1 1
-4324.5 4751.8 17.1 217 0 9.6 22.3 10.5 0.0 0 0 3 5 5
-4144.3 4840.0 11.1 356 0 11.4 15.3 17.5 0.0 0 0 5 0 0
-4388.1 4471.3 -0.9 191 0 18.9 25.0 17.5 0.0 0 0 5 5 5
-4327.5 4693.1 13.5 124 0 14.3 24.1 14.0 3.5 2 1 4 5 5
-4209.6 4765.6 10.7 184 0 10.2 21.6 17.5 3.5 2 1 5 4 4
-4382.9 4756.7 22.6 34 0 8.6 10.6 10.5 3.5 2 0 3 4 4
-4374.9 4873.6 32.1 119 0 17.5 21.6 10.0 2.5 2 1 4 2 2
-4163.5 4522.4 0.3 14 0 13.9 15.0 17.5 3.5 2 1 5 5 5
-4306.8 4157.2 -9.0 97 0 5.7 8.0 10.5 3.5 2 0 3 4 4
-4242.5 4930.8 25.0 282 0 9.8 9.9 10.5 3.5 2 1 3 3 3
-4380.2 4751.1 21.9 216 0 6.8 8.9 10.5 3.5 2 0 3 0 0
-4250.5 4547.7 -0.4 285 1 12.3 10.8 17.5 3.5 2 0 5 3 3
-4390.0 4729.3 18.8 308 0 16.6 20.6 17.5 3.5 2 0 5 5 5
-4462.9 4397.2 -4.2 27 0 16.4 14.5 17.5 3.5 2 0 5 5 5
-4490.8 4253.5 -8.9 292 0 10.7 13.7 14.0 3.5 2 0 4 5 5
-4310.5 4402.9 0.0 89 0 8.4 5.8 10.5 3.5 2 0 3 0 0
-4467.8 4432.9 -3.5 19 0 9.2 20.1 10.5 3.5 2 0 3 2 2
-4368.5 4618.0 8.9 126 0 18.1 21.5 17.5 3.5 2 0 5 3 3
-4206.4 4465.2 0.7 25 0 12.7 16.2 17.5 3.5 2 1 5 3 3
-4462.2 4469.4 -1.2 1 0 7.3 6.6 10.5 3.5 2 0 3 2 2
-4530.4 4268.7 -9.2 297 0 15.8 20.1 14.0 3.5 2 1 4 0 0
-4331.3 4580.2 2.2 197 0 18.1 9.2 10.5 3.5 2 0 3 5 5
-4361.2 4439.1 -0.3 102 0 15.5 20.6 17.5 3.5 2 0 5 4 4
-4259.5 4400.4 1.3 102 0 22.6 10.7 17.5 3.5 2 0 5 3 3
-4348.6 4174.6 -8.6 4 0 30.3 20.1 14.0 0.0 0 0 4 3 3
-4234.5 4253.6 -4.4 4 0 9.0 26.5 10.5 3.5 2 0 3 2 2
-4159.4 4574.0 -0.1 13 0 15.8 20.3 17.5 3.5 2 1 5 4 4
-4424.5 4475.1 -0.9 21 0 17.5 13.9 17.5 3.5 2 0 5 0 0
-4314.6 4157.8 -8.8 93 0 9.4 11.4 10.5 3.5 2 0 3 5 5
-4231.1 4262.4 -3.8 4 0 9.1 29.2 10.5 3.5 2 0 3 1 1
-4184.4 4525.5 0.2 9 0 6.2 11.6 10.5 3.5 2 0 3 0 0
-4454.1 4587.2 8.2 121 1 12.7 18.1 17.5 3.5 2 0 5 2 2
-4324.9 4165.3 -8.4 96 0 7.5 18.1 10.5 3.5 2 0 3 3 3
-4491.9 4488.2 -1.2 178 0 17.6 15.5 17.5 3.5 2 0 5 4 4
-4299.7 4679.7 10.9 37 0 10.7 15.0 14.0 3.5 2 0 4 3 3
-4386.9 4624.8 10.4 307 0 19.2 15.3 17.5 3.5 2 0 5 2 2
-4328.6 4639.5 8.8 34 0 20.1 12.6 17.5 3.5 2 0 5 0 0
-4152.3 4893.9 13.4 15 0 11.0 25.3 14.0 3.5 4 1 4 3 3
-4241.7 4602.3 0.9 13 0 6.6 5.5 10.5 3.5 2 0 3 1 1
-4473.9 4377.9 -5.0 21 0 18.6 22.8 17.5 3.5 4 1 5 2 2
-4206.4 4746.7 8.4 216 0 13.5 20.5 17.5 3.5 2 1 5 0 0
-4338.2 4188.2 -7.3 187 0 18.8 11.8 17.5 3.5 2 0 5 4 4
-4382.1 4635.0 11.9 126 1 12.4 18.5 17.5 3.5 2 1 5 0 0
-4326.6 4755.5 19.5 128 0 7.9 14.4 10.5 3.5 2 0 3 5 5
-4259.9 4311.7 -2.4 16 0 9.1 9.4 10.5 3.5 2 1 3 1 1
-4446.0 4467.9 -1.3 21 0 11.9 12.9 17.5 3.5 2 0 5 5 5
-4179.7 4454.9 1.4 26 0 14.6 21.3 17.5 3.5 2 0 5 3 3
-4288.7 4690.3 11.2 37 0 8.8 18.0 10.5 3.5 2 0 3 0 0
-4301.0 4597.1 1.4 207 0 12.2 19.4 17.5 3.5 2 0 5 1 1
-4246.2 4600.0 0.5 283 0 3.6 10.0 10.5 3.5 2 0 3 1 1
-4354.7 4702.3 15.9 306 1 12.2 19.9 17.5 3.5 2 0 5 1 1
-4142.2 4821.9 10.3 18 0 15.9 6.8 10.5 3.5 2 0 3 2 2
-4375.3 4767.8 23.8 35 0 8.4 20.5 10.5 3.5 2 0 3 2 2
-4399.9 4162.7 -8.9 94 0 36.7 16.2 14.0 3.5 2 0 4 0 0
-4201.6 4398.0 2.5 23 0 7.4 14.4 10.5 0.0 0 1 3 5 5
-4223.4 4792.5 16.4 31 0 10.5 24.3 14.0 3.5 4 1 4 5 5
-4229.4 4544.5 -0.3 277 0 6.0 12.6 10.5 3.5 2 1 3 0 0
-4141.5 4754.5 6.4 9 0 17.7 17.4 17.5 3.5 2 0 5 0 0
-4545.5 4397.9 -6.3 104 0 8.8 18.2 10.5 3.5 2 0 3 3 3
-4417.8 4490.4 0.5 21 0 15.8 29.0 17.5 3.5 2 0 5 3 3
-4550.9 4385.3 -6.7 111 0 12.8 7.8 10.5 3.5 2 0 3 0 0
-4341.4 4613.2 7.2 36 0 20.2 15.8 17.5 3.5 2 0 5 4 4
-4319.6 4807.0 24.2 123 0 11.7 7.2 10.5 3.5 2 0 3 5 5
-4148.7 4904.8 13.2 12 0 6.8 11.8 10.5 3.5 2 1 3 2 2
-4385.6 4743.7 20.8 216 1 11.4 16.6 14.0 3.5 2 0 4 2 2
-4443.8 4437.5 -2.8 18 0 8.6 41.4 10.5 3.5 2 1 3 1 1
-4449.4 3550.0 -17.5 246 0 29.3 17.4 14.0 3.5 2 0 4 0 0
-4395.8 3872.1 -9.9 266 0 20.3 17.0 17.5 3.5 2 0 5 3 3
-4378.6 3570.3 -17.8 339 0 6.6 33.3 10.5 0.0 0 0 3 1 1
-4455.5 3788.4 -10.4 356 0 23.4 18.1 17.5 3.5 2 0 5 2 2
-4280.1 4144.8 -9.3 268 0 14.7 15.3 14.0 0.0 0 0 4 0 0
-4525.4 3858.5 -6.0 174 0 10.4 21.2 17.5 0.0 0 0 5 2 2
-4302.0 3910.6 -12.3 2 0 15.1 24.7 17.5 0.0 0 0 5 4 4
-4331.1 4080.1 -9.7 195 0 8.3 7.0 10.5 3.5 2 0 3 1 1
-4425.0 3733.4 -14.0 272 0 14.5 14.6 17.5 3.5 2 1 5 0 0
-4567.6 3521.2 -17.2 1 0 9.3 36.6 10.5 3.5 2 1 3 4 4
-4359.4 3961.1 -9.4 274 0 11.0 24.2 17.5 3.5 2 1 5 4 4
-4308.1 4062.1 -9.8 98 0 10.9 9.7 10.5 3.5 2 0 3 3 3
-4367.1 3893.1 -10.0 92 0 13.5 17.1 17.5 3.5 2 1 5 0 0
-4425.9 4118.9 -8.6 7 0 9.9 13.6 10.5 3.5 2 0 3 5 5
-4295.7 4047.8 -10.0 83 0 15.2 14.3 14.0 3.5 2 0 4 3 3
-4421.2 3605.7 -17.3 248 0 51.6 12.9 14.0 3.5 2 0 4 4 4
-4356.4 4139.8 -9.2 278 0 8.2 22.0 10.5 3.5 2 0 3 0 0
-4326.2 3926.3 -10.9 2 0 10.5 11.5 17.5 3.5 2 0 5 0 0
-4490.2 3674.5 -14.5 155 0 13.9 25.8 17.5 3.5 2 1 5 0 0
-4509.1 3945.2 -3.8 269 0 11.7 25.6 17.5 3.5 2 1 5 0 0
-4280.3 4090.9 -9.4 7 0 6.1 6.5 10.5 3.5 2 0 3 3 3
-4540.4 3676.9 -13.3 179 1 13.4 17.0 17.5 3.5 2 0 5 2 2
-4467.3 3859.5 -6.9 351 1 11.0 14.0 17.5 3.5 4 1 5 5 5
-4494.3 3811.6 -8.3 354 1 13.0 14.0 17.5 3.5 2 1 5 0 0
-4355.7 3991.4 -9.1 5 0 19.7 11.8 17.5 0.0 0 0 5 1 1
-4276.9 4125.5 -9.3 5 0 4.6 6.6 10.5 3.5 2 0 3 0 0
-4360.3 4005.4 -9.5 99 0 11.2 20.7 17.5 3.5 2 0 5 3 3
-4671.2 3531.4 -17.9 96 0 10.1 22.1 14.0 3.5 2 1 4 0 0
-4423.4 4064.3 -7.6 9 0 11.4 16.8 17.5 3.5 2 0 5 2 2
-4448.3 3668.3 -15.4 340 1 12.0 15.8 17.5 3.5 2 1 5 4 4
-4395.8 3982.9 -7.9 181 0 26.6 6.5 10.5 3.5 2 0 3 5 5
-4527.7 3813.3 -7.5 178 0 11.9 9.7 10.5 3.5 2 0 3 3 3
-4386.4 3729.7 -14.9 284 0 15.0 8.0 10.5 3.5 2 0 3 0 0
-4312.5 3876.6 -13.0 276 0 15.8 12.4 17.5 3.5 2 0 5 0 0
-4542.5 3631.0 -15.1 177 0 16.3 18.8 17.5 3.5 4 1 5 5 5
-4695.4 3548.9 -18.4 186 0 26.8 13.5 14.0 3.5 2 0 4 0 0
-4382.9 3693.6 -15.7 2 0 6.9 13.4 10.5 3.5 2 1 3 4 4
-4548.6 3697.7 -11.6 84 0 8.2 27.5 10.5 3.5 4 1 3 0 0
-4438.5 3700.9 -14.6 344 0 16.0 9.4 10.5 3.5 2 0 3 2 2
-4442.8 3715.9 -13.9 344 0 15.3 9.4 10.5 3.5 2 0 3 3 3
-4501.8 4107.7 -9.9 185 0 25.0 8.7 10.5 3.5 2 0 3 3 3
-4382.9 4012.1 -8.8 98 0 12.3 17.4 17.5 3.5 2 0 5 0 0
-4394.5 3897.8 -9.3 180 0 13.1 15.7 17.5 3.5 2 1 5 4 4
-4486.4 3654.0 -15.2 260 0 10.2 8.2 10.5 3.5 4 0 3 3 3
-4379.6 3715.3 -15.2 13 0 10.5 15.6 17.5 3.5 2 0 5 1 1
-4558.0 3804.8 -7.4 179 0 14.4 18.5 17.5 3.5 2 0 5 4 4
-4478.5 4149.5 -10.6 277 0 11.0 32.2 17.5 3.5 2 0 5 5 5
-4353.6 4146.4 -8.9 278 0 12.1 6.9 10.5 3.5 2 0 3 4 4
-4439.4 4146.9 -9.5 277 0 9.3 7.9 10.5 3.5 2 0 3 0 0
-4401.0 4067.6 -9.1 189 0 10.9 22.0 17.5 3.5 2 0 5 3 3
-4326.3 3829.5 -13.0 8 0 9.7 11.7 10.5 3.5 2 0 3 3 3
-4328.8 4088.8 -9.6 194 0 10.4 30.9 14.0 3.5 2 0 4 3 3
-4446.5 4105.2 -8.2 7 0 13.2 6.1 10.5 3.5 2 0 3 3 3
-4480.8 4117.4 -9.4 277 0 7.6 20.2 10.5 3.5 2 0 3 4 4
-4536.2 4116.6 -10.7 5 0 13.2 9.2 10.5 3.5 2 0 3 4 4
-4316.1 4012.0 -10.8 94 0 15.2 11.1 17.5 3.5 2 0 5 0 0
-4369.2 4063.6 -9.4 9 0 8.8 10.1 10.5 3.5 2 0 3 2 2
-4540.3 3666.4 -14.0 179 0 7.5 17.0 10.5 3.5 2 0 3 5 5
-4351.8 3969.1 -10.3 183 0 12.6 26.0 17.5 3.5 2 0 5 5 5
-4303.8 3936.0 -11.7 2 0 10.7 15.0 17.5 3.5 2 0 5 0 0
-4360.3 4087.5 -9.8 9 0 29.4 8.4 10.5 3.5 2 0 3 3 3
-4489.8 4079.0 -8.6 189 0 29.8 9.3 10.5 3.5 2 0 3 4 4
-4301.9 3963.8 -11.3 3 0 6.7 24.2 10.5 3.5 2 0 3 2 2
-4552.7 3794.2 -8.0 178 0 7.6 13.5 10.5 3.5 2 0 3 4 4
-4348.7 3979.0 -10.7 183 0 7.5 36.2 10.5 3.5 2 0 3 1 1
-4456.6 4141.2 -9.7 277 0 9.9 48.3 10.5 3.5 2 0 3 0 0
-4359.8 4046.9 -9.5 8 0 21.6 23.9 17.5 3.5 2 0 5 0 0
-4380.6 3860.3 -10.3 266 0 11.0 12.8 17.5 3.5 2 0 5 0 0
-4401.4 4077.9 -9.2 189 0 9.2 23.9 10.5 3.5 2 0 3 4 4
-4299.8 4010.9 -10.8 94 0 17.5 12.6 17.5 3.5 2 0 5 5 5
-4299.4 3945.0 -11.6 2 0 7.5 15.3 10.5 3.5 2 0 3 0 0
-4330.3 4099.1 -9.6 12 0 30.6 7.4 10.5 3.5 2 0 3 4 4
-4514.4 3713.9 -12.3 359 0 27.9 28.5 17.5 0.0 0 1 5 1 1
-4525.3 4144.6 -11.4 185 0 14.7 7.7 10.5 3.5 2 0 3 4 4
-4425.1 4125.5 -8.9 7 0 5.9 13.6 10.5 3.5 2 0 3 1 1
-4467.0 4148.0 -10.2 277 0 12.5 32.1 17.5 3.5 2 0 5 5 5
-4349.7 4044.2 -10.1 279 0 20.8 19.2 17.5 3.5 2 0 5 4 4
-4284.4 4115.9 -9.3 5 0 16.0 15.9 14.0 3.5 2 0 4 2 2
-4350.3 4086.8 -9.7 99 0 9.4 35.2 10.5 3.5 2 0 3 2 2
-4538.7 4093.8 -10.2 3 0 25.2 17.7 17.5 3.5 2 0 5 3 3
-4341.8 4138.8 -9.1 279 0 7.0 12.1 10.5 3.5 2 0 3 3 3
-4494.7 3724.6 -12.8 262 0 22.5 18.0 17.5 3.5 2 0 5 5 5
-4535.3 3773.7 -9.6 182 0 11.7 19.6 17.5 0.0 0 1 5 4 4
-4481.7 4070.7 -7.7 189 0 13.6 19.1 17.5 3.5 2 0 5 3 3
-4410.8 3855.9 -9.5 266 0 18.2 11.7 17.5 3.5 2 0 5 1 1
-4448.5 3845.2 -8.7 176 0 10.6 25.8 17.5 3.5 2 0 5 1 1
-4315.9 3819.0 -13.6 8 0 11.4 15.1 17.5 3.5 2 0 5 1 1
-4374.5 3873.7 -10.7 266 0 24.9 12.9 17.5 3.5 2 0 5 0 0
-4420.9 3883.2 -7.9 85 0 22.9 19.7 17.5 3.5 4 0 5 0 0
-4399.5 3731.3 -14.9 268 0 10.5 19.4 17.5 3.5 2 0 5 1 1
-4354.1 4058.2 -10.0 188 0 22.6 11.6 14.0 3.5 2 0 4 2 2
-4391.0 4005.7 -8.0 6 0 19.6 22.3 17.5 0.0 0 1 5 4 4
-4467.2 3877.7 -5.9 26 1 10.3 16.7 17.5 3.5 2 1 5 3 3
-4383.9 3558.4 -17.8 339 0 11.9 44.7 14.0 3.5 2 0 4 4 4
-4419.1 3870.6 -9.0 258 0 21.6 15.9 17.5 3.5 2 0 5 5 5
-4907.4 4245.0 -13.2 275 0 16.3 33.2 14.0 3.5 2 1 4 2 2
-4921.8 4081.4 -12.2 273 0 16.5 32.8 17.5 0.0 0 1 5 2 2
-5051.8 4107.7 -10.5 279 0 9.1 23.5 10.5 0.0 0 0 3 4 4
-5156.2 4248.9 -5.7 183 0 9.0 12.0 10.5 3.5 2 0 3 4 4
-5305.5 4085.9 -12.9 204 0 14.6 12.5 10.5 3.5 2 0 3 1 1
-4765.3 4221.6 -15.0 180 0 12.3 16.8 14.0 3.5 2 1 4 1 1
-5058.3 3870.4 -19.2 272 1 14.4 14.9 14.0 0.0 0 1 4 3 3
-5122.0 4123.3 -9.0 281 0 5.6 7.2 10.5 3.5 2 0 3 2 2
-5246.3 4145.0 -7.7 277 0 6.6 7.1 10.5 0.0 0 1 3 4 4
-4773.4 4147.0 -13.5 82 0 6.1 23.2 10.5 3.5 2 1 3 2 2
-5324.3 3977.7 -16.3 194 0 10.0 13.5 10.5 3.5 2 1 3 2 2
-4997.0 3855.2 -18.7 3 1 11.3 12.8 14.0 3.5 2 1 4 2 2
-4691.1 4136.0 -13.1 356 0 15.5 10.5 17.5 3.5 2 0 5 0 0
-5130.4 4252.6 -6.3 272 1 13.4 10.7 14.0 3.5 2 0 4 4 4
-5242.3 4014.9 -14.5 26 0 15.7 17.8 10.5 3.5 2 1 3 4 4
-5259.6 4124.7 -9.5 297 0 8.9 7.6 10.5 3.5 2 0 3 5 5
-4750.2 4241.2 -15.3 182 0 4.9 9.3 10.5 3.5 2 1 3 5 5
-5009.5 4043.9 -12.1 88 0 8.3 12.6 10.5 3.5 2 1 3 1 1
-4984.2 4145.4 -11.2 190 0 5.6 13.2 10.5 3.5 2 0 3 0 0
-4938.3 4007.5 -13.8 286 0 9.6 10.6 10.5 3.5 2 0 3 1 1
-5091.6 3725.9 -24.6 199 0 31.1 7.7 10.5 3.5 2 0 3 4 4
-4933.8 3964.3 -14.6 41 1 12.1 16.7 14.0 3.5 2 0 4 4 4
-5243.2 4167.1 -5.6 106 0 13.1 7.7 10.5 3.5 2 0 3 0 0
-4726.2 4138.6 -13.0 264 0 16.4 13.0 17.5 3.5 2 0 5 3 3
-5096.4 4127.6 -8.8 101 0 7.1 7.1 10.5 0.0 0 1 3 2 2
-4983.1 4151.6 -11.4 190 0 7.1 13.2 10.5 3.5 2 0 3 1 1
-4686.7 4138.6 -13.1 176 0 15.4 14.0 14.0 3.5 2 0 4 1 1
-5010.3 4028.2 -12.7 94 0 10.8 9.8 10.5 3.5 2 0 3 5 5
-5104.4 4060.8 -11.6 6 0 5.0 8.8 10.5 3.5 2 0 3 1 1
-4806.6 4150.2 -13.3 90 0 6.1 20.6 10.5 3.5 2 1 3 0 0
-4904.9 4012.8 -13.0 128 0 6.4 14.5 10.5 3.5 2 0 3 2 2
-4782.6 4076.5 -10.6 80 0 21.8 9.7 10.5 3.5 2 0 3 1 1
-5154.5 3739.3 -24.4 99 0 8.3 8.0 10.5 3.5 2 0 3 5 5
-5216.2 4143.2 -7.4 280 0 5.8 7.9 10.5 0.0 0 1 3 3 3
-5069.6 4071.1 -11.5 186 0 19.3 10.4 17.5 3.5 2 0 5 5 5
-4980.2 4020.4 -13.1 106 0 8.0 17.3 10.5 3.5 2 0 3 5 5
-5273.7 4036.8 -13.1 24 0 19.0 24.2 10.5 0.0 0 1 3 3 3
-4760.7 4200.6 -14.5 177 0 17.2 22.2 14.0 3.5 2 1 4 4 4
-5015.7 3873.0 -19.0 276 1 10.9 17.7 14.0 0.0 0 1 4 5 5
-5164.4 3782.5 -23.8 274 0 10.6 25.0 10.5 3.5 2 1 3 2 2
-4778.2 4091.0 -11.8 89 0 11.1 21.9 17.5 3.5 2 1 5 4 4
-4870.9 4236.8 -14.2 4 1 16.5 12.9 14.0 3.5 2 0 4 4 4
-5046.7 4026.3 -12.8 101 0 7.2 14.5 10.5 3.5 4 1 3 2 2
-5165.3 4144.4 -8.0 101 0 13.5 27.5 14.0 0.0 0 1 4 4 4
-5027.9 4029.4 -12.7 94 0 7.5 13.2 10.5 3.5 2 0 3 2 2
-5203.5 4268.6 -5.0 281 1 12.6 17.7 14.0 3.5 2 0 4 3 3
-4946.5 4283.1 -10.2 293 0 15.9 19.7 14.0 3.5 2 0 4 2 2
-5067.9 3880.0 -18.4 93 0 7.4 10.9 10.5 3.5 2 0 3 1 1
-4853.4 4118.7 -11.8 73 0 11.9 8.3 10.5 3.5 2 0 3 0 0
-4911.0 4017.4 -13.1 128 0 9.0 14.5 10.5 3.5 2 0 3 3 3
-5009.2 3983.8 -14.5 2 1 12.9 12.2 14.0 3.5 2 0 4 0 0
-5132.7 4267.6 -6.0 208 0 8.7 17.6 10.5 3.5 2 1 3 3 3
-5120.2 4075.9 -11.1 6 1 13.1 11.9 14.0 3.5 2 0 4 1 1
-4933.3 4277.5 -10.8 293 0 12.8 19.7 14.0 3.5 2 0 4 0 0
-5160.3 4209.2 -6.4 360 0 14.3 21.4 14.0 3.5 2 0 4 5 5
-4966.2 4270.0 -9.8 293 0 19.5 20.4 14.0 3.5 2 0 4 1 1
-4837.2 4124.1 -12.0 73 0 6.9 11.7 10.5 3.5 2 0 3 5 5
-5088.2 4105.3 -10.3 196 0 20.7 16.8 17.5 3.5 2 0 5 1 1
-4987.3 4022.4 -13.1 106 1 10.7 17.3 17.5 3.5 2 0 5 3 3
-5185.2 4228.9 -5.3 10 1 11.2 14.8 14.0 3.5 2 0 4 4 4
-4867.3 4130.0 -12.1 74 0 14.6 8.2 10.5 3.5 2 0 3 1 1
-5079.1 3901.5 -18.0 183 0 19.8 12.4 10.5 3.5 2 0 3 1 1
-4717.4 4242.5 -14.8 182 0 20.4 10.6 14.0 3.5 2 0 4 3 3
-5181.7 4209.1 -6.0 360 0 18.0 7.3 10.5 3.5 2 0 3 5 5
-5180.5 4251.1 -5.2 281 1 10.1 15.9 14.0 3.5 2 0 4 2 2
-4837.3 4114.2 -11.8 252 0 5.2 7.7 10.5 3.5 2 0 3 5 5
-5103.7 4067.0 -11.4 6 0 7.5 8.8 10.5 3.5 2 0 3 3 3
-4979.0 4297.5 -8.5 297 0 17.9 21.1 14.0 3.5 2 0 4 1 1
-4756.1 4138.4 -13.0 264 0 16.2 16.2 17.5 3.5 2 0 5 3 3
-4907.6 4005.1 -13.2 127 0 11.3 7.8 10.5 3.5 2 0 3 1 1
-5246.2 4240.9 -6.4 191 1 13.4 13.8 14.0 3.5 2 0 4 0 0
-5305.9 3835.1 -22.8 201 0 27.7 20.0 14.0 3.5 2 0 4 2 2
-5092.6 4111.0 -9.5 5 0 9.2 10.1 10.5 3.5 2 0 3 0 0
-4822.9 4115.6 -11.9 253 0 7.7 17.5 10.5 3.5 2 0 3 0 0
-5148.1 4047.8 -12.3 182 0 16.0 12.1 14.0 0.0 0 0 4 2 2
-5098.7 4061.2 -11.9 6 0 18.1 5.6 10.5 3.5 2 0 3 0 0
-5065.4 4109.8 -10.6 282 0 8.7 26.0 10.5 3.5 2 0 3 4 4
-5095.3 4078.0 -11.0 10 0 10.6 14.8 14.0 3.5 2 0 4 0 0
-4829.7 4111.0 -11.7 253 0 8.0 16.6 10.5 3.5 2 0 3 1 1
-5008.7 4018.1 -13.2 2 1 12.0 12.6 14.0 3.5 2 0 4 2 2
-5029.6 4084.4 -11.0 285 0 10.8 12.9 17.5 3.5 2 0 5 3 3
-4993.9 4270.2 -8.8 202 0 20.5 16.2 14.0 3.5 2 0 4 1 1
-4962.0 3948.9 -15.6 194 0 10.4 16.9 14.0 3.5 2 0 4 5 5
-5012.6 4006.3 -13.6 3 0 10.1 9.3 10.5 3.5 2 0 3 4 4
-5256.8 4162.9 -6.1 107 0 11.0 15.6 14.0 3.5 2 0 4 2 2
-5162.7 4239.7 -5.6 11 0 16.0 9.1 10.5 3.5 2 0 3 0 0
-5159.7 4187.6 -7.0 356 0 15.0 19.9 14.0 3.5 2 1 4 0 0
-4981.3 4123.4 -11.0 100 1 13.2 13.0 14.0 3.5 2 0 4 1 1
-4963.9 3956.1 -15.6 284 0 7.2 11.9 10.5 3.5 2 0 3 1 1
-5268.3 4169.3 -6.0 106 0 7.4 23.9 10.5 3.5 2 0 3 2 2
-5091.0 4062.5 -12.0 184 0 9.8 16.2 10.5 3.5 2 1 3 1 1
-4993.1 4095.1 -11.6 282 0 10.1 37.2 17.5 3.5 2 0 5 1 1
-5025.6 4101.5 -10.6 285 0 12.2 17.6 17.5 3.5 2 0 5 2 2
-5233.2 4135.5 -7.7 279 0 10.9 8.2 10.5 3.5 2 0 3 5 5
-4962.6 4289.9 -9.4 293 0 19.1 19.7 14.0 3.5 2 0 4 1 1
-4986.1 3962.7 -15.5 283 0 9.5 14.0 10.5 3.5 2 0 3 2 2
-5201.7 4237.6 -4.9 281 0 6.1 11.2 10.5 3.5 2 0 3 4 4
-4887.9 4091.3 -11.5 267 0 6.7 15.3 10.5 3.5 2 0 3 1 1
-5217.4 4225.9 -4.8 281 0 7.1 15.7 10.5 3.5 2 0 3 1 1
-4741.7 4142.8 -13.2 264 0 13.5 18.9 17.5 3.5 2 0 5 1 1
-4766.3 4135.2 -12.9 264 0 10.7 14.2 17.5 3.5 2 0 5 0 0
-4962.9 3963.8 -15.1 20 0 8.4 22.3 10.5 3.5 2 0 3 1 1
-4674.5 4122.9 -12.4 177 0 14.2 15.0 14.0 3.5 2 1 4 2 2
-5213.3 4241.2 -4.6 281 0 6.9 13.2 10.5 3.5 2 0 3 0 0
-5106.3 4119.4 -9.8 279 0 9.7 21.2 10.5 3.5 2 0 3 0 0
-5003.6 4097.3 -10.9 282 0 11.5 21.8 17.5 3.5 2 0 5 5 5
-4977.9 3960.8 -15.5 283 0 7.4 18.8 10.5 3.5 2 0 3 1 1
-5188.4 4256.7 -4.9 281 0 7.7 20.0 10.5 3.5 2 0 3 3 3
-5174.4 4263.0 -4.9 281 1 13.5 12.9 14.0 3.5 2 0 4 5 5
-4896.4 4089.0 -12.0 267 0 11.7 29.4 17.5 3.5 2 0 5 0 0
-4907.0 4079.9 -12.3 267 0 11.6 33.3 17.5 3.5 2 0 5 2 2
-4289.6 1472.8 -11.5 91 0 20.5 19.3 7.5 2.5 2 0 3 1 1
-4404.7 1306.9 -10.6 11 0 16.3 10.5 10.5 2.5 2 0 3 2 2
-4384.7 1409.0 -11.9 269 0 10.1 26.1 10.0 0.0 0 0 4 3 3
-4405.2 1479.8 -14.4 266 0 17.9 26.7 10.0 0.0 0 0 4 1 1
-4386.8 1498.6 -14.0 180 0 7.2 13.2 7.5 2.5 2 0 3 2 2
-4445.5 1558.6 -15.3 64 0 13.4 19.5 10.0 2.5 2 0 4 2 2
-4382.4 1433.1 -13.0 353 0 8.9 19.0 7.0 2.5 2 0 2 5 5
-4393.8 1252.1 -9.6 286 0 19.3 19.6 7.5 2.5 2 0 3 1 1
-4386.9 1451.5 -13.4 342 0 7.2 11.9 5.0 2.5 2 0 2 4 4
-4370.4 1242.5 -9.4 339 0 19.8 10.2 7.0 2.5 2 0 2 4 4
-4439.2 1240.1 -11.9 196 0 24.4 13.4 10.0 2.5 2 0 4 3 3
-4405.7 1361.6 -11.3 194 0 14.4 15.8 7.0 2.5 2 0 2 5 5
-4372.1 1552.1 -13.7 180 0 10.4 19.7 2.5 2.5 2 0 1 0 0
-4429.0 1533.2 -15.4 67 0 10.8 9.5 5.0 2.5 2 0 2 0 0
-4385.3 1360.1 -10.8 15 0 9.7 4.5 7.5 2.5 2 0 3 1 1
-4469.4 1235.3 -12.7 190 0 8.8 13.4 7.5 2.5 2 0 3 1 1
-4484.1 1189.1 -13.9 189 0 25.7 32.6 10.0 0.0 0 1 4 1 1
-4289.4 1502.4 -11.7 269 0 20.6 10.3 5.0 2.5 2 0 2 1 1
-4500.0 1145.1 -14.8 188 0 14.1 32.5 10.0 2.5 2 1 4 4 4
-4384.4 1442.9 -13.5 345 0 10.6 25.9 7.5 2.5 2 0 3 3 3
-4381.2 1428.4 -12.5 269 0 6.2 22.3 10.5 2.5 2 0 3 5 5
-4378.9 1511.7 -14.2 266 0 16.9 9.4 7.0 2.5 2 0 2 2 2
-4421.7 1501.3 -15.1 155 0 8.4 7.3 7.5 2.5 2 0 3 2 2
-4393.6 1533.0 -15.1 359 0 26.6 21.2 12.5 2.5 2 0 5 4 4
-4355.6 1535.8 -13.9 90 0 19.7 11.1 5.0 2.5 2 0 2 3 3
-4394.6 1427.7 -12.8 266 0 12.5 24.9 10.0 2.5 2 0 4 5 5
-4414.9 1342.3 -11.3 198 0 20.0 20.5 7.5 2.5 2 0 3 1 1
-4435.4 1744.4 -16.1 314 0 9.0 18.4 5.0 2.5 4 1 2 0 0
-4413.4 1585.6 -15.6 35 0 16.1 24.5 10.0 0.0 0 0 4 4 4
-4426.2 1678.2 -15.9 357 0 11.3 17.4 7.5 2.5 2 1 3 4 4
-4441.4 1645.7 -16.0 90 0 9.7 20.8 7.5 2.5 4 1 3 1 1
-4405.0 1588.6 -14.7 92 0 12.4 8.6 5.0 2.5 2 0 2 4 4
-4514.0 1639.3 -13.8 177 0 12.3 21.5 7.5 2.5 2 1 3 2 2
-4502.6 1715.2 -18.5 180 0 25.1 12.3 10.0 2.5 2 0 4 1 1
-4501.5 1826.5 -17.2 270 0 9.5 12.3 5.0 2.5 2 1 2 2 2
-4434.7 1768.7 -15.6 3 0 15.3 13.5 5.0 2.5 2 0 2 1 1
-4409.9 1576.4 -15.5 336 0 9.6 15.8 10.5 2.5 2 0 3 0 0
-4460.2 1577.3 -15.3 157 0 11.1 12.4 5.0 2.5 2 0 2 5 5
-4450.2 1892.7 -14.8 271 0 16.7 14.2 5.0 2.5 2 0 2 2 2
-4408.7 1820.3 -13.4 58 0 10.9 16.4 5.0 2.5 2 0 2 1 1
-4452.7 2160.0 -8.5 100 0 22.9 21.6 14.0 3.5 2 0 4 4 4
-4469.5 1896.1 -15.9 87 0 28.6 49.8 10.0 0.0 0 1 4 4 4
-4522.6 1910.6 -17.9 72 0 17.5 12.8 5.0 2.5 2 0 2 3 3
-4432.2 1886.6 -14.0 271 0 10.9 20.8 10.0 2.5 2 1 4 1 1
-4405.8 1839.2 -13.3 19 0 14.6 15.9 10.0 2.5 2 0 4 5 5
-4438.8 1863.3 -14.3 273 0 19.5 13.4 5.0 2.5 2 0 2 0 0
-4557.6 2167.6 -7.4 109 0 54.2 27.5 14.0 0.0 0 0 4 3 3
-4609.1 2186.3 -6.7 108 0 47.9 26.6 14.0 0.0 0 0 4 5 5
-4580.7 2243.9 -6.9 287 0 11.7 30.3 14.0 3.5 2 1 4 4 4
-4826.7 2219.5 -10.9 34 0 15.3 13.9 5.0 2.5 4 0 2 0 0
-4482.6 2064.3 -15.2 276 0 10.9 18.9 7.0 2.5 4 1 2 1 1
-4521.7 2224.7 -6.0 285 0 8.6 16.2 10.5 3.5 2 1 3 4 4
-4508.6 2169.3 -7.9 351 0 12.2 17.8 14.0 3.5 2 0 4 3 3
-4476.2 2153.0 -8.7 285 0 19.7 8.3 10.5 3.5 2 0 3 5 5
-4551.0 2254.7 -6.7 289 0 12.4 9.2 10.5 3.5 2 0 3 4 4
-4462.7 2194.8 -7.4 118 0 11.3 9.7 10.5 3.5 2 0 3 2 2
-4520.9 2154.1 -8.3 105 0 11.0 6.3 10.5 3.5 2 0 3 3 3
-4467.9 2185.1 -7.3 118 0 11.3 11.0 14.0 3.5 2 0 4 4 4
-4454.2 2156.3 -9.0 281 0 9.4 24.0 10.5 3.5 2 0 3 3 3
-4411.0 2277.4 -6.5 22 0 12.8 17.7 14.0 3.5 2 0 4 1 1
-4431.2 2252.6 -6.2 21 0 11.9 9.7 10.5 3.5 2 0 3 2 2
-4432.7 2238.2 -6.4 22 0 9.5 10.6 10.5 3.5 2 0 3 5 5
-4435.0 2224.6 -6.8 21 0 17.4 17.9 14.0 3.5 2 0 4 2 2
-4425.0 2210.9 -7.1 19 1 12.0 14.3 14.0 3.5 2 0 4 4 4
-4286.4 2689.6 -0.5 201 0 15.8 32.1 14.0 3.5 2 0 4 5 5
-4442.8 2376.1 -6.1 290 0 11.9 16.9 14.0 0.0 0 1 4 3 3
-4317.7 2488.3 -5.8 26 0 7.8 10.9 10.5 3.5 2 0 3 5 5
-4415.0 2580.6 -4.0 198 0 19.3 38.8 14.0 3.5 2 1 4 3 3
-4180.9 2835.5 6.4 287 0 12.4 12.0 14.0 0.0 0 0 4 3 3
-4521.4 2312.9 -5.8 285 0 28.2 11.2 14.0 3.5 2 0 4 2 2
-4161.3 2776.4 10.1 13 0 8.1 19.0 10.5 3.5 2 1 3 4 4
-4305.2 2503.6 -5.5 28 0 23.0 9.8 10.5 3.5 2 0 3 3 3
-4182.7 2849.7 6.0 194 0 21.4 37.4 14.0 0.0 0 1 4 5 5
-4489.8 2430.3 -3.2 274 0 8.7 23.2 10.5 3.5 2 1 3 4 4
-4206.6 2623.1 4.7 104 0 14.0 18.8 14.0 3.5 2 0 4 5 5
-4382.8 2482.9 -5.5 203 0 10.6 10.4 14.0 3.5 4 0 4 0 0
-4186.6 2785.5 7.7 13 0 17.5 10.8 14.0 3.5 2 0 4 1 1
-4194.7 2756.5 6.3 17 0 7.1 9.7 10.5 3.5 2 0 3 1 1
-4189.9 2638.3 6.8 284 1 10.9 18.8 14.0 3.5 2 0 4 1 1
-4397.1 2475.9 -4.7 25 0 13.8 13.0 14.0 3.5 2 0 4 3 3
-4281.9 2530.6 -4.3 291 0 12.5 8.8 10.5 3.5 2 0 3 1 1
-4223.1 2860.0 6.2 284 0 30.8 16.6 14.0 3.5 2 0 4 3 3
-4411.4 2407.8 -6.1 113 0 16.2 14.1 14.0 3.5 2 0 4 1 1
-4289.5 2545.6 -3.6 297 0 9.7 18.3 10.5 3.5 2 0 3 2 2
-4404.6 2439.3 -5.6 207 0 16.2 13.6 14.0 3.5 2 0 4 3 3
-4243.5 2797.9 5.4 195 0 8.7 23.6 10.5 3.5 2 0 3 3 3
-4448.5 2327.0 -6.2 198 0 7.8 10.6 10.5 3.5 2 0 3 4 4
-4367.4 2392.3 -6.7 196 0 4.5 8.0 10.5 3.5 2 0 3 1 1
-4323.3 2454.3 -6.7 26 0 11.6 19.8 14.0 3.5 2 0 4 2 2
-4442.9 2413.3 -5.2 294 0 10.7 14.9 14.0 3.5 2 1 4 2 2
-4372.4 2521.1 -2.8 26 0 5.9 7.5 10.5 3.5 2 0 3 4 4
-4265.3 2844.8 7.0 192 0 16.2 16.6 14.0 3.5 2 1 4 0 0
-4511.4 2436.8 -2.2 282 0 18.4 14.8 14.0 3.5 2 0 4 1 1
-4215.9 2666.4 2.1 20 0 11.0 16.9 14.0 3.5 2 1 4 0 0
-4290.3 2617.0 0.2 111 0 10.2 24.8 14.0 3.5 2 0 4 2 2
-4357.7 2523.4 -4.1 205 0 17.3 13.3 14.0 3.5 2 0 4 3 3
-4202.9 2707.7 3.4 17 0 14.3 16.5 14.0 3.5 2 0 4 4 4
-4169.6 2753.6 7.5 17 0 16.8 24.8 14.0 3.5 2 0 4 2 2
-4276.9 2561.8 -2.0 119 0 15.3 11.9 14.0 3.5 2 0 4 1 1
-4458.9 2400.5 -4.8 340 0 13.6 33.7 14.0 3.5 2 1 4 4 4
-4158.3 2788.9 10.1 15 0 11.5 22.2 14.0 3.5 2 1 4 0 0
-4226.2 2631.8 0.9 45 1 10.6 17.5 14.0 3.5 2 1 4 3 3
-4252.7 2753.5 2.3 198 0 25.1 22.0 14.0 3.5 2 0 4 4 4
-4608.0 3304.7 -5.0 354 0 8.9 15.0 10.5 3.5 2 1 3 4 4
-4533.3 3297.7 -6.5 83 0 13.2 20.5 14.0 3.5 2 1 4 2 2
-4574.5 3259.6 -2.2 351 0 11.0 32.3 14.0 3.5 2 1 4 3 3
-4564.5 3295.2 -5.4 88 0 8.0 12.6 10.5 0.0 0 1 3 3 3
-4554.2 3285.6 -4.0 264 0 10.0 16.0 10.5 0.0 0 1 3 3 3
-4187.3 2922.6 3.8 15 0 12.8 25.1 14.0 0.0 0 0 4 3 3
-4172.9 3013.7 2.5 183 0 7.8 9.2 10.5 3.5 2 0 3 3 3
-4211.0 2967.8 5.1 191 0 7.5 15.2 10.5 3.5 2 0 3 2 2
-4201.3 2903.2 5.4 22 0 5.4 13.7 10.5 3.5 4 1 3 3 3
-4176.1 3029.2 2.3 183 0 6.0 13.2 10.5 3.5 2 0 3 2 2
-4207.7 2929.2 5.1 15 0 9.1 3.6 10.5 3.5 2 0 3 2 2
-4192.8 2996.2 3.5 191 0 8.1 18.9 10.5 3.5 2 0 3 3 3
-4209.6 2891.1 5.6 104 0 15.2 9.8 10.5 3.5 2 0 3 0 0
-4219.3 2866.0 6.2 103 0 26.9 6.5 10.5 3.5 2 0 3 1 1
-4196.3 2924.6 4.3 15 0 11.7 12.3 14.0 3.5 2 0 4 3 3
-4212.5 2880.2 6.0 104 0 20.3 11.3 14.0 3.5 2 0 4 1 1
-4184.4 2943.6 4.0 11 0 6.7 19.9 10.5 3.5 2 0 3 2 2
-4180.6 2962.5 4.2 11 0 9.3 15.6 10.5 3.5 2 0 3 5 5
-4123.5 2957.7 3.1 212 0 13.0 28.1 14.0 3.5 2 0 4 0 0
-4084.1 3032.6 7.3 212 0 7.4 33.5 10.5 3.5 2 1 3 2 2
-4153.4 2937.2 1.4 25 0 10.9 7.6 10.5 3.5 2 0 3 0 0
-4113.9 2964.8 4.1 212 0 9.2 19.1 10.5 3.5 2 0 3 2 2
-4130.4 3050.8 2.2 4 0 11.4 8.9 10.5 3.5 2 0 3 4 4
-4057.6 3074.0 6.6 208 0 6.8 13.0 10.5 3.5 2 0 3 4 4
-4122.5 2997.1 1.6 26 0 18.5 18.6 14.0 3.5 2 0 4 4 4
-4112.0 3006.6 3.3 25 0 7.6 13.4 10.5 3.5 2 0 3 5 5
-4121.4 3077.8 3.3 356 0 6.9 10.9 10.5 3.5 2 0 3 0 0
-4160.9 2911.7 1.4 218 0 11.0 15.9 14.0 3.5 2 0 4 2 2
-4171.1 2868.7 3.6 102 0 8.8 20.3 10.5 3.5 2 1 3 1 1
-4136.2 2964.8 1.3 24 0 6.0 14.6 10.5 3.5 2 0 3 0 0
-4304.1 3263.6 -6.7 150 0 10.8 16.8 14.0 3.5 2 0 4 0 0
-4396.8 3295.0 -5.5 274 0 32.1 27.8 14.0 0.0 0 0 4 0 0
-4256.1 3315.5 -9.0 272 0 7.2 9.4 10.5 3.5 2 1 3 2 2
-4197.5 3303.5 -8.5 285 0 32.6 12.6 14.0 3.5 2 0 4 0 0
-4292.4 3350.6 -10.7 335 0 7.5 19.5 10.5 3.5 2 0 3 4 4
-4220.4 3276.9 -8.0 29 0 14.9 24.8 14.0 3.5 2 1 4 1 1
-4168.1 3172.9 -1.4 181 0 10.9 24.0 14.0 0.0 0 0 4 2 2
-4318.8 3360.9 -11.2 155 0 5.9 8.7 12.0 3.5 2 0 3 1 1
-4384.0 3308.1 -7.6 91 0 14.8 16.4 14.0 3.5 4 1 4 5 5
-4181.2 3087.9 3.0 183 0 8.9 16.5 10.5 3.5 2 1 3 2 2
-4360.5 3313.7 -7.5 2 0 16.2 6.1 10.5 3.5 2 0 3 2 2
-4348.9 3338.8 -9.5 158 0 8.0 9.4 10.5 3.5 2 1 3 2 2
-4310.2 3274.2 -7.3 150 0 13.8 16.8 14.0 3.5 2 0 4 5 5
-4321.5 3366.7 -11.4 156 0 7.2 11.2 10.5 3.5 2 0 3 5 5
-4126.6 3181.2 -1.8 1 0 6.8 31.1 10.5 3.5 2 0 3 2 2
-4154.9 3290.9 -6.9 11 0 9.3 28.1 10.5 3.5 2 0 3 1 1
-4342.4 3318.6 -8.5 175 0 13.9 9.4 10.5 3.5 2 0 3 5 5
-4133.7 3143.3 -0.5 352 0 10.0 14.7 14.0 3.5 2 0 4 4 4
-4185.0 3196.1 -2.9 148 0 14.1 33.3 14.0 3.5 2 0 4 1 1
-4128.1 3091.9 2.4 2 0 5.9 13.5 10.5 3.5 2 1 3 5 5
-4407.7 3303.2 -6.8 93 0 6.7 13.2 10.5 3.5 2 1 3 5 5
-4196.6 3219.5 -3.8 134 0 6.8 18.5 10.5 3.5 2 0 3 4 4
-4135.5 3132.2 0.0 352 0 8.1 14.7 10.5 3.5 2 0 3 2 2
-4161.3 3222.0 -3.4 337 0 6.9 28.5 10.5 3.5 2 0 3 0 0
-4263.4 3562.2 -17.0 251 0 22.6 26.6 14.0 3.5 2 1 4 2 2
-4525.8 3492.0 -17.3 172 0 11.9 25.3 14.0 3.5 2 1 4 2 2
-4324.1 3535.2 -17.2 270 0 7.3 18.4 10.5 3.5 2 0 3 2 2
-4394.9 3406.1 -13.4 84 0 25.5 13.1 14.0 3.5 2 0 4 3 3
-4700.9 3634.8 -15.9 272 0 9.5 15.7 10.5 0.0 0 1 3 3 3
-4617.1 3748.3 -10.3 358 0 7.7 7.4 10.5 3.5 2 0 3 4 4
-4775.0 3614.3 -17.8 31 0 10.8 17.4 14.0 3.5 2 1 4 5 5
-4917.3 3889.4 -16.3 302 0 7.7 24.1 10.5 3.5 2 0 3 0 0
-4803.1 3858.2 -12.7 91 0 8.3 22.3 10.5 0.0 0 1 3 3 3
-4772.2 3942.0 -10.5 89 0 20.9 14.6 14.0 3.5 2 0 4 5 5
-4686.1 3739.7 -11.9 103 0 15.3 9.3 10.5 3.5 2 0 3 4 4
-4732.6 3648.5 -15.8 277 0 7.8 6.4 10.5 3.5 2 0 3 1 1
-4811.2 3675.4 -16.7 95 0 19.8 18.3 17.5 3.5 2 0 5 3 3
-4591.4 3773.1 -8.9 81 1 13.4 11.5 17.5 3.5 2 0 5 1 1
-4709.4 3977.9 -7.9 79 0 17.0 6.7 10.5 3.5 2 0 3 1 1
-4662.5 3659.7 -13.9 90 1 15.1 16.5 17.5 3.5 2 1 5 5 5
-4631.6 3872.0 -7.5 352 0 8.7 11.2 10.5 3.5 2 0 3 5 5
-4798.2 3665.7 -16.9 279 1 13.0 10.6 14.0 3.5 2 0 4 1 1
-4633.7 3668.1 -12.9 89 0 9.3 16.0 10.5 3.5 2 1 3 3 3
-4737.2 3711.5 -13.9 95 0 17.4 22.8 17.5 3.5 2 1 5 1 1
-4823.8 3747.8 -15.8 4 0 20.1 13.6 10.5 3.5 2 0 3 4 4
-4773.7 3791.0 -13.0 182 1 10.5 11.1 17.5 3.5 2 0 5 4 4
-4595.1 3763.8 -9.6 355 0 6.4 15.6 10.5 0.0 0 1 3 4 4
-4846.8 3809.8 -15.1 1 0 8.6 5.5 10.5 3.5 2 0 3 3 3
-4729.9 3668.3 -15.1 95 0 20.3 15.3 17.5 3.5 2 0 5 5 5
-4583.2 3864.2 -6.3 269 0 13.3 9.3 10.5 3.5 4 0 3 3 3
-4793.6 3673.8 -16.3 95 0 15.5 23.3 17.5 3.5 2 0 5 2 2
-4826.0 3797.4 -14.8 2 0 12.4 8.7 10.5 3.5 2 0 3 0 0
-4782.7 3859.6 -12.2 93 0 14.4 17.1 14.0 0.0 0 1 4 2 2
-4581.4 3846.1 -6.7 352 0 8.8 9.5 10.5 3.5 2 0 3 1 1
-4845.9 3779.2 -15.4 92 0 7.8 10.5 10.5 3.5 2 0 3 3 3
-4918.2 3868.9 -16.6 302 0 12.1 15.9 10.5 3.5 2 0 3 5 5
-4909.0 3884.2 -16.1 302 0 12.1 17.9 10.5 3.5 2 0 3 3 3
-4931.8 3793.1 -18.2 6 0 18.7 16.4 10.5 3.5 4 0 3 1 1
-4671.3 4006.4 -7.1 167 0 4.5 9.3 10.5 3.5 2 0 3 3 3
-4731.4 4000.1 -8.1 71 0 12.4 22.3 14.0 3.5 2 0 4 3 3
-4653.8 3686.0 -12.9 91 0 20.9 12.5 17.5 3.5 2 0 5 4 4
-4972.8 3815.8 -18.8 194 0 10.7 22.2 10.5 3.5 2 1 3 0 0
-4826.5 3784.8 -15.1 2 0 12.8 12.0 10.5 3.5 2 0 3 2 2
-4632.2 3735.4 -11.4 357 0 24.3 13.3 17.5 3.5 2 0 5 1 1
-4829.8 3622.7 -18.8 207 0 16.7 17.7 14.0 3.5 2 1 4 4 4
-4771.4 3750.9 -13.7 183 0 8.7 10.7 10.5 0.0 0 1 3 1 1
-4834.1 3768.7 -15.4 92 0 16.6 10.0 10.5 3.5 2 0 3 2 2
-4796.3 3791.6 -13.7 182 1 10.5 22.6 17.5 3.5 2 0 5 5 5
-4755.9 3670.6 -15.6 95 0 16.2 15.3 17.5 3.5 2 0 5 0 0
-4712.1 4001.2 -7.7 259 1 13.4 14.1 14.0 3.5 2 0 4 3 3
-4766.7 3676.4 -15.5 95 0 8.7 22.6 10.5 3.5 2 0 3 5 5
-4690.8 3679.0 -13.9 93 0 18.3 17.8 17.5 3.5 2 0 5 2 2
-4882.8 3871.4 -15.2 286 0 8.6 9.4 10.5 3.5 2 1 3 2 2
-4668.1 3695.6 -12.8 91 0 8.1 22.1 10.5 3.5 2 0 3 1 1
-4199.3 4597.3 -0.2 192 0 9.6 23.0 10.5 3.5 2 1 3 3 3
-4146.7 4653.6 0.7 8 0 11.5 36.6 17.5 3.5 2 1 5 3 3
-4203.2 4658.6 2.4 104 0 32.5 9.6 10.5 3.5 2 0 3 5 5
-4214.1 4606.7 -0.0 282 0 25.9 10.9 17.5 3.5 2 0 5 3 3
-4257.5 5764.7 9.3 55 0 25.2 124.7 10.0 0.0 0 1 4 5 5
-5018.2 3727.7 -23.1 102 0 88.2 14.1 10.5 3.5 2 0 3 4 4
-4965.2 5740.0 -5.0 25 0 67.8 11.7 7.5 2.5 2 0 3 2 2
-5117.9 5692.3 -10.3 104 0 52.4 12.9 10.0 2.5 2 0 4 2 2
-4947.3 2397.6 -14.3 127 0 135.1 26.6 10.0 0.0 0 0 4 4 4
-4830.4 2371.1 -9.5 37 0 22.1 125.7 12.5 0.0 0 1 5 0 0
-4794.0 2227.5 -9.8 308 0 24.1 4.9 7.5 2.5 2 0 3 4 4
-4690.2 1953.9 -19.2 164 0 14.9 13.1 5.0 2.5 2 0 2 0 0
-4664.2 1932.1 -20.3 74 0 11.6 17.8 5.0 2.5 2 0 2 1 1
-4582.7 1911.1 -20.2 181 0 7.3 14.3 5.0 0.0 0 1 2 1 1
-4634.6 1936.9 -20.2 76 0 14.9 16.9 7.5 2.5 2 1 3 2 2
-4622.7 1935.4 -21.2 258 0 14.4 13.5 7.5 2.5 4 0 3 4 4
-4683.0 1935.6 -20.2 164 0 17.2 11.2 7.5 2.5 2 0 3 5 5
-4361.2 1388.3 -10.9 88 0 10.3 10.9 10.5 2.5 2 1 3 4 4
-5038.6 3653.6 -25.0 84 0 8.3 7.9 10.5 3.5 2 0 3 4 4
-5026.1 3692.2 -23.9 11 0 10.5 13.2 10.5 3.5 2 1 3 4 4
-4359.9 4590.1 6.4 37 0 14.1 14.0 17.5 3.5 2 0 5 3 3
-4060.9 5486.6 8.8 358 0 21.7 29.5 10.5 0.0 0 0 3 3 3
-4339.0 4079.5 -9.8 9 0 11.0 24.9 17.5 3.5 2 0 5 1 1
-4865.5 4121.6 -11.9 73 0 6.3 8.6 10.5 3.5 2 0 3 3 3
-4535.8 2004.6 -17.5 94 0 10.2 34.3 10.0 2.5 2 1 4 0 0
-4335.4 4305.1 -3.7 112 0 11.8 25.0 17.5 3.5 2 1 5 4 4
-4309.1 4372.3 -2.9 291 0 13.6 44.5 17.5 3.5 2 1 5 3 3
-4445.3 4395.2 -3.8 200 0 20.5 11.7 17.5 3.5 2 0 5 1 1
-4398.9 4375.6 -3.4 289 0 16.6 11.3 17.5 3.5 2 0 5 3 3
-4403.2 4392.1 -3.0 292 0 33.9 10.2 17.5 3.5 2 0 5 0 0
-4434.2 4387.3 -3.7 197 0 17.3 5.5 10.5 3.5 2 0 3 2 2
-4344.7 4381.0 -3.8 292 0 13.3 60.8 17.5 3.5 2 1 5 4 4
-4342.8 4320.3 -3.6 23 0 10.4 9.2 10.5 3.5 2 0 3 3 3
-4404.1 1694.0 -14.5 2 0 18.3 15.0 7.5 0.0 0 0 3 5 5
-5906.9 -956.7 -22.6 359 0 40.9 28.4 12.5 0.0 0 0 5 2 2
-1357.3 5469.7 -22.7 92 0 24.6 37.4 10.0 0.0 0 1 4 0 0
-745.4 6229.5 -5.8 5 0 69.7 77.6 12.5 0.0 0 1 5 1 1
323.1 -2764.6 -25.6 269 0 32.2 39.5 10.0 0.0 0 1 4 0 0
1535.9 -6092.9 -21.9 179 0 18.2 30.7 12.5 2.5 2 1 5 5 5
-288.9 -4588.8 -27.0 93 0 15.5 26.4 12.5 0.0 0 1 5 4 4
6906.6 1314.8 -28.2 270 0 32.0 26.5 10.0 0.0 0 0 4 1 1
6884.7 608.3 -35.4 0 0 26.2 22.7 15.0 0.0 0 0 6 0 0
6907.0 527.5 -31.4 0 0 16.6 20.0 10.0 2.5 2 1 4 5 5
-5950.8 -5369.1 -26.3 270 0 17.4 23.5 12.5 0.0 0 1 5 4 4
-6563.1 -4512.8 -32.2 19 0 23.9 30.5 7.5 0.0 0 1 3 3 3
-5962.5 -569.1 -17.7 94 0 38.5 23.2 7.5 0.0 0 0 3 0 0
-5497.5 -251.5 -11.4 111 0 26.0 32.9 12.5 0.0 0 1 5 1 1
-4579.9 765.9 -24.5 297 0 53.1 22.8 12.5 2.5 2 0 5 1 1
-5974.8 3652.1 4.8 281 0 72.9 71.7 25.0 0.0 0 0 10 0 0
-6508.0 3877.4 -6.7 178 0 61.0 85.3 10.0 0.0 0 1 4 3 3
3664.8 -2502.2 -20.0 269 0 10.0 12.8 5.0 2.5 2 1 2 2 2
3705.5 -2508.0 -19.5 282 0 12.1 11.1 5.0 2.5 2 0 2 1 1
3756.8 -2504.5 -19.3 88 0 12.1 12.3 7.5 2.5 2 1 3 1 1
3767.5 -2468.6 -19.3 357 0 15.0 13.0 2.5 2.5 2 0 1 2 2
3789.3 -2459.0 -20.7 83 0 12.0 11.0 2.5 2.5 2 0 1 5 5
3867.9 -2468.9 -26.2 358 0 17.7 4.8 5.0 2.5 2 0 2 4 4
3852.1 -2344.5 -26.0 183 0 12.0 15.7 5.0 2.5 2 1 2 0 0
3894.6 -2383.3 -28.9 179 0 14.7 9.5 7.5 2.5 2 0 3 3 3
3959.9 -2396.7 -33.3 358 0 16.7 10.1 5.0 2.5 4 0 2 0 0
3943.5 -2423.2 -32.4 88 0 9.8 30.1 7.5 2.5 2 1 3 2 2
4173.9 -2226.5 -30.6 0 0 10.0 9.6 5.0 2.5 4 0 2 4 4
4153.5 -2228.8 -30.8 179 0 9.1 9.4 7.5 2.5 2 1 3 0 0
4182.6 -2216.5 -30.1 0 0 10.0 8.2 7.5 2.5 2 0 3 1 1
4126.2 -2187.0 -29.2 93 0 9.0 10.0 7.5 2.5 2 1 3 2 2
4162.2 -2160.8 -28.1 2 0 13.2 8.1 7.5 2.5 2 0 3 3 3
4159.1 -2132.9 -27.1 6 0 19.7 10.4 2.5 2.5 2 0 1 3 3
4128.7 -2121.5 -27.1 273 0 11.4 13.2 7.5 2.5 2 1 3 1 1
4171.5 -2122.1 -26.4 4 0 9.3 6.6 7.5 2.5 2 0 3 0 0
4107.9 -2062.4 -24.9 284 0 10.9 14.9 7.5 0.0 0 1 3 1 1
4123.3 -2092.7 -25.7 357 0 10.0 13.8 5.0 2.5 2 1 2 4 4
4031.7 -2157.3 -29.0 192 0 8.5 10.0 7.5 2.5 2 1 3 3 3
4069.8 -2015.8 -22.8 91 0 13.7 10.5 7.5 2.5 4 0 3 3 3
4057.0 -1968.6 -22.1 282 0 9.7 25.7 7.5 2.5 2 1 3 5 5
4075.6 -1959.0 -21.8 280 0 8.8 32.7 7.5 2.5 2 1 3 0 0
4087.9 -1961.6 -21.7 277 0 7.7 30.7 7.5 0.0 0 1 3 3 3
4024.4 -2073.8 -25.7 196 0 8.9 9.2 7.5 2.5 2 1 3 1 1
4016.8 -2024.4 -23.7 185 0 4.1 9.6 7.5 2.5 2 1 3 1 1
3989.2 -1880.8 -17.4 87 0 7.9 14.3 2.5 2.5 4 1 1 1 1
3941.0 -1824.2 -13.2 177 0 13.4 14.0 7.5 2.5 2 1 3 2 2
3945.7 -1693.6 -6.5 274 0 8.8 27.0 5.0 2.5 2 1 2 3 3
3877.0 -1712.9 -8.6 171 0 12.1 10.0 7.5 2.5 2 0 3 5 5
3837.3 -1572.3 -13.4 184 0 12.6 10.6 7.5 2.5 2 0 3 5 5
3764.7 -1505.0 -16.5 178 0 7.1 12.6 7.5 0.0 0 1 3 3 3
3780.4 -1539.3 -15.1 87 0 8.5 18.6 7.5 2.5 4 1 3 1 1
3996.6 -2017.6 -24.1 357 0 12.2 26.2 7.5 2.5 2 1 3 4 4
3960.3 -2274.5 -32.7 266 0 12.0 20.7 10.0 0.0 0 1 4 4 4
3884.5 -2160.7 -25.6 10 0 11.2 10.5 2.5 2.5 2 0 1 2 2
3802.3 -2392.2 -21.7 265 0 14.9 13.8 5.0 2.5 2 0 2 4 4
3665.1 -2347.5 -13.2 181 0 15.5 15.8 2.5 2.5 2 1 1 1 1
3681.6 -2299.5 -13.4 197 0 13.8 10.9 7.5 2.5 2 0 3 4 4
3700.9 -2272.5 -13.9 300 0 8.8 11.1 7.5 2.5 2 1 3 5 5
3630.5 -2419.4 -12.9 179 0 15.1 25.3 10.0 2.5 2 1 4 5 5
3699.6 -2466.9 -15.7 102 0 11.2 17.1 2.5 2.5 4 1 1 3 3
3729.3 -2498.5 -17.8 105 0 8.4 38.7 7.5 2.5 4 1 3 2 2
3704.1 -2201.0 -13.9 108 0 15.2 15.7 5.0 2.5 2 1 2 1 1
3543.2 -2359.1 -9.5 358 0 11.4 10.0 5.0 2.5 2 0 2 0 0
3589.1 -2279.8 -7.8 101 0 11.2 12.3 2.5 2.5 4 1 1 1 1
3481.7 -2256.5 -1.8 188 0 12.9 14.2 5.0 2.5 2 1 2 3 3
3555.1 -2626.4 -30.9 93 0 13.2 13.6 10.0 2.5 2 1 4 0 0
3506.6 -2537.4 -26.9 266 0 14.1 16.0 2.5 2.5 2 1 1 3 3
3465.9 -2481.3 -21.4 76 0 9.9 11.2 7.5 2.5 2 1 3 4 4
3432.6 -2480.5 -21.9 94 0 12.8 12.2 5.0 2.5 2 0 2 1 1
-4209.3 4928.2 19.6 290 0 28.8 31.6 14.0 0.0 0 1 4 4 4
-4323.3 -4722.7 -22.6 74 0 22.8 13.0 12.5 2.5 2 0 5 2 2
-4497.6 -4929.3 -13.6 98 0 11.7 18.6 7.5 2.5 4 1 3 4 4
-4298.6 -5133.7 -26.0 102 0 12.9 13.5 5.0 2.5 2 1 2 3 3
-4367.9 -5290.6 -25.0 96 0 14.2 9.9 7.5 0.0 0 0 3 3 3
-4508.8 -5261.3 -16.6 86 0 13.5 11.6 2.5 2.5 2 0 1 3 3
-4615.0 -5291.0 -9.5 257 0 11.0 12.4 7.5 2.5 2 1 3 4 4
-4643.1 -5288.7 -7.6 257 0 10.7 12.7 5.0 2.5 2 1 2 0 0
-4623.8 -5269.9 -8.9 90 0 8.9 12.0 7.5 2.5 2 1 3 5 5
-4725.9 -5303.0 -2.3 271 0 16.3 13.6 7.5 2.5 2 0 3 0 0
-4768.5 -5341.0 0.8 274 0 9.6 58.5 7.5 2.5 2 1 3 2 2
-4777.8 -5427.0 1.1 90 0 20.3 12.1 7.5 2.5 2 0 3 5 5
-4828.8 -5419.8 1.9 183 0 11.0 37.9 10.0 2.5 2 1 4 3 3
-4717.3 -5364.0 -2.3 6 0 9.1 13.7 5.0 2.5 2 1 2 2 2
-4703.0 -5388.4 -3.2 2 0 22.6 10.0 2.5 2.5 4 0 1 5 5
-4687.3 -5424.1 -4.2 3 0 16.7 10.4 7.5 2.5 2 0 3 5 5
-4765.3 -5449.8 0.3 98 0 18.0 10.8 2.5 2.5 2 0 1 2 2
-4766.5 -5327.0 0.6 277 0 10.1 7.5 7.5 2.5 4 0 3 3 3
-4863.9 -5388.3 0.5 354 0 10.2 19.1 10.0 2.5 2 1 4 4 4
-4682.9 -5233.7 -5.2 262 0 13.1 10.5 2.5 2.5 2 0 1 1 1
-4752.1 -4820.2 -3.2 273 0 16.4 15.3 5.0 2.5 2 0 2 3 3
-4785.9 -4656.0 -12.8 108 0 17.4 17.0 17.5 0.0 0 0 7 1 1
-4644.7 -4497.2 -21.5 172 0 9.7 7.5 5.0 2.5 2 0 2 1 1
-4600.6 -4453.7 -24.0 356 0 13.6 12.3 7.5 2.5 4 0 3 4 4
-4565.6 -4393.5 -27.1 278 0 15.0 22.4 10.0 2.5 2 1 4 5 5
-4617.8 -3997.3 -21.2 305 0 14.2 21.6 10.0 2.5 2 1 4 3 3
-4597.0 -3890.4 -17.7 181 0 12.3 32.0 12.5 2.5 2 1 5 3 3
-4557.5 -3952.7 -16.6 180 0 13.3 6.7 5.0 2.5 2 0 2 3 3
-4908.4 -3574.8 -12.1 85 0 10.6 15.0 2.5 2.5 2 1 1 5 5
-4421.5 -3111.1 -12.7 98 0 9.9 11.9 7.5 2.5 2 1 3 1 1
-4708.3 -3103.0 -8.4 106 0 24.1 16.4 10.0 2.5 2 0 4 5 5
-4528.8 -3021.3 -14.9 360 0 20.8 18.8 10.0 2.5 2 0 4 4 4
-4325.7 -2988.6 -4.6 24 0 11.3 14.0 2.5 2.5 2 1 1 0 0
-4173.2 -3188.1 -20.1 92 0 22.2 17.2 12.5 2.5 2 0 5 3 3
-4181.3 -3284.0 -25.0 90 0 13.5 9.5 5.0 2.5 2 0 2 5 5
-4633.3 -3018.5 -10.1 81 0 13.5 12.5 5.0 2.5 2 0 2 0 0
-4542.9 -2722.8 -4.5 177 0 14.4 16.2 7.5 2.5 2 1 3 1 1
-4529.2 -3132.3 -17.5 91 0 10.8 12.1 5.0 2.5 2 1 2 1 1
-4550.2 -2917.6 -11.2 189 0 17.2 9.7 7.5 0.0 0 0 3 2 2
-4674.9 -2220.6 7.9 101 0 12.0 11.0 7.5 2.5 2 0 3 5 5
-4832.4 -1816.0 2.6 98 0 13.7 13.8 5.0 2.5 2 1 2 4 4
-5384.0 -1619.2 -23.7 351 0 12.5 9.0 7.5 2.5 2 0 3 2 2
-5257.4 6381.2 -12.0 9 0 7.8 11.5 5.0 2.5 2 1 2 5 5
-5188.4 6443.9 -14.5 14 0 5.8 13.3 5.0 2.5 2 0 2 0 0
-5188.2 6450.0 -14.6 5 0 5.7 6.7 5.0 2.5 2 0 2 5 5
-5196.2 6386.6 -13.8 97 0 9.5 10.7 7.5 0.0 0 1 3 5 5
-5266.2 6316.3 -11.1 20 0 8.3 6.4 5.0 2.5 2 0 2 5 5
-5255.5 6306.6 -11.3 29 0 12.0 6.4 5.0 2.5 2 0 2 1 1
-5701.0 6632.7 -1.5 358 0 12.4 16.2 5.0 2.5 2 1 2 3 3
-5678.6 6388.5 -0.3 286 0 14.4 17.5 7.5 2.5 2 1 3 3 3
-5552.2 6513.1 -5.3 114 0 16.9 13.0 2.5 2.5 4 0 1 4 4
-5582.8 6579.4 -4.9 193 0 19.0 11.0 2.5 2.5 2 0 1 0 0
-5616.8 6713.9 -5.1 212 0 16.4 16.0 12.5 2.5 2 0 5 2 2
-5619.6 6305.8 -1.6 136 0 15.3 14.6 7.5 2.5 2 0 3 0 0
-5667.7 6556.1 -2.2 198 0 14.1 14.3 5.0 2.5 2 1 2 0 0
-5731.0 6476.7 0.3 104 0 11.6 16.4 7.5 2.5 2 1 3 4 4
-5554.5 6567.8 -5.4 292 0 12.6 13.3 7.5 2.5 2 1 3 2 2
-5452.0 6442.1 -7.3 262 0 11.3 11.2 7.5 2.5 2 0 3 3 3
-5491.3 6676.4 -8.3 106 0 11.9 17.8 7.5 2.5 2 1 3 3 3
-5454.4 6529.0 -8.1 110 0 13.7 13.0 7.5 2.5 2 0 3 1 1
-5401.5 6555.7 -9.6 10 0 14.3 18.6 10.0 2.5 2 0 4 2 2
-5383.7 6601.4 -10.5 26 0 13.2 11.0 5.0 2.5 2 0 2 1 1
-5458.5 6600.6 -8.5 278 0 15.2 15.1 7.5 2.5 2 0 3 4 4
-6274.8 2816.1 1.1 2 0 17.4 16.2 10.0 0.0 0 0 4 0 0
-6430.0 2695.4 -2.0 94 0 9.7 8.7 2.5 2.5 4 0 1 3 3
-6415.2 2707.2 -2.0 173 0 6.1 7.0 7.5 2.5 2 1 3 0 0
-6174.7 2715.7 -10.5 92 0 9.1 7.1 7.5 2.5 2 0 3 0 0
-6172.6 2777.5 -3.8 10 0 7.1 4.8 5.0 2.5 2 0 2 5 5
-6585.1 2724.3 -2.7 177 0 20.5 11.1 5.0 2.5 2 0 2 5 5
-6396.7 2860.9 11.7 270 0 9.7 8.8 7.5 0.0 0 0 3 5 5
-6404.3 2930.8 18.6 107 0 10.4 9.0 5.0 2.5 2 0 2 5 5
-6448.8 2755.9 2.6 256 0 14.3 17.8 12.5 2.5 2 1 5 3 3
-6365.9 2736.8 -2.2 5 0 7.7 8.3 2.5 2.5 2 1 1 3 3
-6543.9 2823.5 4.9 118 0 15.4 13.1 5.0 2.5 2 0 2 2 2
-6522.9 2958.3 10.2 275 0 11.4 13.2 2.5 2.5 2 1 1 5 5
-6313.2 2864.8 6.9 276 0 13.1 9.3 5.0 2.5 4 0 2 3 3
-6182.5 2807.9 -0.8 267 0 8.5 9.2 5.0 2.5 2 1 2 1 1
-6162.3 2816.7 0.7 359 0 9.5 8.0 5.0 2.5 2 0 2 3 3
-6159.2 2946.5 14.2 90 0 8.6 10.1 5.0 2.5 2 1 2 0 0
-6008.5 3060.9 3.1 259 0 9.5 13.0 7.5 2.5 2 1 3 0 0
-5943.2 3111.1 -2.3 189 0 12.6 15.2 2.5 2.5 2 1 1 2 2
-5932.2 2944.1 1.2 278 0 10.8 12.1 5.0 2.5 2 0 2 0 0
-5923.2 2943.2 0.7 273 0 7.7 11.4 2.5 2.5 2 0 1 5 5
-5876.0 3117.8 -6.3 102 0 10.4 13.9 5.0 2.5 2 1 2 1 1
-5911.5 3174.2 -5.5 204 0 19.0 7.3 7.5 2.5 2 0 3 2 2
-5952.1 3216.3 -3.7 270 0 13.1 15.5 12.5 2.5 2 1 5 5 5
-5998.6 3243.6 -1.8 90 0 14.8 11.5 7.5 2.5 2 0 3 5 5
-6025.7 3330.5 0.1 274 0 14.4 10.6 10.0 2.5 2 0 4 3 3
-5980.1 3316.3 -4.2 90 0 18.8 10.7 5.0 2.5 2 0 2 3 3
-5944.1 3339.0 -6.7 80 0 11.8 9.0 5.0 2.5 2 0 2 3 3
-5925.2 3311.8 -7.4 265 0 17.6 12.7 7.5 2.5 2 0 3 0 0
-5916.1 3245.2 -6.4 271 0 14.5 13.1 5.0 2.5 2 0 2 0 0
-5968.0 3251.7 -3.7 70 0 6.8 16.1 7.5 2.5 4 1 3 4 4
-5885.8 3287.4 -9.4 184 0 12.3 15.6 5.0 2.5 2 1 2 5 5
-5891.3 3302.9 -9.5 186 0 11.9 17.9 5.0 2.5 2 1 2 1 1
-6500.6 3107.3 14.2 198 0 11.4 12.8 10.0 2.5 2 0 4 5 5
-6514.4 3111.8 13.1 202 0 12.3 13.3 7.5 2.5 2 0 3 3 3
-6492.0 3157.1 15.0 123 0 20.1 13.5 12.5 2.5 2 0 5 1 1
-6464.0 3142.5 16.5 119 0 14.1 15.5 10.0 2.5 2 1 4 3 3
-6493.6 3141.2 14.1 294 0 19.8 17.0 10.0 2.5 2 0 4 2 2
-6533.3 3064.1 10.9 69 0 5.7 9.9 7.5 2.5 2 1 3 1 1
-6409.6 3090.5 19.8 35 0 11.2 12.4 2.5 2.5 2 1 1 1 1
-6411.1 3079.6 20.7 228 0 20.7 10.5 5.0 2.5 2 0 2 0 0
-6409.5 3130.3 18.4 211 0 11.9 10.6 7.5 2.5 2 0 3 4 4
-6332.5 3181.4 17.5 45 0 9.0 11.3 7.5 2.5 2 1 3 0 0
-6352.9 3053.2 22.6 95 0 13.3 10.2 7.5 2.5 2 0 3 1 1
-6273.0 3041.6 18.9 287 0 12.7 13.3 10.0 2.5 2 1 4 2 2
-6227.8 3021.3 16.8 19 0 11.3 18.4 5.0 2.5 2 1 2 0 0
-6261.9 3348.7 12.4 330 0 11.4 9.9 7.5 0.0 0 0 3 4 4
-6479.5 3247.1 11.8 180 0 14.8 17.3 10.0 2.5 2 1 4 5 5
-6408.3 3220.5 14.3 290 0 8.9 12.0 5.0 2.5 2 1 2 3 3
-6475.7 3424.1 3.7 198 0 8.6 7.2 5.0 2.5 2 0 2 1 1
-6426.2 3492.1 1.1 299 0 17.2 11.1 7.5 2.5 2 0 3 0 0
-6506.1 3453.0 2.0 303 0 9.1 18.1 7.5 0.0 0 1 3 5 5
-6433.8 3282.9 10.7 6 0 10.4 11.3 7.5 2.5 2 1 3 0 0
-6336.6 3528.6 1.8 50 0 37.2 17.1 10.0 2.5 2 0 4 5 5
-6301.5 3380.3 9.8 343 0 10.3 11.5 7.5 2.5 2 1 3 2 2
-6241.5 3407.2 10.7 160 0 7.0 10.4 5.0 2.5 2 1 2 1 1
-6170.2 3308.4 13.1 336 0 9.9 18.8 2.5 2.5 2 1 1 3 3
-6360.8 3671.7 2.9 215 0 11.9 10.9 2.5 0.0 0 0 1 2 2
-6287.6 3733.5 7.5 275 0 16.6 18.4 10.0 0.0 0 1 4 1 1
-6287.2 3784.7 6.3 40 0 14.5 14.8 2.5 0.0 0 1 1 1 1
-6318.9 3809.1 3.7 218 0 10.1 12.7 5.0 2.5 2 1 2 5 5
-6300.4 3830.2 2.8 212 0 12.0 11.6 5.0 2.5 2 0 2 0 0
-6279.3 3816.6 4.1 32 0 7.4 13.6 5.0 2.5 2 0 2 5 5
-6287.8 3846.8 2.2 227 0 13.3 11.9 2.5 2.5 2 0 1 4 4
-6178.2 3764.5 17.2 238 0 18.6 15.6 10.0 2.5 2 0 4 1 1
-6165.5 3786.2 14.6 66 0 17.5 12.2 7.5 2.5 2 0 3 3 3
-6076.9 2740.6 -9.5 180 0 15.0 16.2 7.5 2.5 2 1 3 5 5
-6082.6 2710.8 -12.8 187 0 11.4 17.6 2.5 2.5 2 1 1 0 0
-6104.7 2711.7 -12.2 0 0 11.7 11.8 5.0 2.5 2 1 2 5 5
-5963.7 2787.6 -6.7 278 0 16.9 14.1 5.0 2.5 4 0 2 4 4
-5967.0 2740.7 -10.5 176 0 4.7 9.7 7.5 2.5 2 0 3 5 5
-5932.0 2724.1 -11.1 93 0 10.8 8.4 5.0 2.5 2 0 2 5 5
-5914.2 2757.2 -8.7 96 0 17.3 12.3 7.5 0.0 0 0 3 5 5
-5929.9 2787.9 -7.1 275 0 15.2 14.3 5.0 2.5 2 0 2 5 5
-5894.7 2702.6 -11.5 98 0 8.1 8.1 5.0 2.5 2 0 2 0 0
-5983.7 2884.5 3.8 286 0 19.0 19.4 15.0 0.0 0 1 6 3 3
-5879.8 2845.0 -1.3 286 0 11.8 11.4 7.5 2.5 2 0 3 5 5
-5867.9 2813.2 -6.0 275 0 10.8 19.9 10.0 2.5 2 1 4 2 2
-5889.6 2805.3 -5.9 270 0 9.2 14.8 5.0 2.5 2 0 2 3 3
-5889.2 2742.1 -9.4 100 0 13.9 12.5 5.0 2.5 2 0 2 0 0
-5873.7 2747.6 -8.8 91 0 14.9 10.7 5.0 2.5 2 0 2 4 4
-5852.6 2801.3 -6.0 274 0 12.2 10.9 7.5 2.5 2 0 3 0 0
-5828.6 2797.9 -6.2 273 0 25.5 16.9 15.0 0.0 0 0 6 0 0
-5855.4 2769.2 -7.9 266 0 12.4 12.8 5.0 2.5 2 0 2 3 3
-5855.2 2734.3 -9.1 91 0 12.0 22.2 10.0 2.5 2 0 4 1 1
-5827.9 2772.4 -7.8 273 0 17.5 20.4 10.0 2.5 4 1 4 1 1
-5862.1 2706.9 -10.8 103 0 14.7 11.7 7.5 2.5 2 0 3 2 2
-5770.6 2782.4 -7.6 271 0 21.5 17.0 12.5 2.5 2 0 5 1 1
-5778.0 2745.1 -9.8 262 0 13.9 16.5 10.0 2.5 2 1 4 1 1
-5757.7 2717.9 -10.7 77 0 11.5 9.7 2.5 2.5 2 0 1 0 0
-5698.9 2750.7 -10.3 0 0 16.7 15.4 10.0 2.5 2 0 4 0 0
-5724.7 2830.4 -7.8 261 0 8.3 15.5 5.0 0.0 0 1 2 3 3
-5778.2 2814.5 -5.3 258 0 18.3 13.1 5.0 2.5 2 0 2 0 0
-5783.1 2799.3 -6.1 254 0 13.9 14.2 7.5 2.5 2 0 3 0 0
-5690.5 2793.5 -10.1 268 0 23.0 15.5 10.0 2.5 2 0 4 2 2
-5764.6 2886.6 -6.2 0 0 14.6 13.8 10.0 2.5 2 0 4 1 1
-5878.9 3147.8 -6.2 5 0 12.5 10.5 2.5 2.5 2 0 1 5 5
-5859.7 3142.3 -7.2 12 0 13.0 11.5 5.0 2.5 2 0 2 5 5
-5831.5 2954.9 -4.9 267 0 8.0 7.0 5.0 2.5 2 0 2 0 0
-5771.7 3041.4 -8.8 358 0 12.2 10.9 7.5 0.0 0 0 3 1 1
-5778.0 2987.6 -7.5 358 0 8.6 8.2 2.5 2.5 2 0 1 0 0
-5682.5 2918.0 -10.4 276 0 22.2 16.3 7.5 2.5 2 0 3 5 5
-5715.0 3043.9 -11.3 271 0 16.0 17.1 12.5 2.5 2 1 5 1 1
-5646.3 2945.4 -12.7 192 0 13.9 17.5 5.0 2.5 2 1 2 5 5
-5635.7 2959.5 -13.1 195 0 9.4 14.2 7.5 2.5 2 1 3 1 1
-5555.5 2904.4 -15.6 88 0 11.9 9.7 2.5 2.5 2 0 1 0 0
-5603.1 2856.6 -13.5 308 0 8.8 8.8 5.0 2.5 2 0 2 3 3
-5659.3 2829.9 -11.1 272 0 14.2 15.1 10.0 2.5 2 1 4 4 4
-5616.0 2821.8 -13.9 185 0 26.8 18.6 12.5 2.5 2 0 5 0 0
-5581.3 2838.4 -14.9 268 0 15.0 5.4 7.5 0.0 0 0 3 2 2
-5557.1 2819.6 -15.9 6 0 10.8 22.7 10.0 2.5 2 1 4 2 2
-5641.8 2883.0 -11.5 267 0 8.0 21.5 7.5 2.5 2 1 3 4 4
-5639.4 3074.7 -14.8 2 0 25.6 13.9 10.0 2.5 2 0 4 5 5
-5538.6 2987.5 -17.6 86 0 17.2 20.9 10.0 2.5 2 1 4 1 1
-5530.2 2965.9 -17.3 266 0 17.6 15.7 5.0 0.0 0 0 2 4 4
-5541.8 3071.8 -18.6 283 0 10.9 13.1 2.5 2.5 2 1 1 1 1
-5474.4 2796.9 -19.4 272 0 10.9 12.6 5.0 2.5 2 1 2 4 4
-5497.1 2763.9 -18.7 190 0 11.5 11.1 10.0 2.5 2 0 4 3 3
-5444.2 2821.5 -20.9 180 0 15.3 12.3 2.5 2.5 2 0 1 3 3
-5770.7 3077.9 -9.8 180 0 11.5 9.6 2.5 2.5 2 0 1 0 0
278.6 6736.4 4.8 20 0 14.2 10.2 7.5 2.5 2 0 3 1 1
174.1 6660.1 -3.5 33 0 10.1 11.4 7.5 2.5 4 1 3 1 1
218.8 6697.5 -1.3 294 0 14.4 18.2 10.0 2.5 2 1 4 0 0
198.7 6660.0 -3.3 111 0 16.2 14.7 5.0 2.5 4 0 2 2 2
144.1 6693.8 -1.3 284 0 12.0 17.3 7.5 2.5 2 1 3 2 2
-306.7 6554.8 -10.4 2 0 16.7 9.3 5.0 2.5 2 0 2 1 1
-313.9 6539.7 -12.4 355 0 9.4 28.1 7.5 2.5 2 1 3 0 0
-132.2 6694.1 1.4 1 0 14.4 15.9 7.5 2.5 2 1 3 3 3
-41.7 6652.7 5.0 294 0 7.3 12.9 5.0 2.5 2 1 2 5 5
-84.3 6635.6 6.2 90 0 12.8 11.4 7.5 2.5 2 0 3 2 2
-209.8 6780.7 -5.9 185 0 15.8 14.2 5.0 2.5 4 0 2 0 0
-156.8 6780.6 -3.7 284 0 14.8 10.2 10.0 2.5 2 0 4 3 3
-168.0 6733.2 -2.1 105 0 14.9 14.3 5.0 2.5 4 0 2 1 1
-160.1 6761.9 -2.8 286 0 14.0 11.1 5.0 2.5 2 0 2 3 3
-215.1 6673.7 -3.6 286 0 14.4 11.9 5.0 2.5 2 0 2 1 1
-313.9 6697.5 -11.2 2 0 7.2 10.5 5.0 2.5 2 1 2 0 0
-268.3 6654.2 -7.0 200 0 10.8 10.9 7.5 2.5 2 1 3 5 5
-282.4 6638.0 -8.0 200 0 10.0 8.8 7.5 2.5 2 0 3 2 2
-340.9 6681.3 -12.4 182 0 9.2 9.3 2.5 2.5 2 1 1 5 5
-369.3 6627.7 -14.5 186 0 10.5 10.1 5.0 2.5 2 0 2 4 4
-377.3 6595.0 -14.3 95 0 11.5 12.3 7.5 2.5 2 1 3 2 2
-1313.0 -6134.8 -25.1 270 0 18.1 23.1 7.5 2.5 2 0 3 0 0
-5197.7 3935.8 -17.3 12 0 25.0 12.0 14.0 3.5 2 0 4 0 0
-4581.8 4222.2 -11.3 29 0 14.1 8.4 10.5 3.5 2 0 3 1 1
-5641.5 -606.3 -9.1 251 0 18.6 15.7 2.5 0.0 0 0 1 3 3
-4579.4 4148.8 -12.4 273 0 17.1 23.6 17.5 3.5 2 1 5 2 2
1929.0 -3891.6 12.4 92 0 13.9 8.8 5.0 2.5 2 0 2 4 4
1910.9 -4007.1 8.5 19 0 14.5 11.6 2.5 2.5 2 0 1 3 3
1861.3 -4080.7 9.2 23 0 10.1 10.3 2.5 2.5 4 1 1 0 0
1926.6 -3323.5 -0.6 91 0 10.1 13.7 5.0 2.5 2 1 2 5 5
1719.4 -3496.6 -20.0 260 0 11.8 12.8 7.5 2.5 2 1 3 4 4
1758.3 -3614.8 -15.7 4 0 11.9 12.8 5.0 2.5 2 1 2 4 4
1715.3 -3609.1 -20.0 272 0 16.3 11.3 7.5 2.5 2 0 3 1 1
1662.2 -3510.0 -21.3 258 0 11.5 12.8 7.5 0.0 0 1 3 2 2
1464.9 -3557.8 -29.6 326 0 13.2 15.7 7.5 2.5 2 1 3 0 0
1382.8 -3497.7 -24.8 229 0 9.3 16.5 5.0 2.5 2 1 2 4 4
1418.1 -3522.3 -26.7 4 0 8.7 10.6 7.5 2.5 2 1 3 2 2
1288.7 -3333.9 -35.1 328 0 11.7 14.7 2.5 2.5 2 1 1 5 5
1161.9 -3386.7 -36.5 192 0 7.9 10.2 5.0 2.5 2 1 2 5 5
1165.6 -3441.9 -34.5 90 0 9.9 9.1 5.0 0.0 0 0 2 3 3
1235.5 -3380.4 -35.1 171 0 8.7 9.7 5.0 2.5 2 1 2 5 5
1275.6 -3474.0 -28.0 276 0 8.8 11.3 7.5 2.5 4 1 3 5 5
207.6 -3408.4 -15.6 90 0 12.1 10.4 5.0 2.5 2 0 2 1 1
147.7 -3478.7 -20.0 84 0 11.7 12.9 10.0 2.5 2 1 4 2 2
131.4 -3455.6 -20.3 270 0 8.3 12.0 5.0 2.5 4 1 2 1 1
6.7 -3508.1 -25.3 199 0 10.1 8.2 7.5 2.5 2 0 3 5 5
6.4 -3410.3 -23.6 269 0 9.1 13.2 5.0 2.5 2 1 2 5 5
-145.3 -3310.3 -20.9 258 0 10.0 29.5 7.5 2.5 2 1 3 2 2
-90.4 -3401.0 -26.3 0 0 9.3 9.5 5.0 2.5 2 1 2 5 5
-177.2 -3465.6 -19.9 106 0 9.2 33.0 7.5 0.0 0 1 3 3 3
-6051.1 -532.7 -13.4 4 0 23.2 38.5 17.5 0.0 0 1 7 0 0
2004.1 4058.5 -19.2 105 0 5.6 14.3 2.5 0.0 0 1 1 2 2
1995.7 4070.5 -18.8 103 0 12.7 8.2 5.0 2.5 2 0 2 0 0
2016.8 4059.5 -19.0 107 0 14.7 24.3 10.0 2.5 2 1 4 4 4
2066.7 4034.0 -19.6 116 0 8.9 10.6 5.0 2.5 2 1 2 4 4
2090.1 4076.3 -18.3 290 0 11.0 15.5 2.5 2.5 2 1 1 3 3
2058.2 3958.8 -20.2 347 0 13.1 15.2 7.5 2.5 2 1 3 3 3
2137.7 3896.8 -14.6 96 0 12.3 33.2 7.5 2.5 2 1 3 4 4
2152.9 3897.1 -15.7 90 0 10.3 36.5 12.5 2.5 2 1 5 5 5
2163.8 3987.8 -14.3 275 0 15.2 12.5 5.0 2.5 2 0 2 5 5
2182.0 3979.9 -15.7 270 0 14.5 14.1 5.0 2.5 2 0 2 1 1
2123.8 4012.3 -18.2 87 0 10.3 10.9 5.0 2.5 2 1 2 4 4
2174.5 4053.7 -17.0 9 0 39.9 15.1 12.5 2.5 2 0 5 4 4
2243.3 4017.1 -19.3 271 0 12.8 10.8 2.5 2.5 2 0 1 5 5
2298.5 4012.5 -22.6 2 0 11.6 13.5 5.0 2.5 2 1 2 0 0
2289.0 4062.2 -21.7 284 0 10.6 18.2 10.0 2.5 2 1 4 1 1
2390.9 3997.7 -29.0 11 0 21.1 17.0 12.5 2.5 2 0 5 0 0
2362.6 4016.3 -27.7 96 0 10.3 23.2 10.0 0.0 0 1 4 4 4
2411.2 4077.5 -30.6 270 0 15.2 11.7 7.5 0.0 0 0 3 0 0
2293.2 4132.2 -22.3 13 0 22.2 16.4 12.5 2.5 2 0 5 2 2
2203.3 4085.4 -16.7 185 0 10.9 19.8 5.0 2.5 4 1 2 1 1
2161.7 4097.6 -16.6 1 0 15.0 11.4 10.0 2.5 2 0 4 5 5
2781.4 4122.9 -26.7 182 0 14.4 14.7 7.5 2.5 2 1 3 3 3
2842.7 4099.0 -23.3 4 0 11.1 13.7 5.0 2.5 2 1 2 1 1
2842.8 4022.4 -23.0 90 0 13.5 13.5 2.5 2.5 4 0 1 4 4
2825.3 4050.8 -24.3 271 0 12.3 15.7 5.0 2.5 2 1 2 0 0
3045.4 4236.6 -18.6 270 0 12.2 29.3 10.0 2.5 2 1 4 0 0
3048.0 4258.6 -20.3 103 0 24.1 10.6 2.5 2.5 2 0 1 1 1
3079.2 4265.4 -19.7 13 0 27.9 16.0 7.5 2.5 2 0 3 2 2
3155.8 4408.5 -22.0 10 0 14.4 13.1 7.5 2.5 2 0 3 3 3
3209.5 4405.9 -22.1 89 0 18.5 20.7 12.5 0.0 0 1 5 2 2
3249.8 4440.7 -24.0 346 0 10.3 16.3 7.5 2.5 2 1 3 1 1
3277.6 4426.3 -26.3 188 0 14.2 11.6 2.5 2.5 2 0 1 1 1
3283.3 4328.5 -26.4 89 0 12.9 13.7 5.0 2.5 2 1 2 3 3
3357.2 4378.0 -30.8 270 0 15.7 20.3 10.0 2.5 2 1 4 1 1
3355.9 4394.6 -30.7 93 0 16.6 17.7 7.5 2.5 4 1 3 5 5
3399.2 4416.0 -30.6 2 0 11.2 13.4 5.0 2.5 2 1 2 0 0
3441.5 4465.1 -28.8 93 0 17.2 15.9 12.5 2.5 4 0 5 1 1
3518.2 4562.7 -26.7 264 0 12.9 18.0 5.0 2.5 2 1 2 5 5
3591.3 4516.1 -28.2 85 0 16.5 21.3 5.0 0.0 0 1 2 4 4
3644.7 4519.3 -29.5 269 0 13.6 13.9 5.0 2.5 2 1 2 3 3
3708.4 4538.6 -32.9 301 0 10.8 25.2 10.0 0.0 0 1 4 5 5
2402.6 5291.6 -32.5 124 0 13.8 13.6 10.0 2.5 2 0 4 2 2
2446.9 5248.4 -30.6 181 0 24.8 43.0 12.5 0.0 0 1 5 1 1
2472.4 5182.1 -27.9 170 0 11.7 13.6 5.0 2.5 2 1 2 2 2
2500.0 5100.0 -25.7 279 0 13.4 11.4 5.0 2.5 2 0 2 2 2
2596.5 5203.6 -30.7 187 0 13.7 15.8 10.0 0.0 0 1 4 5 5
2649.1 5165.6 -32.3 358 0 9.7 16.4 5.0 2.5 2 1 2 0 0
2699.8 4990.6 -36.0 121 0 21.1 25.6 10.0 0.0 0 1 4 4 4
2752.8 5045.9 -37.3 299 0 14.7 19.3 10.0 2.5 2 1 4 3 3
2683.2 5508.7 -21.8 9 0 18.6 11.9 5.0 0.0 0 0 2 5 5
-5028.3 -4906.6 -15.9 0 0 7.4 12.3 7.5 2.5 2 1 3 2 2
-4989.6 -5372.4 -1.9 94 0 9.7 13.2 5.0 2.5 4 1 2 0 0
-5056.9 -5202.3 -8.2 90 0 10.5 13.4 2.5 2.5 2 1 1 1 1
-5017.5 -5137.3 -8.2 0 0 9.5 14.0 2.5 0.0 0 1 1 5 5
-5824.5 -6502.1 -21.6 112 0 9.5 15.8 5.0 2.5 2 1 2 2 2
-5828.2 -6501.7 -21.7 111 0 16.8 25.0 10.0 2.5 2 1 4 2 2
-4207.8 4852.4 19.3 19 0 10.0 19.1 14.0 3.5 2 0 4 1 1
-5322.4 6187.3 -8.4 35 0 14.7 16.2 5.0 0.0 0 1 2 1 1
-4206.8 4856.3 19.3 17 0 17.7 18.9 14.0 3.5 2 0 4 4 4
-1923.4 2895.5 -7.1 198 0 11.0 7.7 7.5 2.5 2 0 3 0 0
-1834.6 3034.4 -14.5 110 0 7.6 16.9 5.0 2.5 4 1 2 5 5
-1900.9 2941.2 -10.8 201 0 7.8 16.6 5.0 2.5 2 1 2 1 1
-1818.2 3091.6 -16.1 247 0 13.0 17.9 7.5 2.5 2 1 3 5 5
-6321.4 -2245.1 -15.5 86 0 11.2 8.0 7.5 2.5 2 0 3 5 5
-6043.6 -2332.7 -12.6 110 0 11.8 14.0 7.5 2.5 2 1 3 5 5
-6242.1 -3330.0 -26.4 267 0 398.3 268.4 12.5 0.0 0 0 5 1 1
-6445.7 -2454.3 -4.9 83 0 17.4 16.8 10.0 2.5 4 0 4 4 4
2843.8 -6697.4 -33.1 98 0 17.5 15.1 5.0 2.5 2 0 2 3 3
-5337.5 -6829.5 -13.8 99 0 12.9 14.9 12.5 2.5 2 1 5 4 4
-5463.8 -6775.0 -19.2 212 0 15.7 12.5 7.5 2.5 2 0 3 2 2
-5374.4 -6815.2 -16.0 107 0 5.2 6.5 2.5 2.5 2 1 1 1 1
-5390.7 -6682.1 -8.1 176 0 12.7 14.1 5.0 0.0 0 1 2 3 3
-5248.9 -6798.8 -11.1 16 0 24.6 20.5 12.5 2.5 2 0 5 5 5
-5243.7 -6750.8 -10.4 299 0 15.5 19.7 12.5 2.5 2 1 5 0 0
-6299.1 -6740.2 -11.8 0 0 18.6 21.0 10.0 2.5 2 1 4 0 0
-6321.1 -6696.7 -15.0 359 0 22.3 14.4 15.0 0.0 0 0 6 3 3
-6420.7 -6554.7 -24.1 190 0 13.9 12.7 5.0 2.5 2 0 2 0 0
-6365.6 -6681.4 -14.6 265 0 13.0 15.7 5.0 2.5 2 1 2 1 1
-6488.3 -6554.6 -18.8 7 0 10.7 10.2 7.5 2.5 2 0 3 0 0
-6479.3 -6621.2 -14.0 298 0 10.3 13.5 7.5 2.5 2 1 3 5 5
-6531.9 -6625.2 -9.9 250 0 9.0 11.0 7.5 2.5 4 1 3 1 1
-6526.5 -6682.7 -8.6 108 0 8.5 9.1 7.5 2.5 2 1 3 1 1
-6276.1 -6559.2 -28.1 88 0 12.8 19.4 5.0 2.5 2 1 2 1 1
-6307.0 -6553.9 -27.8 79 0 14.7 19.2 12.5 0.0 0 1 5 0 0
-6294.7 -6499.6 -31.1 206 0 10.2 15.3 7.5 2.5 2 1 3 1 1
-6269.6 -6469.0 -34.8 257 0 17.3 19.4 12.5 2.5 2 1 5 4 4
-6235.8 -6506.3 -33.9 102 0 12.7 15.4 7.5 2.5 2 1 3 4 4
-6140.1 -6560.0 -31.8 17 0 13.4 11.8 2.5 2.5 2 0 1 1 1
-6143.3 -6629.5 -25.0 183 0 12.0 10.4 2.5 2.5 2 0 1 1 1
-6073.5 -6586.6 -32.2 0 0 11.3 9.3 7.5 2.5 2 0 3 4 4
-5998.8 -6645.1 -34.7 19 0 8.4 28.3 7.5 2.5 2 1 3 0 0
-5946.3 -6534.2 -34.6 282 0 17.6 14.4 10.0 2.5 2 0 4 3 3
-5873.8 -6536.4 -30.2 277 0 12.3 18.4 5.0 2.5 4 1 2 5 5
-5843.2 -6381.4 -11.9 351 0 18.8 12.4 7.5 2.5 2 0 3 3 3
-5866.8 -6323.3 -7.1 265 0 10.4 13.0 5.0 2.5 2 1 2 2 2
-5890.8 -6491.7 -24.5 175 0 10.9 13.0 7.5 0.0 0 1 3 1 1
-5677.9 -6382.8 -13.1 187 0 16.1 15.6 12.5 2.5 4 0 5 5 5
-5666.2 -6550.7 -24.3 174 0 14.6 15.0 7.5 2.5 4 1 3 1 1
-5610.5 -6567.6 -22.0 87 0 15.8 16.9 12.5 2.5 2 1 5 1 1
-5588.7 -6531.8 -20.1 268 0 12.7 10.8 5.0 2.5 2 0 2 3 3
-5583.6 -6441.4 -17.8 6 0 11.3 12.2 5.0 2.5 2 1 2 1 1
-5635.5 -6443.0 -17.7 95 0 11.9 13.5 7.5 2.5 2 1 3 4 4
-5562.5 -6395.6 -14.5 8 0 12.2 8.4 7.5 2.5 2 0 3 1 1
-5522.9 -6461.2 -15.6 293 0 16.2 24.9 12.5 0.0 0 1 5 2 2
-5527.5 -6509.8 -16.5 12 0 12.0 13.6 5.0 0.0 0 1 2 2 2
-5528.1 -6531.8 -17.2 3 0 17.4 12.6 7.5 2.5 2 0 3 4 4
-5539.8 -6664.9 -20.4 188 0 12.4 20.1 7.5 2.5 4 1 3 3 3
-6049.0 -6319.7 -12.2 105 0 9.1 11.6 5.0 2.5 4 1 2 5 5
-6080.4 -6186.6 -16.7 90 0 15.4 13.1 5.0 2.5 2 0 2 1 1
475.4 -2333.3 -26.8 106 0 10.4 11.9 5.0 2.5 2 1 2 2 2
418.3 -2306.9 -26.3 268 0 10.5 9.4 2.5 2.5 2 0 1 3 3
-120.9 -2692.2 -29.4 104 0 11.9 13.4 2.5 2.5 2 1 1 0 0
-166.2 -2774.7 -25.7 101 0 13.1 16.8 2.5 2.5 2 1 1 2 2
-90.1 -2666.0 -30.3 284 0 13.2 17.2 7.5 2.5 2 1 3 3 3
-6428.8 -6800.6 -13.0 334 0 16.2 15.8 7.5 2.5 2 0 3 3 3
-4679.4 -2075.1 6.8 110 0 11.1 10.4 2.5 2.5 2 0 1 1 1
4853.7 6692.6 -20.6 87 0 9.1 14.3 2.5 2.5 2 1 1 3 3
4678.4 6770.7 -22.6 259 0 14.1 18.0 10.0 2.5 2 1 4 3 3
4713.3 6652.2 -18.9 93 0 13.8 10.8 7.5 2.5 2 0 3 3 3
4905.5 6783.7 -25.0 180 0 9.3 18.8 7.5 2.5 2 1 3 4 4
4526.5 6694.3 -8.6 260 0 10.0 16.4 7.5 2.5 2 1 3 4 4
