-4420.4 -5244.6 230.0 285 0 61.0 60.2 12.5 0.0 0 0 5 3 3
-4682.4 5383.7 -231.4 57 0 54.3 39.8 10.0 0.0 0 0 4 0 0
-4397.2 5455.5 -235.3 98 0 23.3 21.2 12.5 2.5 2 0 5 4 4
-4294.1 5571.9 -237.5 13 0 34.7 10.8 7.5 2.5 2 0 3 1 1
-4287.1 5610.3 -237.6 12 0 31.5 10.5 7.5 2.5 2 0 3 1 1
-4609.0 5183.1 -229.7 359 0 49.7 21.6 10.0 0.0 0 0 4 5 5
-4737.1 5154.2 -228.3 89 0 18.1 21.5 7.5 2.5 2 1 3 3 3
-4866.0 5080.3 -228.6 181 0 42.6 35.2 10.0 0.0 0 0 4 4 4
-4731.4 5450.2 -231.3 280 0 28.0 69.1 7.5 0.0 0 1 3 1 1
-4881.9 5397.4 -230.6 183 0 31.0 119.7 7.5 0.0 0 1 3 2 2
-5316.7 5569.6 -233.3 269 0 48.9 31.2 7.5 0.0 0 0 3 4 4
-5188.8 5143.1 -230.8 342 0 14.9 34.1 10.0 2.5 2 1 4 4 4
