6905.3 -6651.9 -77.2 186 0 52.8 77.2 12.5 0.0 0 0 5 1 1
-284.8 -5469.5 -18.7 242 0 17.1 20.4 10.0 2.5 2 1 4 4 4
-225.8 -5439.9 -11.8 35 0 13.6 10.7 5.0 2.5 2 0 2 0 0
-472.6 -5707.2 -37.7 83 0 6.1 5.5 5.0 0.0 0 0 2 1 1
-1201.8 -5375.9 -61.6 63 0 22.6 30.9 10.0 0.0 0 1 4 4 4
-1241.1 -5304.1 -59.6 174 0 24.3 16.6 10.0 2.5 2 0 4 1 1
-1208.5 -5247.8 -57.9 330 0 17.6 31.4 10.0 2.5 2 1 4 1 1
-1188.8 -5213.2 -57.9 9 0 29.6 10.4 10.0 2.5 2 0 4 5 5
-1083.7 -5398.3 -67.5 140 0 28.1 18.9 10.0 2.5 2 0 4 3 3
-1164.2 -5245.3 -62.4 184 0 21.1 12.2 10.0 2.5 2 0 4 0 0
-1178.9 -5161.4 -59.5 9 0 29.5 13.5 12.5 2.5 2 0 5 0 0
-1163.1 -5096.6 -61.5 10 0 19.1 14.3 10.0 2.5 2 0 4 4 4
-1148.1 -5057.6 -63.2 14 0 27.8 13.9 12.5 2.5 2 0 5 1 1
-1131.1 -4985.1 -60.9 14 0 29.1 10.8 10.0 2.5 2 0 4 5 5
143.8 -4782.2 -21.3 283 0 9.0 6.1 5.0 2.5 2 0 2 5 5
195.6 -4800.0 -28.7 11 0 9.5 12.0 2.5 2.5 2 1 1 2 2
44.8 -4570.1 -9.8 105 0 15.2 13.4 10.0 2.5 2 0 4 2 2
808.5 -3689.0 -69.5 350 0 24.9 10.8 12.5 2.5 2 0 5 4 4
802.1 -3660.2 -68.9 350 0 25.5 9.7 7.5 2.5 2 0 3 3 3
1604.9 -6717.0 -64.5 179 0 10.1 15.8 10.0 0.0 0 1 4 1 1
768.1 -3844.5 -67.9 65 0 8.7 20.9 5.0 2.5 2 1 2 3 3
835.1 -3649.3 -66.1 215 0 11.2 21.4 5.0 2.5 2 1 2 1 1
854.7 -3672.4 -65.5 122 0 7.7 11.4 5.0 2.5 2 1 2 1 1
897.8 -3698.8 -62.7 108 0 22.6 11.3 17.5 0.0 0 0 7 4 4
6391.4 -6002.6 -78.0 179 0 18.8 10.2 5.0 0.0 0 0 2 1 1
6447.3 -5983.0 -76.8 274 0 9.9 6.7 7.5 2.5 2 0 3 5 5
6478.2 -5990.7 -78.3 270 0 8.8 17.5 7.5 2.5 2 1 3 5 5
6530.3 -5962.7 -80.2 104 0 12.9 13.8 5.0 2.5 2 1 2 1 1
6588.5 -5963.3 -80.4 98 0 21.7 14.8 10.0 2.5 2 0 4 2 2
6589.5 -5921.3 -80.7 293 0 12.1 9.5 5.0 2.5 2 0 2 0 0
6615.1 -5914.0 -80.8 282 0 10.6 7.6 5.0 2.5 2 0 2 1 1
6612.1 -6013.5 -79.7 285 0 15.3 14.4 7.5 2.5 2 0 3 0 0
6355.7 -4583.4 -47.2 107 0 13.6 64.4 12.5 2.5 2 1 5 3 3
6385.5 -4492.9 -48.8 287 0 15.7 25.1 12.5 2.5 2 1 5 1 1
6279.5 -4354.5 -60.9 100 0 11.6 10.6 7.5 2.5 4 0 3 2 2
6037.8 -4358.0 -48.9 106 0 9.6 17.7 7.5 2.5 4 1 3 3 3
5848.3 -4531.7 -61.8 4 0 11.6 12.0 5.0 0.0 0 1 2 5 5
6082.3 -4282.8 -43.9 169 0 10.2 22.0 5.0 0.0 0 1 2 2 2
6181.7 -4544.6 -59.4 99 0 17.2 15.7 10.0 2.5 2 0 4 2 2
6080.6 -4712.1 -61.5 132 0 57.5 7.2 7.5 2.5 2 0 3 4 4
6234.5 -4791.6 -69.6 266 0 11.6 12.3 7.5 0.0 0 1 3 2 2
6031.1 -4809.8 -66.1 260 0 10.7 11.9 5.0 2.5 2 1 2 0 0
5956.0 -4797.1 -61.1 137 0 15.3 15.9 7.5 2.5 2 1 3 0 0
5919.4 -4762.0 -56.6 1 0 10.5 19.3 5.0 2.5 2 1 2 2 2
5919.8 -4726.0 -56.5 359 0 13.6 14.7 10.0 2.5 4 1 4 0 0
5932.1 -4719.2 -59.4 170 0 7.4 13.0 5.0 2.5 2 1 2 3 3
5931.1 -4688.9 -58.0 71 0 8.0 14.6 5.0 2.5 2 1 2 0 0
5941.5 -4821.4 -57.1 315 0 13.4 17.9 7.5 2.5 2 1 3 5 5
6015.2 -4815.3 -64.4 253 0 10.1 12.3 5.0 2.5 2 1 2 1 1
5864.3 -4401.8 -58.5 270 0 4.9 6.5 5.0 2.5 2 1 2 3 3
5832.7 -4290.8 -52.7 358 0 8.8 7.1 2.5 2.5 2 0 1 0 0
5820.5 -4312.9 -54.5 170 0 7.4 6.6 7.5 2.5 4 0 3 4 4
6342.3 -4415.7 -58.8 117 0 4.8 11.0 2.5 2.5 4 1 1 3 3
5870.7 -4595.3 -60.9 182 0 10.9 10.7 7.5 2.5 2 0 3 4 4
5846.4 -4254.1 -49.1 9 0 7.6 10.5 2.5 2.5 2 1 1 5 5
5651.5 -213.0 -17.9 171 0 4.6 8.3 7.5 2.5 2 1 3 4 4
5724.4 -1208.1 -61.8 99 0 18.5 11.5 7.5 2.5 4 0 3 1 1
5752.0 -1119.4 -61.4 359 0 28.9 10.8 10.0 0.0 0 0 4 1 1
5795.9 -1033.0 -56.7 360 0 24.1 9.3 7.5 2.5 4 0 3 0 0
5789.5 -1066.0 -57.8 358 0 26.9 10.3 10.0 2.5 2 0 4 0 0
5768.8 -1080.8 -60.6 1 0 11.3 27.3 12.5 2.5 2 1 5 2 2
5767.5 -1062.3 -60.2 359 0 10.8 25.7 15.0 0.0 0 1 6 1 1
5768.3 -1045.3 -59.8 360 0 11.0 24.8 12.5 2.5 4 1 5 0 0
5771.4 -1004.4 -58.7 8 0 10.5 24.0 15.0 0.0 0 1 6 3 3
5761.7 -919.8 -56.9 9 0 9.8 25.7 7.5 2.5 2 1 3 0 0
5771.0 -885.2 -55.0 279 0 27.6 9.7 7.5 2.5 2 0 3 0 0
5739.1 -879.0 -55.8 280 0 9.9 26.8 7.5 0.0 0 1 3 3 3
5891.4 -1195.2 -52.6 89 0 13.7 9.0 2.5 2.5 2 0 1 3 3
5854.8 -1184.2 -54.7 89 0 6.6 8.1 7.5 2.5 2 1 3 3 3
6050.5 -926.8 -42.0 97 0 23.5 8.9 7.5 2.5 2 0 3 4 4
6009.9 -923.3 -40.9 97 0 25.6 8.1 5.0 2.5 4 0 2 3 3
5947.0 -959.1 -45.7 25 0 10.3 26.9 10.0 2.5 2 1 4 1 1
5894.3 -944.7 -48.3 92 0 27.9 16.2 15.0 0.0 0 0 6 4 4
5875.5 -979.3 -50.4 272 0 26.0 12.8 10.0 2.5 2 0 4 5 5
5809.1 -978.1 -54.1 180 0 28.8 10.8 12.5 2.5 2 0 5 0 0
5807.8 -1023.0 -55.0 177 0 30.6 11.3 12.5 2.5 4 0 5 2 2
5813.7 -1071.1 -55.6 89 0 11.1 26.6 12.5 2.5 2 1 5 3 3
1604.2 -4220.4 -64.8 10 0 4.9 13.2 5.0 2.5 2 1 2 3 3
1591.0 -4173.6 -61.8 182 0 6.7 10.7 7.5 2.5 2 1 3 2 2
1577.4 -4186.9 -61.4 294 0 4.4 10.6 7.5 2.5 2 1 3 1 1
6649.6 -5988.5 -80.3 93 0 9.6 21.3 2.5 2.5 2 1 1 2 2
6703.1 -6005.6 -80.1 179 0 11.1 10.9 5.0 2.5 2 0 2 5 5
6735.1 -5942.4 -80.7 117 0 11.1 15.8 7.5 2.5 2 1 3 4 4
6728.0 -5960.1 -80.6 299 0 11.4 14.7 2.5 2.5 2 1 1 2 2
6813.8 -5924.5 -80.0 199 0 11.2 9.7 5.0 2.5 4 0 2 4 4
6855.6 -5938.4 -79.9 16 0 12.3 17.5 5.0 2.5 2 1 2 5 5
6847.3 -5956.8 -80.2 8 0 8.2 9.6 5.0 2.5 2 1 2 5 5
6882.8 -5940.1 -79.4 195 0 13.4 13.5 2.5 2.5 2 1 1 0 0
6891.4 -5912.5 -78.3 204 0 6.9 18.9 7.5 2.5 2 1 3 3 3
6910.6 -5901.7 -77.7 298 0 18.4 7.7 5.0 0.0 0 0 2 3 3
6885.6 -5877.8 -77.1 25 0 10.2 12.1 5.0 2.5 2 1 2 5 5
6701.7 -5892.2 -80.7 23 0 8.1 9.3 2.5 2.5 2 1 1 4 4
6652.2 -5881.1 -81.0 98 0 13.3 9.2 5.0 2.5 2 0 2 1 1
6625.5 -5822.0 -79.5 280 0 5.7 7.4 2.5 0.0 0 1 1 1 1
6603.4 -5861.3 -81.2 101 0 8.8 14.1 7.5 2.5 2 1 3 1 1
6543.9 -5841.5 -81.4 114 0 11.4 13.9 7.5 2.5 2 1 3 4 4
6431.8 -5851.2 -78.8 268 0 7.3 25.2 7.5 2.5 2 1 3 1 1
6401.5 -5846.8 -78.0 196 0 13.8 9.2 5.0 0.0 0 0 2 1 1
6402.4 -5797.8 -77.7 296 0 10.8 10.3 2.5 2.5 4 0 1 1 1
6419.9 -5768.2 -78.0 29 0 14.5 11.5 5.0 2.5 2 0 2 5 5
6464.2 -5770.5 -79.1 294 0 7.2 10.0 5.0 2.5 2 1 2 0 0
6672.0 -5755.4 -75.4 12 0 13.3 11.5 7.5 2.5 2 0 3 5 5
6785.6 -5714.6 -71.6 270 0 10.9 13.0 7.5 2.5 2 1 3 0 0
6854.1 -5753.9 -71.6 101 0 9.7 13.0 5.0 2.5 2 1 2 5 5
6846.4 -5683.7 -68.5 180 0 11.8 11.4 5.0 2.5 2 0 2 3 3
6903.5 -5710.4 -68.8 12 0 10.1 7.8 5.0 2.5 2 0 2 2 2
6907.4 -5746.1 -70.5 17 0 11.1 6.7 5.0 2.5 2 0 2 4 4
6901.5 -5760.4 -71.2 18 0 8.7 6.6 7.5 2.5 2 0 3 0 0
6880.3 -5768.2 -71.8 99 0 7.2 7.2 5.0 2.5 2 1 2 1 1
6875.2 -5626.3 -65.1 14 0 10.9 9.6 7.5 2.5 2 0 3 1 1
6887.9 -5588.3 -63.2 285 0 7.7 10.3 5.0 2.5 2 1 2 2 2
6822.9 -5647.6 -66.8 102 0 7.0 6.4 7.5 2.5 4 0 3 1 1
6816.0 -5616.2 -65.5 198 0 7.3 6.6 5.0 2.5 2 0 2 5 5
6785.3 -5576.4 -65.0 191 0 7.1 10.0 7.5 2.5 2 1 3 5 5
6788.8 -5637.0 -67.1 195 0 8.8 5.5 5.0 2.5 4 0 2 2 2
6770.1 -5533.8 -65.4 181 0 9.3 11.6 2.5 2.5 2 1 1 2 2
6745.1 -5549.9 -67.4 288 0 4.9 9.8 5.0 2.5 2 1 2 5 5
6704.2 -5567.9 -69.8 208 0 15.9 14.3 5.0 2.5 2 0 2 3 3
6686.1 -5593.1 -71.1 103 0 10.9 13.8 7.5 2.5 2 1 3 5 5
6644.0 -5541.0 -71.2 4 0 8.2 9.6 7.5 2.5 2 1 3 4 4
6595.6 -5625.3 -73.7 89 0 10.9 11.7 7.5 2.5 2 1 3 4 4
6559.9 -5630.2 -73.5 179 0 8.9 9.2 7.5 0.0 0 1 3 4 4
6469.8 -5542.3 -68.3 201 0 9.3 12.5 5.0 2.5 2 1 2 4 4
6457.4 -5633.1 -71.8 221 0 10.0 10.7 7.5 2.5 2 1 3 2 2
6493.1 -5498.2 -67.1 295 0 9.9 17.0 7.5 0.0 0 1 3 1 1
6745.0 -5496.0 -66.5 183 0 9.2 9.3 7.5 2.5 4 1 3 2 2
6403.2 -6390.2 -75.0 264 0 10.1 10.8 2.5 2.5 2 1 1 3 3
6403.1 -6363.4 -75.4 83 0 13.9 11.0 7.5 2.5 4 0 3 2 2
6388.8 -6320.5 -75.2 175 0 11.4 9.1 5.0 2.5 2 0 2 5 5
6402.6 -6320.4 -75.8 177 0 10.2 5.2 5.0 2.5 2 0 2 1 1
6399.4 -6486.4 -74.1 5 0 10.8 13.7 7.5 2.5 2 1 3 4 4
6470.2 -6467.0 -74.7 90 0 9.2 15.8 5.0 2.5 2 1 2 5 5
6451.1 -6447.4 -74.5 87 0 12.9 7.2 7.5 2.5 2 0 3 0 0
6450.4 -6437.4 -74.6 90 0 15.9 12.0 5.0 2.5 2 0 2 5 5
6409.3 -6587.1 -72.5 176 0 11.7 12.4 5.0 2.5 2 1 2 3 3
6487.5 -6319.8 -76.1 89 0 12.3 11.9 2.5 2.5 2 0 1 5 5
6488.1 -6333.9 -75.9 84 0 10.2 7.3 7.5 2.5 2 0 3 0 0
6551.2 -6447.0 -75.4 86 0 11.4 16.9 2.5 2.5 4 1 1 1 1
6603.0 -6515.1 -74.8 1 0 9.8 8.8 5.0 2.5 2 0 2 1 1
6595.5 -6448.8 -75.7 270 0 11.0 15.3 5.0 0.0 0 1 2 0 0
6610.6 -6439.8 -75.9 93 0 10.5 13.0 7.5 2.5 4 1 3 1 1
6692.0 -6482.7 -76.2 90 0 13.2 23.6 12.5 0.0 0 1 5 5 5
6798.3 -6589.2 -75.4 304 0 14.7 16.3 7.5 2.5 2 1 3 0 0
6515.1 -6225.2 -77.1 268 0 14.8 15.9 2.5 2.5 2 1 1 1 1
6539.5 -6202.5 -77.5 181 0 10.8 14.3 5.0 2.5 2 1 2 1 1
6756.1 -6297.2 -76.8 87 0 19.1 24.1 5.0 2.5 2 1 2 3 3
6772.7 -6233.0 -77.4 178 0 18.8 21.9 10.0 2.5 4 1 4 2 2
6628.6 -6100.6 -78.9 180 0 12.9 11.8 5.0 2.5 2 0 2 0 0
6706.4 -6070.1 -79.5 182 0 15.8 17.7 10.0 2.5 4 1 4 4 4
6763.7 -6110.5 -79.2 90 0 19.1 15.4 7.5 2.5 2 0 3 3 3
6624.9 -6274.9 -76.9 358 0 15.4 18.1 10.0 2.5 2 1 4 3 3
6602.1 -6352.9 -75.8 89 0 21.0 14.9 10.0 2.5 4 0 4 2 2
6632.4 -6328.8 -76.1 355 0 14.6 13.8 5.0 2.5 2 0 2 1 1
6802.7 -6303.3 -77.0 273 0 13.8 12.9 7.5 2.5 2 0 3 5 5
6793.8 -6260.1 -77.1 82 0 13.1 15.5 2.5 2.5 2 1 1 4 4
6870.4 -6046.3 -80.4 183 0 9.1 9.3 5.0 2.5 2 1 2 3 3
6882.3 -6214.7 -78.3 178 0 16.7 8.1 7.5 2.5 4 0 3 3 3
6804.8 -6079.0 -79.6 359 0 9.1 6.4 5.0 2.5 2 0 2 1 1
6586.5 -6284.3 -76.6 272 0 10.8 12.7 7.5 0.0 0 1 3 3 3
6527.3 -6621.2 -73.3 93 0 8.7 12.2 5.0 2.5 2 1 2 4 4
3874.8 -2054.1 -52.0 1 0 18.0 9.1 7.5 2.5 2 0 3 2 2
3873.6 -2078.8 -51.9 356 0 10.3 7.6 7.5 2.5 2 0 3 4 4
3859.5 -2076.2 -53.3 80 0 6.2 8.9 5.0 2.5 2 1 2 3 3
3842.2 -2059.2 -55.9 79 0 6.6 12.1 5.0 2.5 2 1 2 0 0
3840.7 -2039.0 -56.0 100 0 7.1 12.2 7.5 0.0 0 1 3 5 5
3858.6 -2028.5 -54.0 7 0 10.4 7.8 5.0 0.0 0 0 2 2 2
3864.5 -2006.8 -52.4 355 0 10.9 7.6 5.0 0.0 0 0 2 5 5
3852.4 -2007.8 -54.2 359 0 9.1 7.8 2.5 2.5 2 0 1 4 4
3816.7 -2034.5 -59.2 93 0 7.3 9.8 2.5 2.5 2 1 1 2 2
3740.6 -2028.4 -62.4 159 0 8.0 9.8 5.0 2.5 2 1 2 2 2
3725.2 -1955.4 -60.8 316 0 25.7 9.5 7.5 2.5 2 0 3 1 1
3641.6 -1888.8 -54.5 291 0 9.2 11.0 5.0 2.5 2 1 2 2 2
3559.7 -1981.1 -53.7 11 0 9.0 9.4 2.5 2.5 2 1 1 2 2
3543.1 -1978.4 -53.2 190 0 10.3 5.8 5.0 2.5 2 0 2 3 3
3534.8 -2049.5 -52.9 26 0 8.1 8.9 5.0 2.5 2 1 2 4 4
3519.3 -2085.1 -52.6 113 0 8.9 6.0 5.0 2.5 2 0 2 3 3
3507.7 -2074.4 -52.1 172 0 10.1 6.5 7.5 0.0 0 0 3 5 5
3455.4 -2716.1 -59.5 242 0 13.9 31.5 12.5 2.5 2 1 5 0 0
3489.0 -2764.5 -62.3 333 0 25.8 12.1 10.0 2.5 2 0 4 5 5
3439.0 -2726.8 -60.8 242 0 12.7 27.9 15.0 0.0 0 1 6 2 2
3466.0 -2779.4 -63.3 66 0 13.7 25.0 10.0 2.5 2 1 4 4 4
4221.3 -2927.6 -68.1 197 0 7.0 6.8 5.0 2.5 2 0 2 2 2
4220.0 -2943.1 -68.2 187 0 6.9 8.3 7.5 2.5 2 0 3 0 0
4239.6 -2932.4 -68.1 197 0 26.4 13.3 10.0 2.5 4 0 4 2 2
4230.0 -2984.1 -68.3 109 0 10.2 24.1 7.5 2.5 2 1 3 3 3
4276.5 -2943.8 -67.9 16 0 30.3 14.5 7.5 2.5 2 0 3 5 5
4256.9 -2884.5 -67.8 268 0 9.8 27.2 7.5 2.5 2 1 3 0 0
4181.2 -2814.0 -65.1 349 0 24.8 14.9 10.0 2.5 2 0 4 4 4
4209.5 -2841.4 -67.9 286 0 26.5 11.2 10.0 2.5 2 0 4 1 1
4240.8 -2849.6 -67.9 286 0 25.3 11.1 10.0 2.5 2 0 4 0 0
4270.1 -2864.2 -67.7 314 0 24.1 10.4 10.0 2.5 2 0 4 1 1
4289.5 -2893.0 -67.6 337 0 31.8 9.6 7.5 0.0 0 0 3 3 3
4300.5 -2926.7 -67.6 359 0 23.1 10.1 5.0 2.5 2 0 2 0 0
4287.8 -2971.5 -67.7 103 0 8.3 26.2 5.0 2.5 2 1 2 0 0
4267.6 -2997.5 -68.1 17 0 26.9 11.2 10.0 2.5 2 0 4 4 4
4249.2 -2999.4 -68.2 15 0 19.9 10.1 5.0 2.5 2 0 2 5 5
187.2 -6060.6 -76.0 240 0 16.1 16.7 12.5 2.5 2 1 5 2 2
196.7 -6187.4 -79.0 350 0 9.6 5.0 7.5 2.5 4 0 3 1 1
198.9 -6228.6 -79.3 350 0 8.6 4.9 2.5 2.5 4 0 1 2 2
150.1 -6180.9 -77.5 257 0 8.9 26.0 5.0 2.5 2 1 2 2 2
132.2 -6200.4 -77.5 167 0 24.6 17.1 12.5 0.0 0 0 5 3 3
141.0 -6262.7 -77.5 170 0 9.3 12.5 7.5 2.5 2 1 3 3 3
149.6 -6275.6 -77.5 170 0 12.1 8.9 2.5 2.5 2 0 1 4 4
152.4 -6320.4 -76.7 170 0 9.5 9.0 5.0 2.5 2 0 2 0 0
151.2 -6346.9 -76.2 170 0 8.4 9.3 7.5 2.5 2 1 3 4 4
96.9 -5997.3 -64.2 313 0 13.5 30.1 10.0 2.5 2 1 4 1 1
50.5 -6101.9 -69.7 260 0 7.3 4.9 5.0 2.5 2 0 2 3 3
7.1 -6114.9 -70.8 260 0 9.2 8.0 5.0 2.5 2 0 2 4 4
24.3 -6127.4 -71.9 264 0 21.6 9.0 2.5 0.0 0 0 1 1 1
68.3 -6129.2 -73.1 350 0 21.6 7.6 5.0 2.5 2 0 2 1 1
58.5 -6145.9 -72.5 350 0 24.5 7.9 5.0 2.5 2 0 2 5 5
52.5 -6193.1 -70.8 80 0 5.6 16.1 2.5 0.0 0 1 1 1 1
69.2 -6171.0 -72.6 350 0 10.1 9.9 7.5 2.5 2 0 3 0 0
85.0 -6161.1 -74.3 350 0 17.4 6.4 7.5 0.0 0 0 3 1 1
105.2 -6214.6 -73.5 255 0 18.6 12.3 7.5 2.5 2 0 3 5 5
-10.2 -6472.8 -73.9 180 0 5.9 7.9 2.5 2.5 2 1 1 5 5
5.6 -6462.2 -73.9 249 0 11.6 11.4 7.5 2.5 2 0 3 2 2
19.5 -6429.8 -73.6 226 0 22.9 6.9 2.5 2.5 2 0 1 4 4
19.6 -6450.0 -73.9 226 0 23.6 15.4 10.0 2.5 2 0 4 4 4
96.8 -6385.2 -73.8 317 0 12.8 5.8 5.0 2.5 2 0 2 1 1
92.9 -6390.6 -73.8 316 0 14.1 20.7 10.0 2.5 2 1 4 4 4
39.9 -6411.5 -73.8 226 0 21.4 24.6 12.5 2.5 2 1 5 4 4
103.0 -6411.3 -74.2 316 0 7.2 5.4 7.5 2.5 4 0 3 4 4
72.8 -6517.3 -75.1 56 0 7.3 4.7 5.0 2.5 2 0 2 0 0
63.5 -6520.4 -75.0 53 0 6.7 15.5 5.0 0.0 0 1 2 4 4
13.4 -6499.9 -74.3 134 0 23.7 13.4 12.5 2.5 2 0 5 2 2
4957.5 -2708.9 -57.1 0 0 8.1 12.4 5.0 2.5 2 1 2 4 4
4924.5 -2710.7 -59.0 180 0 19.7 18.4 12.5 2.5 2 0 5 1 1
5042.7 -2999.4 -63.2 346 0 14.8 13.9 2.5 2.5 4 0 1 5 5
5009.1 -2995.3 -64.1 270 0 6.4 6.3 7.5 2.5 2 0 3 4 4
4967.8 -2965.6 -64.7 149 0 15.8 12.7 7.5 2.5 2 0 3 1 1
4769.5 -2624.3 -61.3 82 0 7.8 6.7 5.0 2.5 2 0 2 2 2
4986.2 -2059.0 -46.6 55 0 7.1 5.8 2.5 2.5 2 0 1 1 1
6024.1 -1213.3 -46.6 269 0 8.1 13.1 7.5 0.0 0 1 3 0 0
6042.1 -1261.0 -47.1 91 0 9.9 28.3 7.5 2.5 2 1 3 5 5
6029.3 -1235.7 -47.3 264 0 6.2 21.6 7.5 2.5 2 1 3 1 1
5958.6 -1264.8 -49.1 91 0 9.0 13.1 5.0 2.5 2 1 2 5 5
5933.4 -1244.0 -50.7 274 0 9.7 9.5 5.0 2.5 2 0 2 5 5
5923.4 -1240.7 -51.3 276 0 6.0 13.3 7.5 2.5 2 1 3 4 4
6222.5 -3262.3 -27.4 188 0 10.3 14.4 2.5 2.5 2 1 1 1 1
6352.2 -3033.6 -23.2 100 0 8.5 15.0 5.0 2.5 2 1 2 5 5
6353.6 -3232.9 -31.2 93 0 13.9 10.6 5.0 2.5 2 0 2 1 1
6328.2 -3262.5 -31.1 271 0 7.7 4.1 5.0 2.5 4 0 2 4 4
6341.0 -3454.1 -30.8 94 0 6.3 15.6 5.0 2.5 2 1 2 4 4
6252.0 -3423.8 -29.9 178 0 9.8 8.2 2.5 2.5 2 0 1 3 3
6266.1 -3354.6 -34.0 186 0 21.1 7.3 5.0 2.5 2 0 2 1 1
6773.3 -3220.0 -33.4 270 0 8.9 7.1 5.0 2.5 2 0 2 2 2
6637.8 -3203.3 -27.3 101 0 5.0 16.0 5.0 2.5 2 1 2 0 0
6648.5 -3203.8 -27.7 100 0 13.9 15.6 7.5 2.5 2 1 3 3 3
6419.9 -3168.7 -31.9 356 0 12.1 13.7 2.5 2.5 2 1 1 2 2
6424.8 -3269.5 -35.8 281 0 11.0 16.1 7.5 2.5 2 1 3 3 3
6394.6 -3261.4 -34.1 272 0 10.8 9.4 5.0 2.5 2 0 2 4 4
6501.1 -3184.0 -30.2 19 0 12.0 18.0 5.0 2.5 2 1 2 3 3
6494.3 -3208.0 -32.5 25 0 16.4 15.0 2.5 2.5 2 0 1 3 3
6529.3 -3212.5 -30.7 107 0 17.8 11.7 7.5 2.5 4 0 3 3 3
6529.2 -3244.3 -34.9 292 0 14.8 17.0 12.5 2.5 2 1 5 2 2
6467.3 -3317.6 -38.6 17 0 8.9 16.4 5.0 2.5 2 1 2 1 1
6433.9 -3430.1 -36.8 95 0 8.5 6.3 2.5 2.5 2 0 1 5 5
6841.6 -2727.0 -19.8 80 0 11.5 21.9 10.0 2.5 2 1 4 2 2
6816.9 -2721.4 -16.7 87 0 8.4 6.8 5.0 2.5 2 0 2 0 0
6712.7 -2702.4 -5.6 174 0 9.3 6.2 5.0 2.5 2 0 2 0 0
6722.3 -2716.3 -6.5 171 0 16.5 7.2 7.5 2.5 2 0 3 2 2
6736.2 -2727.5 -7.5 86 0 6.4 18.9 2.5 2.5 2 1 1 5 5
6757.1 -2737.7 -9.5 84 0 7.4 16.0 5.0 2.5 2 1 2 4 4
6767.4 -2738.0 -10.7 84 0 8.9 14.7 5.0 2.5 4 1 2 5 5
6520.4 -2668.3 -5.4 0 0 6.1 10.9 5.0 2.5 2 1 2 2 2
6523.7 -2678.3 -6.3 359 0 8.5 8.1 5.0 2.5 2 0 2 1 1
6915.2 -1852.9 1.0 18 0 9.2 12.0 7.5 2.5 4 1 3 5 5
6876.5 -2038.4 -5.1 17 0 11.9 18.3 5.0 2.5 2 1 2 4 4
6871.4 -1941.4 3.9 331 0 13.0 10.6 10.0 0.0 0 0 4 4 4
6838.8 -1912.0 2.9 310 0 8.5 10.5 7.5 2.5 2 1 3 0 0
6796.0 -1943.5 4.5 268 0 20.0 15.4 7.5 2.5 2 0 3 0 0
6774.5 -1985.1 5.6 88 0 13.5 11.8 2.5 0.0 0 0 1 3 3
6765.7 -1940.9 4.1 274 0 13.2 18.7 5.0 2.5 2 1 2 1 1
6740.4 -1950.1 4.3 271 0 12.4 11.0 7.5 2.5 2 0 3 1 1
6737.9 -1996.6 5.7 89 0 10.7 13.5 5.0 2.5 4 1 2 3 3
6558.5 -1883.3 -14.6 186 0 16.7 14.0 5.0 2.5 2 0 2 1 1
6597.9 -2197.6 1.9 109 0 17.9 13.7 7.5 2.5 2 0 3 1 1
6486.6 -2287.7 5.5 169 0 7.8 12.0 7.5 2.5 2 1 3 3 3
6537.3 -2243.6 -0.0 11 0 10.1 6.6 5.0 2.5 2 0 2 1 1
6521.2 -2228.8 1.3 281 0 9.6 10.0 7.5 2.5 2 1 3 5 5
6519.6 -2246.3 1.9 11 0 10.3 10.6 10.0 2.5 2 1 4 3 3
6539.4 -2222.4 0.6 281 0 13.3 10.8 7.5 2.5 2 0 3 3 3
6492.6 -2208.1 4.8 11 0 12.2 9.4 7.5 2.5 2 0 3 4 4
6463.3 -2227.2 7.6 116 0 11.9 10.4 2.5 2.5 2 0 1 1 1
6473.3 -2190.9 6.6 289 0 14.9 15.4 5.0 0.0 0 1 2 1 1
6439.1 -2178.9 9.7 289 0 13.2 13.0 5.0 2.5 2 0 2 2 2
6486.6 -1498.2 -41.3 80 0 9.0 14.5 7.5 2.5 2 1 3 0 0
6484.6 -1245.2 -46.4 164 0 9.5 7.8 5.0 2.5 2 0 2 1 1
6523.3 -1366.9 -47.8 3 0 10.5 16.7 10.0 2.5 2 1 4 2 2
6566.6 -1315.7 -49.9 94 0 13.8 14.1 5.0 2.5 2 1 2 1 1
6519.4 -1306.6 -49.9 176 0 9.6 12.0 5.0 2.5 2 1 2 3 3
6558.1 -1271.1 -51.6 23 0 20.4 13.3 12.5 2.5 2 0 5 0 0
6550.9 -1233.6 -51.5 289 0 32.5 11.8 15.0 0.0 0 0 6 5 5
6648.8 -1505.6 -37.9 273 0 13.8 14.0 7.5 2.5 4 1 3 5 5
6602.2 -1496.3 -41.9 183 0 8.1 8.9 5.0 2.5 2 1 2 4 4
6590.9 -1510.2 -42.7 183 0 18.8 20.2 12.5 2.5 2 1 5 5 5
6590.3 -1327.4 -47.2 273 0 13.0 15.0 2.5 2.5 2 1 1 1 1
6637.1 -1318.4 -42.7 273 0 15.1 12.1 7.5 2.5 2 0 3 1 1
6608.1 -1313.6 -45.5 273 0 9.4 8.1 2.5 2.5 2 0 1 3 3
6628.5 -1293.4 -42.3 93 0 13.3 9.8 7.5 2.5 2 0 3 1 1
6670.9 -1314.3 -37.2 130 0 14.7 11.7 5.0 2.5 4 0 2 5 5
6678.1 -1351.1 -38.2 273 0 10.7 12.6 10.0 2.5 2 1 4 2 2
6850.4 -1484.8 -19.4 93 0 11.0 11.7 7.5 2.5 2 1 3 2 2
6861.5 -1523.6 -16.2 273 0 6.8 7.3 5.0 2.5 2 1 2 0 0
6865.9 -1542.6 -14.8 183 0 7.1 5.2 7.5 2.5 2 0 3 5 5
6825.2 -1636.4 -34.4 3 0 11.6 9.2 7.5 2.5 2 0 3 0 0
6807.5 -1651.7 -34.8 93 0 6.7 8.7 5.0 2.5 2 1 2 4 4
6756.2 -1676.5 -33.2 93 0 13.2 11.0 5.0 2.5 2 0 2 2 2
6758.7 -1612.9 -35.4 273 0 9.7 10.3 5.0 0.0 0 1 2 4 4
6743.2 -1609.4 -35.7 273 0 10.1 10.1 7.5 2.5 2 1 3 0 0
6724.2 -1606.5 -36.0 273 0 6.9 8.9 2.5 2.5 2 1 1 5 5
6645.0 -1587.7 -37.7 273 0 11.9 9.9 5.0 2.5 2 0 2 4 4
6649.6 -1547.4 -37.1 93 0 9.1 20.6 5.0 0.0 0 1 2 3 3
6646.9 -1576.3 -36.9 93 0 12.0 24.5 10.0 2.5 4 1 4 1 1
6597.2 -1567.3 -40.8 183 0 11.3 12.8 7.5 2.5 2 1 3 5 5
6531.8 -1664.1 -42.5 183 0 11.6 5.1 7.5 0.0 0 0 3 3 3
6571.7 -1666.0 -40.2 3 0 4.4 11.0 2.5 2.5 2 1 1 2 2
6574.0 -1655.9 -42.1 3 0 12.1 7.4 7.5 2.5 2 0 3 0 0
6594.3 -1663.8 -39.9 179 0 13.2 12.1 7.5 2.5 2 0 3 4 4
6643.2 -1727.3 -27.6 274 0 13.1 11.3 7.5 2.5 2 0 3 5 5
6562.7 -1699.0 -35.9 6 0 5.5 5.9 5.0 2.5 2 1 2 4 4
6564.3 -1726.3 -32.2 12 0 7.0 4.4 5.0 2.5 2 0 2 3 3
6557.2 -1726.3 -33.9 7 0 10.3 6.8 2.5 2.5 2 0 1 1 1
1616.9 -4197.7 -64.2 2 0 5.8 7.5 7.5 2.5 4 1 3 0 0
1613.8 -4148.6 -61.4 272 0 7.2 6.6 7.5 2.5 2 0 3 5 5
1635.3 -4089.0 -59.2 181 0 7.3 10.5 5.0 2.5 2 1 2 2 2
3930.0 -3490.8 -47.5 198 0 14.5 15.5 5.0 2.5 2 1 2 2 2
3760.1 -3314.6 -62.4 268 0 29.1 14.7 12.5 2.5 2 0 5 0 0
3823.6 -3315.4 -64.8 271 0 27.0 14.0 10.0 2.5 2 0 4 3 3
3842.4 -3295.5 -67.3 94 0 14.5 16.8 12.5 2.5 2 1 5 2 2
3878.5 -3298.5 -68.3 99 0 25.5 13.0 10.0 2.5 2 0 4 0 0
3907.3 -3344.6 -66.8 17 0 10.9 25.4 15.0 0.0 0 1 6 5 5
3921.6 -3317.2 -68.3 131 0 22.7 11.1 7.5 2.5 2 0 3 3 3
3895.6 -3444.7 -54.1 273 0 9.2 8.8 5.0 2.5 2 0 2 3 3
3949.0 -3437.7 -58.7 1 0 27.8 12.8 12.5 2.5 2 0 5 4 4
3949.3 -3406.7 -64.7 1 0 31.8 11.0 10.0 2.5 2 0 4 1 1
3983.4 -3414.7 -61.2 206 0 15.4 12.0 2.5 2.5 2 0 1 5 5
3978.8 -3404.1 -65.5 121 0 15.4 37.3 15.0 0.0 0 1 6 5 5
3975.9 -3359.6 -67.7 300 0 8.8 23.1 2.5 2.5 2 1 1 3 3
3959.9 -3394.3 -66.3 118 0 15.2 9.5 5.0 2.5 2 0 2 2 2
3397.0 -4222.9 -50.8 132 0 6.9 6.2 7.5 2.5 2 0 3 1 1
3554.2 -3647.5 -65.2 12 0 21.5 12.4 12.5 2.5 2 0 5 4 4
3475.6 -3665.7 -65.8 122 0 10.9 23.1 10.0 2.5 2 1 4 0 0
3494.4 -3707.6 -66.3 160 0 12.4 26.1 10.0 2.5 4 1 4 0 0
3463.2 -3730.2 -66.7 79 0 29.6 11.6 10.0 0.0 0 0 4 5 5
3466.9 -3742.5 -66.6 261 0 33.1 16.1 10.0 2.5 2 0 4 4 4
3510.0 -3724.4 -66.1 245 0 16.6 11.2 2.5 2.5 2 0 1 4 4
3513.3 -3765.2 -65.8 159 0 12.3 24.9 10.0 2.5 2 1 4 2 2
3621.7 -4363.2 -52.0 72 0 4.9 6.8 2.5 2.5 2 1 1 1 1
3088.3 -4951.1 -65.0 329 0 8.2 7.0 7.5 0.0 0 0 3 5 5
3079.6 -4930.3 -65.6 329 0 26.1 14.2 10.0 2.5 2 0 4 3 3
3099.2 -4976.5 -64.7 62 0 9.9 12.7 2.5 2.5 4 1 1 5 5
2961.6 -4598.8 -69.2 64 0 18.2 12.6 7.5 2.5 2 0 3 3 3
3127.7 -4464.7 -60.2 269 0 11.0 23.6 12.5 2.5 2 1 5 3 3
3116.7 -4465.4 -61.9 269 0 3.5 22.7 2.5 2.5 2 1 1 0 0
3037.3 -4604.6 -70.5 31 0 18.0 8.8 7.5 2.5 4 0 3 5 5
2947.7 -4634.5 -71.0 37 0 7.9 10.0 7.5 2.5 2 1 3 0 0
2925.2 -4657.0 -71.1 37 0 11.0 9.2 2.5 0.0 0 0 1 2 2
3143.6 -4611.9 -64.7 297 0 19.0 10.0 7.5 2.5 2 0 3 5 5
3099.6 -4551.8 -64.8 143 0 8.5 8.5 5.0 2.5 2 0 2 5 5
3089.0 -4487.8 -67.0 235 0 11.2 8.9 5.0 2.5 2 0 2 2 2
3277.0 -4427.7 -41.5 298 0 7.5 6.6 7.5 2.5 4 0 3 2 2
3324.2 -4468.0 -42.2 60 0 15.3 22.4 10.0 0.0 0 1 4 5 5
1613.4 -4299.8 -68.5 87 0 10.8 14.1 7.5 2.5 2 1 3 4 4
1627.1 -4293.8 -68.3 87 0 6.6 7.4 2.5 2.5 2 1 1 2 2
2075.0 -4376.6 -62.9 85 0 8.7 15.1 2.5 2.5 2 1 1 3 3
2087.9 -4343.0 -62.1 268 0 17.5 19.9 10.0 2.5 2 1 4 5 5
2112.0 -4367.3 -60.6 2 0 14.9 14.3 5.0 2.5 2 0 2 2 2
1932.9 -4474.0 -72.1 111 0 21.9 12.6 10.0 2.5 2 0 4 2 2
4039.3 -3523.0 -42.7 337 0 12.9 20.9 12.5 2.5 2 1 5 0 0
4003.7 -3435.8 -59.8 114 0 8.4 48.2 7.5 2.5 2 1 3 0 0
4030.1 -3414.3 -57.4 118 0 9.6 16.0 7.5 2.5 4 1 3 0 0
4071.2 -3412.3 -54.2 74 0 13.8 14.8 5.0 2.5 2 1 2 5 5
3990.7 -3350.0 -67.9 214 0 12.2 20.6 10.0 0.0 0 1 4 3 3
4046.4 -3142.1 -68.8 109 0 25.8 14.6 10.0 2.5 2 0 4 1 1
4085.3 -3136.8 -66.9 92 0 26.3 11.0 15.0 0.0 0 0 6 4 4
4120.7 -3138.4 -67.6 76 0 31.7 13.6 12.5 2.5 2 0 5 3 3
4170.2 -3129.4 -69.1 80 0 26.0 9.7 7.5 2.5 2 0 3 1 1
4212.0 -3113.1 -68.9 56 0 27.2 13.2 7.5 2.5 2 0 3 4 4
4230.1 -3041.3 -68.4 110 0 7.9 19.2 7.5 2.5 2 1 3 3 3
4270.7 -3032.6 -68.2 16 0 21.7 10.4 5.0 2.5 2 0 2 5 5
4259.7 -3063.2 -68.4 23 0 26.4 11.2 7.5 2.5 2 0 3 2 2
4236.7 -3090.2 -68.6 43 0 25.7 9.9 7.5 2.5 2 0 3 0 0
5041.4 -3063.3 -64.6 156 0 9.5 6.6 7.5 2.5 2 0 3 5 5
5073.5 -3071.1 -63.6 246 0 9.7 6.0 5.0 2.5 2 0 2 3 3
5069.6 -3059.8 -63.4 246 0 7.8 11.0 2.5 2.5 2 1 1 4 4
5107.1 -3185.5 -61.6 91 0 8.7 15.9 2.5 2.5 2 1 1 4 4
5124.6 -3168.7 -63.0 279 0 10.5 12.5 2.5 2.5 2 1 1 4 4
1422.9 -5245.5 -72.2 29 0 13.4 12.5 7.5 2.5 2 0 3 3 3
1379.6 -5248.2 -70.4 166 0 9.6 7.6 2.5 2.5 4 0 1 4 4
1357.8 -5211.4 -72.4 160 0 17.6 12.0 2.5 2.5 2 0 1 4 4
1396.3 -5195.4 -73.4 105 0 8.1 11.4 7.5 2.5 2 1 3 5 5
1399.4 -5163.0 -72.8 9 0 6.7 8.5 2.5 2.5 2 1 1 3 3
1352.6 -5161.4 -72.1 179 0 7.2 7.4 5.0 2.5 2 1 2 0 0
4129.0 -3914.5 -31.4 149 0 9.5 11.8 5.0 2.5 2 1 2 4 4
1286.4 -5055.4 -67.6 207 0 12.0 10.5 5.0 2.5 2 0 2 0 0
5330.3 -3382.8 -42.2 127 0 8.6 10.3 7.5 2.5 2 1 3 4 4
5244.3 -3353.8 -51.1 251 0 9.6 5.4 5.0 2.5 2 0 2 5 5
5240.5 -3377.0 -51.7 75 0 12.9 15.1 5.0 2.5 2 1 2 0 0
4591.9 -5385.6 5.5 20 0 15.4 13.2 7.5 2.5 2 0 3 4 4
3963.4 -5859.5 -46.2 254 0 10.3 4.0 5.0 2.5 2 0 2 0 0
3955.4 -5929.3 -47.2 110 0 7.8 15.0 7.5 2.5 2 1 3 0 0
3891.6 -5917.3 -40.4 181 0 9.8 10.3 5.0 2.5 2 1 2 1 1
3934.0 -5982.7 -45.5 201 0 13.3 5.8 7.5 2.5 2 0 3 2 2
3862.2 -5885.2 -36.3 194 0 7.6 6.9 5.0 2.5 2 0 2 4 4
3924.2 -5885.5 -42.8 280 0 6.3 7.7 2.5 2.5 2 1 1 5 5
3918.9 -5896.6 -43.0 190 0 7.1 8.9 7.5 2.5 2 1 3 5 5
3952.9 -5855.4 -45.7 262 0 10.7 11.7 7.5 0.0 0 1 3 4 4
3961.7 -5849.7 -46.1 255 0 11.4 9.2 7.5 2.5 2 0 3 3 3
3984.8 -5851.7 -45.7 262 0 8.9 12.2 7.5 2.5 2 1 3 3 3
2890.1 -5487.9 -42.1 118 0 18.9 21.7 10.0 2.5 2 1 4 5 5
3039.2 -5879.6 -23.9 33 0 4.4 7.3 5.0 2.5 2 1 2 5 5
1587.3 -4262.5 -66.7 105 0 10.9 13.7 2.5 2.5 2 1 1 0 0
1558.3 -4282.7 -67.3 106 0 16.2 10.4 5.0 2.5 4 0 2 2 2
522.5 -4583.6 -44.6 190 0 9.0 11.7 5.0 2.5 2 1 2 5 5
621.8 -4391.7 -43.6 83 0 8.8 8.9 5.0 0.0 0 1 2 3 3
482.7 -4807.2 -56.5 10 0 16.4 12.1 2.5 2.5 4 0 1 3 3
490.4 -4711.4 -51.9 204 0 12.3 14.5 5.0 2.5 2 1 2 4 4
536.1 -4597.5 -46.3 192 0 13.4 6.7 7.5 2.5 2 0 3 4 4
520.9 -4478.3 -35.8 194 0 9.9 17.8 5.0 2.5 2 1 2 0 0
554.2 -4483.7 -37.5 194 0 6.1 16.7 7.5 0.0 0 1 3 3 3
373.3 -5106.6 -58.6 223 0 16.4 12.5 10.0 2.5 2 0 4 5 5
403.0 -4855.8 -55.5 337 0 8.8 7.9 7.5 2.5 2 0 3 5 5
405.9 -4877.1 -56.7 64 0 10.1 9.4 7.5 2.5 2 0 3 3 3
110.1 -4827.9 -21.4 222 0 8.6 6.6 7.5 2.5 2 0 3 5 5
149.1 -4846.4 -28.9 30 0 6.8 8.2 7.5 2.5 2 1 3 0 0
121.8 -4866.4 -28.8 198 0 11.0 9.1 2.5 0.0 0 0 1 1 1
126.0 -4896.2 -31.5 359 0 7.3 7.5 5.0 2.5 2 1 2 4 4
48.2 -5197.3 -33.0 19 0 12.7 18.3 5.0 2.5 4 1 2 1 1
268.9 -5316.8 -56.8 202 0 7.5 5.3 2.5 2.5 4 0 1 0 0
295.1 -5348.9 -59.2 116 0 5.5 7.6 5.0 2.5 2 1 2 5 5
307.5 -5316.6 -60.5 106 0 8.7 10.2 5.0 2.5 2 1 2 2 2
302.4 -5337.3 -60.8 109 0 14.9 18.4 10.0 2.5 2 1 4 0 0
417.8 -5136.2 -61.1 16 0 12.6 16.6 5.0 2.5 2 1 2 2 2
375.5 -5159.7 -60.4 181 0 14.7 14.1 5.0 2.5 2 0 2 3 3
332.3 -5185.8 -58.7 206 0 21.0 14.1 7.5 2.5 2 0 3 0 0
356.0 -5175.0 -59.6 195 0 13.5 11.0 2.5 2.5 2 0 1 5 5
393.6 -5207.2 -62.0 12 0 14.5 11.7 5.0 2.5 4 0 2 3 3
378.6 -5247.2 -62.2 21 0 7.7 12.5 7.5 2.5 2 1 3 2 2
335.8 -5228.1 -59.9 197 0 8.4 9.8 7.5 2.5 2 1 3 2 2
339.4 -5215.3 -59.9 200 0 11.8 12.4 10.0 2.5 2 1 4 5 5
320.0 -5206.5 -58.6 200 0 9.7 12.2 5.0 2.5 2 1 2 2 2
313.4 -5217.5 -58.5 197 0 11.2 11.6 2.5 2.5 4 1 1 2 2
308.1 -5229.4 -58.5 197 0 11.3 11.2 7.5 0.0 0 0 3 1 1
355.8 -5254.5 -61.2 21 0 17.8 8.9 2.5 2.5 2 0 1 2 2
409.9 -5254.2 -64.1 26 0 9.9 8.9 7.5 2.5 2 0 3 3 3
393.2 -5262.0 -63.5 25 0 13.8 13.3 2.5 2.5 4 0 1 0 0
400.5 -5283.9 -64.4 39 0 10.5 8.2 5.0 2.5 2 0 2 2 2
351.5 -5399.6 -65.8 179 0 7.6 14.3 5.0 2.5 2 1 2 3 3
366.3 -5331.4 -64.0 30 0 10.5 6.2 5.0 0.0 0 0 2 5 5
359.3 -5342.3 -64.0 30 0 11.5 7.4 7.5 2.5 4 0 3 5 5
346.8 -5344.3 -63.3 24 0 8.8 7.3 2.5 0.0 0 0 1 2 2
350.3 -5359.0 -63.9 24 0 9.0 11.1 5.0 2.5 2 1 2 1 1
391.5 -5367.5 -65.2 24 0 9.7 10.8 5.0 2.5 2 1 2 1 1
366.8 -5354.2 -65.3 203 0 9.4 16.0 7.5 2.5 2 1 3 4 4
287.8 -4992.8 -52.2 90 0 10.8 26.4 10.0 0.0 0 1 4 4 4
279.6 -4955.6 -53.2 177 0 9.7 37.9 7.5 2.5 2 1 3 5 5
299.1 -4924.7 -50.7 269 0 9.6 17.2 5.0 2.5 2 1 2 2 2
314.4 -4925.0 -52.0 269 0 13.6 14.9 2.5 2.5 2 1 1 5 5
305.1 -4897.1 -47.7 269 0 4.9 9.0 7.5 2.5 2 1 3 3 3
318.3 -4886.6 -47.0 89 0 8.4 11.9 5.0 2.5 2 1 2 2 2
334.0 -4910.1 -51.0 269 0 7.9 5.4 5.0 2.5 4 0 2 1 1
319.8 -4898.8 -50.4 269 0 10.5 21.1 7.5 2.5 2 1 3 3 3
350.1 -4826.2 -50.4 277 0 11.3 23.2 15.0 0.0 0 1 6 0 0
359.9 -4912.2 -55.1 275 0 10.3 23.6 5.0 2.5 2 1 2 2 2
372.6 -4912.1 -56.3 275 0 10.9 25.1 10.0 2.5 2 1 4 2 2
357.2 -4972.6 -56.0 4 0 6.4 9.9 7.5 2.5 2 1 3 4 4
381.9 -4970.2 -57.3 4 0 11.2 6.0 5.0 2.5 2 0 2 4 4
373.0 -4975.1 -56.6 4 0 4.9 13.0 2.5 2.5 2 1 1 5 5
375.2 -4956.6 -56.8 4 0 28.2 11.1 10.0 0.0 0 0 4 1 1
5668.0 -4672.8 -54.3 91 0 15.5 12.1 7.5 2.5 2 0 3 2 2
5635.2 -4724.4 -48.9 6 0 5.8 5.6 7.5 2.5 2 0 3 2 2
5546.0 -4724.2 -47.3 145 0 6.2 12.0 7.5 2.5 2 0 3 0 0
5620.6 -4802.4 -42.0 238 0 8.8 13.9 7.5 0.0 0 1 3 5 5
5736.1 -4721.0 -51.2 11 0 11.2 7.2 2.5 2.5 2 0 1 0 0
5732.8 -4745.7 -49.8 94 0 15.0 9.7 7.5 2.5 2 0 3 5 5
5460.3 -4643.9 -58.8 90 0 5.9 6.0 7.5 2.5 2 1 3 3 3
1919.3 -5509.1 -68.4 53 0 26.2 13.6 10.0 2.5 4 0 4 2 2
1882.8 -5534.8 -68.6 56 0 27.4 11.9 10.0 2.5 2 0 4 4 4
1846.7 -5549.3 -68.4 70 0 30.9 13.9 7.5 0.0 0 0 3 3 3
2050.1 -5434.6 -59.3 235 0 27.6 13.5 10.0 0.0 0 0 4 5 5
1982.4 -5482.4 -63.7 231 0 29.1 12.6 10.0 2.5 2 0 4 1 1
1960.4 -5501.3 -64.9 234 0 27.7 12.4 10.0 2.5 2 0 4 3 3
1934.9 -5516.6 -66.6 235 0 28.1 14.2 12.5 2.5 2 0 5 1 1
1900.5 -5545.4 -67.8 199 0 29.4 12.1 10.0 2.5 2 0 4 2 2
1863.3 -5577.3 -69.4 205 0 25.6 20.4 10.0 2.5 2 0 4 5 5
1946.5 -5901.4 -62.1 273 0 13.8 21.2 15.0 0.0 0 1 6 3 3
1950.1 -5946.5 -62.6 86 0 17.0 18.9 12.5 2.5 2 1 5 2 2
1848.2 -5992.5 -68.5 183 0 13.3 11.6 2.5 2.5 2 0 1 2 2
1887.6 -5899.2 -65.8 273 0 13.7 16.3 5.0 2.5 2 1 2 3 3
1782.8 -6002.4 -72.5 218 0 12.0 16.1 5.0 0.0 0 1 2 2 2
1821.3 -5972.4 -70.1 253 0 12.4 17.2 2.5 2.5 2 1 1 1 1
1832.2 -5941.3 -68.8 169 0 14.5 12.6 7.5 2.5 2 0 3 1 1
1855.6 -5871.0 -66.7 174 0 11.3 12.6 2.5 2.5 2 1 1 2 2
1833.9 -5744.6 -64.2 188 0 30.3 14.5 12.5 2.5 4 0 5 0 0
1868.0 -5691.8 -65.3 11 0 30.0 15.8 12.5 2.5 2 0 5 0 0
1846.4 -5653.0 -67.6 194 0 24.4 12.6 15.0 0.0 0 0 6 1 1
1852.8 -5627.0 -68.1 197 0 12.1 11.9 2.5 2.5 2 0 1 4 4
1856.3 -5612.5 -68.5 196 0 12.3 7.6 5.0 2.5 2 0 2 2 2
1850.7 -5596.3 -69.4 10 0 27.6 13.7 10.0 2.5 2 0 4 4 4
1792.8 -5648.8 -70.0 207 0 15.5 10.3 2.5 2.5 2 0 1 5 5
1799.9 -5704.9 -70.5 6 0 17.4 12.0 2.5 2.5 2 0 1 5 5
1816.4 -5757.5 -68.0 10 0 18.2 21.6 10.0 2.5 2 1 4 4 4
1747.7 -5679.3 -70.1 207 0 25.6 10.7 7.5 2.5 2 0 3 2 2
1722.2 -5712.4 -70.2 209 0 28.3 14.1 10.0 2.5 2 0 4 4 4
1707.7 -5740.6 -69.6 207 0 29.8 13.0 10.0 2.5 2 0 4 4 4
1834.1 -5860.0 -68.3 339 0 11.8 8.2 5.0 2.5 2 0 2 1 1
1836.2 -5881.7 -69.0 19 0 12.6 17.9 10.0 2.5 2 1 4 3 3
1812.1 -5920.5 -70.7 19 0 8.9 16.7 7.5 2.5 2 1 3 4 4
1764.8 -6005.5 -74.4 41 0 13.6 21.0 12.5 2.5 2 1 5 5 5
1756.3 -6024.8 -75.3 36 0 16.1 23.9 12.5 0.0 0 1 5 0 0
1725.6 -6031.3 -75.9 35 0 13.8 10.3 5.0 2.5 2 0 2 1 1
1705.9 -6010.3 -77.1 228 0 18.0 13.2 2.5 0.0 0 0 1 0 0
1697.1 -5997.0 -77.4 231 0 16.0 12.8 5.0 2.5 2 0 2 0 0
1694.3 -5817.2 -71.8 204 0 9.1 10.4 5.0 2.5 2 1 2 5 5
1680.8 -5829.6 -71.5 203 0 12.2 11.0 5.0 0.0 0 0 2 4 4
1673.7 -5868.9 -73.1 201 0 18.2 9.1 7.5 2.5 2 0 3 5 5
1647.5 -5856.2 -70.1 222 0 9.9 7.5 2.5 2.5 2 0 1 3 3
1676.9 -5889.6 -73.5 32 0 9.3 11.8 5.0 2.5 2 1 2 2 2
1641.2 -5867.9 -71.0 210 0 9.3 15.7 7.5 0.0 0 1 3 1 1
1665.2 -5915.8 -74.2 19 0 11.5 9.7 7.5 2.5 2 0 3 5 5
1616.0 -5883.4 -69.7 269 0 11.9 14.7 5.0 2.5 2 1 2 2 2
1626.6 -5920.8 -72.4 167 0 9.1 12.6 2.5 2.5 2 1 1 4 4
228.7 -5829.8 -70.0 182 0 12.7 9.9 2.5 2.5 2 0 1 2 2
-74.7 -6012.8 -61.8 258 0 25.8 12.8 12.5 2.5 2 0 5 3 3
-39.4 -6008.6 -61.0 265 0 11.1 10.7 7.5 0.0 0 0 3 1 1
-17.6 -6000.3 -60.6 247 0 23.6 11.6 10.0 2.5 2 0 4 3 3
72.5 -6039.3 -63.4 44 0 11.3 33.9 10.0 2.5 2 1 4 0 0
31.8 -5999.8 -60.7 222 0 12.4 18.9 2.5 2.5 2 1 1 5 5
48.5 -5982.5 -61.5 221 0 11.1 29.2 12.5 2.5 2 1 5 2 2
61.4 -5968.6 -62.2 224 0 10.9 30.4 12.5 2.5 2 1 5 4 4
94.2 -5969.6 -62.5 42 0 11.4 23.8 12.5 2.5 2 1 5 4 4
104.9 -5958.2 -63.0 39 0 10.4 24.8 10.0 2.5 2 1 4 0 0
104.0 -5875.3 -60.0 294 0 9.7 24.6 7.5 2.5 2 1 3 2 2
200.4 -5888.7 -69.5 191 0 6.4 5.1 5.0 2.5 2 0 2 1 1
264.6 -5954.6 -74.7 96 0 9.6 11.2 2.5 2.5 2 1 1 3 3
279.4 -5995.5 -72.9 179 0 7.7 6.0 7.5 0.0 0 0 3 0 0
274.0 -5978.9 -73.4 183 0 19.8 14.6 10.0 2.5 2 0 4 1 1
218.4 -5980.3 -74.6 92 0 11.7 13.7 7.5 2.5 4 1 3 4 4
128.4 -5998.0 -68.5 198 0 11.2 19.8 5.0 0.0 0 1 2 1 1
138.6 -5974.8 -67.8 202 0 13.6 12.4 2.5 2.5 2 0 1 5 5
153.6 -5954.9 -68.2 195 0 5.3 9.7 5.0 0.0 0 1 2 2 2
153.1 -5937.3 -68.1 202 0 4.9 16.2 5.0 2.5 2 1 2 0 0
167.6 -5905.2 -67.3 207 0 7.6 6.8 5.0 2.5 2 0 2 3 3
161.5 -5918.6 -68.1 209 0 14.9 15.0 7.5 2.5 4 1 3 1 1
178.1 -5867.3 -67.8 186 0 16.2 15.0 7.5 2.5 2 0 3 5 5
178.8 -5850.2 -66.6 182 0 11.0 13.4 2.5 2.5 2 1 1 1 1
176.7 -5789.0 -62.3 178 0 7.9 13.8 5.0 2.5 2 1 2 1 1
187.2 -5769.9 -61.7 205 0 9.5 10.2 7.5 0.0 0 1 3 1 1
189.8 -5755.3 -61.9 210 0 9.2 14.9 7.5 2.5 2 1 3 3 3
203.0 -5743.0 -63.0 209 0 7.9 12.3 7.5 2.5 2 1 3 5 5
205.0 -5729.2 -62.6 207 0 9.5 9.3 2.5 2.5 2 0 1 1 1
325.5 -5454.5 -65.9 212 0 11.8 9.7 2.5 2.5 2 0 1 1 1
360.5 -5572.8 -60.7 12 0 8.3 10.7 5.0 2.5 2 1 2 0 0
345.5 -5535.3 -62.8 301 0 10.0 7.7 5.0 2.5 2 0 2 2 2
329.4 -5524.4 -64.4 292 0 10.7 13.1 7.5 2.5 2 1 3 1 1
294.5 -5513.5 -65.6 193 0 14.5 20.8 10.0 2.5 2 1 4 0 0
321.5 -5480.1 -66.2 203 0 11.7 9.7 2.5 2.5 2 0 1 4 4
284.8 -5558.8 -66.4 199 0 9.5 15.3 7.5 2.5 2 1 3 3 3
278.9 -5571.1 -67.0 205 0 9.0 11.5 5.0 2.5 2 1 2 3 3
264.3 -5605.3 -67.7 205 0 11.4 12.7 7.5 2.5 2 1 3 3 3
233.7 -5702.1 -66.4 197 0 10.7 13.1 5.0 2.5 2 1 2 4 4
274.5 -5721.5 -71.2 292 0 13.9 10.4 10.0 2.5 2 0 4 4 4
278.4 -5697.9 -69.9 274 0 14.9 10.8 2.5 2.5 2 0 1 4 4
306.9 -5734.7 -69.6 23 0 17.3 10.1 7.5 2.5 2 0 3 1 1
337.8 -5743.1 -66.8 20 0 9.8 14.3 5.0 2.5 2 1 2 3 3
357.5 -5714.1 -63.7 11 0 9.2 10.9 2.5 2.5 2 1 1 1 1
342.4 -5720.4 -65.5 16 0 10.0 11.6 7.5 2.5 2 1 3 4 4
320.9 -5690.9 -66.7 282 0 12.6 10.3 2.5 2.5 2 0 1 4 4
358.9 -5744.6 -64.3 34 0 9.5 11.4 5.0 2.5 2 1 2 3 3
292.2 -5882.2 -73.4 9 0 9.9 10.1 5.0 2.5 2 1 2 5 5
401.1 -5856.4 -68.4 255 0 10.6 25.7 7.5 2.5 4 1 3 4 4
392.3 -5985.4 -68.9 58 0 27.4 13.8 12.5 2.5 4 0 5 3 3
342.9 -6002.8 -67.8 152 0 13.9 28.7 15.0 0.0 0 1 6 5 5
316.1 -5944.7 -71.1 5 0 12.5 11.6 5.0 2.5 2 0 2 2 2
325.7 -5865.1 -73.2 6 0 5.0 7.5 7.5 2.5 2 1 3 5 5
345.3 -5877.7 -72.6 1 0 7.1 11.5 7.5 2.5 2 1 3 2 2
346.8 -5892.6 -72.5 3 0 10.0 15.1 7.5 2.5 2 1 3 2 2
531.0 -6047.1 -66.9 322 0 20.8 12.5 12.5 2.5 2 0 5 3 3
550.7 -6079.4 -67.6 326 0 25.7 10.1 7.5 2.5 2 0 3 2 2
512.0 -6097.3 -65.3 146 0 16.6 16.7 10.0 2.5 2 1 4 2 2
536.7 -6151.3 -65.2 79 0 13.8 24.4 12.5 2.5 2 1 5 1 1
596.2 -6144.8 -70.1 324 0 30.1 12.0 12.5 2.5 2 0 5 2 2
581.7 -6198.7 -69.0 88 0 10.8 26.7 12.5 2.5 2 1 5 4 4
500.4 -6018.3 -67.9 322 0 16.9 12.6 7.5 2.5 2 0 3 2 2
459.0 -5895.8 -67.1 255 0 12.5 19.9 5.0 2.5 2 1 2 0 0
493.7 -5950.6 -68.8 13 0 12.1 22.6 12.5 2.5 2 1 5 5 5
490.0 -5989.0 -69.5 138 0 22.4 13.2 7.5 2.5 2 0 3 1 1
456.3 -5976.1 -70.3 110 0 9.2 16.6 7.5 2.5 2 1 3 2 2
511.3 -5071.2 -60.3 1 0 6.8 9.0 2.5 2.5 4 1 1 5 5
579.3 -4895.2 -55.9 31 0 7.9 12.2 5.0 2.5 2 1 2 1 1
519.4 -4935.5 -60.4 220 0 22.6 20.8 12.5 2.5 2 0 5 4 4
560.5 -4870.1 -58.8 29 0 9.7 11.7 5.0 2.5 2 1 2 4 4
550.5 -4876.1 -59.0 41 0 4.2 8.4 7.5 0.0 0 1 3 1 1
534.2 -4893.1 -60.2 41 0 23.2 16.8 12.5 0.0 0 0 5 0 0
521.4 -4914.8 -61.2 40 0 21.8 33.2 10.0 0.0 0 1 4 4 4
485.7 -4930.8 -61.8 128 0 28.7 19.5 10.0 2.5 2 0 4 5 5
519.6 -4959.7 -60.8 309 0 7.2 17.3 7.5 2.5 2 1 3 3 3
512.0 -4952.7 -61.2 308 0 11.2 22.2 5.0 2.5 2 1 2 4 4
477.9 -4936.4 -62.0 302 0 13.3 11.9 5.0 2.5 2 0 2 2 2
418.3 -5109.9 -60.4 3 0 6.7 8.5 7.5 2.5 2 1 3 0 0
435.6 -5093.5 -60.9 352 0 8.8 11.1 5.0 2.5 2 1 2 4 4
437.9 -5107.7 -61.5 1 0 12.3 13.7 2.5 0.0 0 1 1 1 1
440.0 -5124.3 -62.1 360 0 10.3 13.4 7.5 0.0 0 1 3 5 5
440.9 -5138.7 -62.5 4 0 11.2 12.6 5.0 2.5 2 1 2 2 2
420.6 -5180.7 -62.6 11 0 8.0 9.5 2.5 2.5 2 1 1 5 5
438.2 -5180.2 -63.3 19 0 7.6 15.6 7.5 0.0 0 1 3 5 5
426.8 -5238.0 -64.0 22 0 11.9 10.1 2.5 2.5 2 0 1 5 5
422.5 -5256.9 -64.1 27 0 12.5 8.2 5.0 2.5 2 0 2 4 4
421.0 -5287.5 -63.4 203 0 11.2 9.7 5.0 2.5 4 0 2 1 1
474.9 -5186.8 -61.0 201 0 6.2 7.4 5.0 2.5 2 1 2 3 3
447.0 -5200.9 -62.5 186 0 11.2 11.0 5.0 2.5 2 0 2 2 2
453.2 -5177.5 -62.4 179 0 8.3 4.8 7.5 2.5 2 0 3 4 4
447.9 -5169.6 -62.7 180 0 6.6 7.5 2.5 2.5 4 1 1 0 0
454.1 -5094.6 -62.4 177 0 6.7 8.6 7.5 2.5 2 1 3 3 3
440.6 -5083.4 -61.6 155 0 16.7 11.2 10.0 2.5 2 0 4 4 4
431.4 -5065.7 -60.7 159 0 17.7 13.8 7.5 0.0 0 0 3 3 3
427.8 -5049.8 -59.8 167 0 9.4 12.3 5.0 2.5 2 1 2 3 3
473.0 -5049.7 -61.9 272 0 11.3 11.4 7.5 2.5 2 1 3 4 4
477.8 -5080.9 -61.7 181 0 12.5 7.2 7.5 2.5 2 0 3 3 3
490.5 -5068.2 -61.2 271 0 6.4 12.9 7.5 2.5 2 1 3 0 0
511.5 -5098.5 -59.8 3 0 8.4 5.7 2.5 2.5 2 0 1 1 1
512.5 -5115.5 -59.5 284 0 4.5 8.4 7.5 2.5 2 1 3 0 0
508.3 -5119.0 -60.0 6 0 11.8 7.4 7.5 2.5 2 0 3 4 4
477.7 -5128.8 -61.3 184 0 14.1 16.7 2.5 2.5 2 1 1 3 3
490.7 -5144.6 -60.4 184 0 9.3 9.3 5.0 2.5 2 0 2 4 4
503.8 -5254.4 -59.2 14 0 11.2 9.5 7.5 2.5 2 0 3 5 5
477.7 -5244.2 -60.4 203 0 11.4 11.1 7.5 2.5 4 0 3 0 0
496.8 -5287.1 -59.4 7 0 11.0 9.9 5.0 2.5 2 0 2 2 2
487.3 -5351.0 -55.7 11 0 6.9 7.5 5.0 2.5 2 1 2 3 3
452.7 -5419.8 -55.5 222 0 14.0 14.2 5.0 2.5 2 1 2 5 5
469.0 -5415.8 -53.9 30 0 8.5 5.9 5.0 2.5 2 0 2 1 1
479.7 -5382.9 -54.0 13 0 11.0 11.5 7.5 2.5 2 1 3 0 0
463.1 -5393.2 -53.9 193 0 7.1 8.8 2.5 2.5 2 1 1 5 5
1504.5 -5805.5 -64.9 180 0 7.2 9.8 5.0 2.5 2 1 2 2 2
1580.4 -5897.2 -72.9 291 0 10.4 16.8 2.5 2.5 2 1 1 0 0
1438.3 -5785.2 -65.6 284 0 8.5 22.8 2.5 2.5 2 1 1 5 5
1430.9 -5831.4 -70.3 200 0 10.5 48.4 10.0 2.5 2 1 4 2 2
1486.0 -5830.5 -70.4 277 0 11.2 23.9 12.5 2.5 4 1 5 4 4
1527.6 -5862.6 -71.1 10 0 9.4 36.1 7.5 2.5 2 1 3 2 2
1524.2 -5851.9 -69.5 104 0 12.1 15.4 10.0 2.5 2 1 4 5 5
1407.5 -6046.1 -76.5 245 0 5.4 8.3 7.5 2.5 2 1 3 0 0
1431.4 -6047.6 -71.9 253 0 8.5 9.4 5.0 2.5 2 1 2 5 5
1417.2 -6101.3 -69.2 90 0 10.6 12.0 2.5 2.5 2 1 1 4 4
1487.1 -6114.0 -66.1 101 0 13.6 12.4 2.5 2.5 2 0 1 3 3
1509.8 -6066.9 -69.8 274 0 10.6 12.7 5.0 2.5 4 1 2 3 3
1533.7 -6069.9 -70.8 2 0 10.9 10.0 7.5 2.5 2 0 3 5 5
1598.9 -6104.7 -72.2 248 0 11.4 18.4 7.5 2.5 2 1 3 1 1
1604.8 -6154.2 -70.6 343 0 7.9 9.5 7.5 2.5 2 1 3 3 3
1541.8 -6176.3 -65.3 151 0 9.5 12.6 5.0 2.5 2 1 2 1 1
1575.3 -6223.3 -67.6 150 0 13.9 16.5 5.0 2.5 2 1 2 5 5
1399.9 -6519.3 -36.2 83 0 14.5 22.4 10.0 2.5 4 1 4 3 3
1131.2 -6357.0 -67.1 90 0 9.3 12.6 5.0 2.5 2 1 2 2 2
1118.8 -6363.2 -68.5 92 0 12.2 17.5 10.0 2.5 2 1 4 4 4
1696.0 -6274.0 -70.6 358 0 15.4 10.2 7.5 2.5 2 0 3 5 5
1706.6 -6119.1 -71.5 180 0 9.4 6.2 7.5 2.5 2 0 3 5 5
1680.8 -6051.2 -76.2 140 0 8.7 11.4 5.0 0.0 0 1 2 2 2
1722.1 -6079.7 -70.8 48 0 17.0 10.8 2.5 2.5 2 0 1 2 2
1730.4 -6060.7 -71.8 33 0 5.6 18.8 7.5 2.5 2 1 3 1 1
1765.3 -6063.5 -66.3 200 0 7.5 9.3 2.5 0.0 0 1 1 4 4
1837.9 -6111.7 -53.8 22 0 6.3 6.4 7.5 0.0 0 1 3 4 4
1839.8 -6097.7 -56.9 11 0 7.8 12.5 5.0 2.5 2 1 2 3 3
1775.5 -6054.8 -67.0 235 0 8.4 10.6 7.5 2.5 2 1 3 1 1
1739.7 -6080.1 -65.0 176 0 8.0 10.0 7.5 2.5 2 1 3 4 4
1756.6 -6083.9 -63.2 182 0 9.1 7.8 5.0 2.5 2 0 2 5 5
1697.6 -6092.0 -74.3 89 0 14.3 14.7 5.0 2.5 2 1 2 4 4
1686.7 -6123.0 -75.9 2 0 14.9 14.9 5.0 2.5 2 1 2 2 2
1709.5 -6198.6 -70.8 182 0 8.2 10.5 5.0 2.5 2 1 2 0 0
1707.3 -6208.1 -70.7 182 0 7.5 6.6 2.5 2.5 2 0 1 4 4
1705.7 -6218.3 -70.5 182 0 10.4 8.8 7.5 2.5 2 0 3 0 0
1710.3 -6235.5 -69.7 182 0 13.7 15.5 5.0 2.5 4 1 2 5 5
1715.2 -6296.1 -67.6 182 0 11.3 13.0 10.0 2.5 2 1 4 2 2
1720.7 -6310.1 -66.6 182 0 13.1 10.3 7.5 2.5 2 0 3 4 4
1720.6 -6325.2 -65.8 182 0 12.5 14.9 7.5 2.5 2 1 3 0 0
1733.6 -6371.1 -60.6 183 0 8.8 14.1 2.5 2.5 2 1 1 0 0
1734.3 -6400.9 -60.1 185 0 14.3 12.3 7.5 2.5 2 0 3 4 4
1729.5 -6425.9 -61.6 180 0 14.5 11.4 5.0 2.5 2 0 2 0 0
1635.0 -6555.2 -66.3 187 0 8.9 9.7 5.0 2.5 2 1 2 4 4
1695.7 -6596.1 -66.6 91 0 8.0 9.3 5.0 2.5 2 1 2 3 3
1646.5 -6543.0 -67.9 181 0 9.0 11.8 2.5 2.5 4 1 1 5 5
1681.5 -6532.1 -67.4 0 0 13.9 11.9 10.0 2.5 2 0 4 1 1
1672.0 -6794.8 -69.7 1 0 11.0 8.9 2.5 2.5 2 0 1 5 5
1642.1 -6814.5 -69.5 185 0 10.7 12.6 5.0 2.5 2 1 2 1 1
1624.0 -6757.5 -66.5 183 0 10.1 10.2 2.5 0.0 0 1 1 1 1
1612.8 -6705.4 -65.0 182 0 7.1 12.4 5.0 2.5 2 1 2 4 4
1756.9 -6796.3 -65.6 3 0 10.4 19.0 5.0 2.5 2 1 2 1 1
1820.0 -6798.8 -61.7 122 0 9.9 10.0 5.0 2.5 2 1 2 1 1
1850.4 -6840.4 -63.9 115 0 8.2 13.4 7.5 2.5 2 1 3 0 0
1875.2 -6794.7 -61.1 281 0 11.5 18.1 7.5 2.5 2 1 3 5 5
2708.2 -5523.5 -61.1 167 0 21.0 15.0 12.5 2.5 2 0 5 3 3
2748.6 -5568.0 -57.3 76 0 15.1 22.5 12.5 2.5 2 1 5 5 5
2697.0 -5513.7 -62.3 185 0 7.3 7.0 5.0 0.0 0 0 2 0 0
2691.2 -5532.3 -63.0 179 0 18.3 13.8 12.5 2.5 2 0 5 2 2
2703.6 -5577.5 -63.1 83 0 16.5 32.5 15.0 0.0 0 1 6 0 0
2721.4 -5596.1 -58.4 75 0 14.3 16.5 5.0 2.5 2 1 2 0 0
2718.6 -5489.6 -60.7 277 0 14.3 19.5 10.0 2.5 2 1 4 3 3
2693.1 -5498.5 -62.9 187 0 15.9 13.5 2.5 2.5 2 0 1 4 4
2690.0 -5454.0 -64.8 276 0 9.0 88.0 7.5 2.5 2 1 3 5 5
2493.0 -6816.3 -35.0 120 0 6.9 9.2 5.0 2.5 2 1 2 5 5
2240.3 -6757.2 0.4 22 0 16.0 17.0 7.5 2.5 2 1 3 3 3
2290.7 -6642.6 -1.0 185 0 13.8 18.2 10.0 2.5 2 1 4 3 3
2523.9 -6763.7 -40.1 77 0 13.3 14.0 2.5 2.5 2 1 1 3 3
2377.1 -6229.8 -20.9 93 0 10.8 5.2 7.5 2.5 2 0 3 5 5
2431.0 -6277.9 -20.8 197 0 9.2 34.1 7.5 2.5 2 1 3 3 3
2269.8 -6295.4 -26.1 4 0 6.4 8.0 7.5 0.0 0 1 3 1 1
2262.6 -6269.8 -26.9 283 0 11.7 19.0 10.0 2.5 2 1 4 2 2
2246.7 -6270.8 -26.7 284 0 9.0 16.1 2.5 2.5 2 1 1 1 1
2275.6 -6368.3 -23.2 359 0 11.6 15.4 10.0 2.5 2 1 4 0 0
2275.4 -6394.8 -21.2 13 0 15.7 10.8 7.5 2.5 2 0 3 2 2
3299.0 -6112.3 -9.4 74 0 15.2 27.4 10.0 2.5 2 1 4 2 2
3918.3 -6126.0 -46.4 170 0 11.1 13.1 2.5 2.5 2 1 1 1 1
3879.5 -6118.3 -42.6 269 0 9.1 12.2 7.5 2.5 2 1 3 5 5
3833.6 -6157.2 -42.5 197 0 12.3 17.8 5.0 2.5 2 1 2 3 3
3958.6 -6308.0 -37.8 4 0 11.4 12.2 5.0 2.5 2 1 2 2 2
3800.1 -6276.0 -36.1 198 0 10.3 8.2 7.5 0.0 0 0 3 3 3
3783.2 -6315.7 -32.6 205 0 9.6 8.5 5.0 2.5 2 0 2 0 0
3757.6 -6354.0 -28.5 203 0 11.2 10.7 5.0 2.5 2 0 2 1 1
3804.5 -6544.8 -26.9 46 0 7.2 21.0 7.5 2.5 2 1 3 2 2
3704.0 -6456.2 -16.1 199 0 12.1 11.9 2.5 2.5 2 0 1 3 3
3698.3 -6477.0 -17.3 201 0 12.3 12.4 2.5 2.5 2 1 1 1 1
3723.8 -6532.1 -21.5 149 0 5.5 11.0 7.5 2.5 2 1 3 1 1
3749.2 -6584.9 -26.5 335 0 11.1 11.5 10.0 2.5 2 1 4 2 2
3776.5 -6610.8 -29.4 58 0 6.3 29.1 5.0 2.5 2 1 2 5 5
3768.0 -6611.8 -29.2 345 0 7.9 20.7 7.5 2.5 2 1 3 5 5
3689.7 -6560.9 -22.7 248 0 10.4 21.2 10.0 2.5 4 1 4 0 0
3659.5 -6560.3 -19.1 199 0 9.7 11.1 5.0 2.5 2 1 2 2 2
6109.3 -3707.5 -28.6 100 0 10.9 11.6 5.0 2.5 2 1 2 3 3
6382.0 -3799.6 -48.1 181 0 8.9 11.5 7.5 2.5 2 1 3 0 0
6791.0 -4153.4 -64.9 90 0 20.1 16.9 12.5 2.5 2 0 5 4 4
6815.3 -3849.8 -64.1 206 0 23.0 21.8 10.0 2.5 2 0 4 2 2
6693.4 -4072.6 -60.5 112 0 20.3 14.5 10.0 2.5 2 0 4 0 0
6590.4 -4147.1 -49.6 277 0 12.2 18.1 10.0 2.5 2 1 4 4 4
6587.6 -4182.7 -46.4 110 0 5.1 6.2 7.5 2.5 2 1 3 0 0
6512.7 -4119.8 -53.1 282 0 6.9 15.6 2.5 2.5 2 1 1 4 4
6462.7 -4002.9 -50.1 177 0 9.1 10.5 5.0 2.5 2 1 2 0 0
6460.7 -3987.3 -49.3 187 0 14.3 12.5 7.5 2.5 2 0 3 5 5
6491.6 -3942.1 -49.1 14 0 7.8 7.9 2.5 2.5 2 1 1 2 2
6663.7 -4041.4 -61.8 118 0 14.7 10.0 2.5 2.5 2 0 1 0 0
6215.4 -6791.8 -59.2 259 0 9.8 12.9 7.5 2.5 2 1 3 1 1
6263.9 -6716.7 -65.0 181 0 9.9 10.1 2.5 2.5 2 1 1 0 0
6264.0 -6752.3 -65.4 185 0 11.2 10.7 7.5 2.5 2 0 3 4 4
6190.1 -6802.9 -56.6 240 0 11.1 9.8 7.5 0.0 0 0 3 0 0
4443.0 -6006.8 -49.5 278 0 11.1 18.6 7.5 2.5 2 1 3 0 0
4422.1 -5999.8 -48.7 286 0 11.0 20.2 5.0 2.5 2 1 2 2 2
4112.2 -5988.8 -40.4 87 0 13.1 15.7 5.0 2.5 2 1 2 3 3
4063.0 -5865.6 -44.8 314 0 12.6 12.1 7.5 2.5 2 0 3 2 2
4002.3 -5844.3 -45.4 265 0 13.7 13.2 5.0 2.5 2 0 2 0 0
4486.4 -5462.1 11.2 4 0 17.4 15.5 12.5 0.0 0 0 5 4 4
4452.7 -5849.6 -46.4 72 0 14.8 15.8 5.0 2.5 2 1 2 4 4
4323.4 -5928.8 -45.0 91 0 16.2 13.1 2.5 2.5 2 0 1 2 2
4009.9 -5950.1 -44.3 124 0 12.4 15.7 5.0 2.5 2 1 2 0 0
4476.2 -6034.4 -51.5 111 0 10.2 11.5 5.0 0.0 0 1 2 1 1
5013.2 -4991.7 -36.0 89 0 16.1 21.6 10.0 2.5 2 1 4 1 1
5158.4 -5238.2 33.0 119 0 8.6 12.0 7.5 2.5 2 1 3 5 5
5139.4 -4905.7 -42.2 74 0 16.4 12.9 5.0 2.5 4 0 2 4 4
5151.1 -4907.7 -41.2 89 0 6.4 9.5 7.5 2.5 4 1 3 3 3
5122.1 -4901.0 -42.1 251 0 7.2 7.9 2.5 2.5 2 1 1 1 1
5069.2 -4989.5 -37.7 81 0 12.7 13.3 2.5 2.5 2 1 1 4 4
4920.3 -5024.2 -30.9 98 0 20.7 17.4 10.0 2.5 2 0 4 1 1
4955.6 -4960.8 -34.4 266 0 16.8 15.2 12.5 2.5 2 0 5 2 2
4663.9 -5135.9 -1.8 92 0 21.9 14.8 15.0 0.0 0 0 6 0 0
4891.3 -5315.8 -19.1 176 0 15.0 14.0 5.0 2.5 4 0 2 5 5
4773.0 -5293.8 -4.3 97 0 7.5 6.3 7.5 2.5 2 0 3 1 1
4775.1 -5396.5 -12.3 174 0 11.9 15.0 7.5 2.5 2 1 3 4 4
4727.4 -5285.9 -2.9 292 0 13.4 16.2 2.5 2.5 2 1 1 2 2
4622.6 -5228.1 2.4 173 0 16.1 12.2 5.0 2.5 2 0 2 4 4
4661.8 -5254.2 5.4 335 0 7.7 12.4 7.5 2.5 2 1 3 1 1
4635.4 -5262.7 6.1 181 0 10.5 14.8 2.5 2.5 2 1 1 3 3
4650.2 -5364.6 0.5 89 0 16.1 15.7 10.0 2.5 2 0 4 5 5
4693.5 -5221.5 4.3 24 0 11.6 13.4 7.5 2.5 2 1 3 1 1
4673.9 -5216.3 4.7 262 0 7.2 8.9 2.5 2.5 2 1 1 4 4
4687.0 -5320.7 -0.8 111 0 15.6 15.0 7.5 2.5 2 0 3 1 1
4676.4 -5392.6 -3.3 120 0 12.4 12.2 5.0 2.5 2 0 2 3 3
4948.7 -5246.3 -5.6 92 0 17.8 14.8 12.5 2.5 2 0 5 0 0
4951.1 -5140.6 -13.9 99 0 13.5 16.2 5.0 2.5 2 1 2 4 4
4699.7 -5285.9 -0.3 291 0 13.8 10.6 2.5 2.5 2 0 1 0 0
4704.4 -5098.4 -6.2 268 0 16.5 14.5 5.0 2.5 2 0 2 4 4
4751.9 -5185.8 0.1 90 0 10.3 11.6 7.5 2.5 2 1 3 0 0
5068.7 -4898.9 -41.3 305 0 13.7 17.7 5.0 2.5 2 1 2 2 2
4708.6 -5981.7 -64.9 196 0 14.8 17.5 12.5 2.5 2 1 5 2 2
5169.8 -5866.5 -60.0 264 0 13.3 12.0 5.0 0.0 0 0 2 0 0
5117.7 -5836.3 -53.1 80 0 12.5 12.8 5.0 2.5 2 1 2 2 2
5133.5 -5874.7 -60.3 269 0 13.3 17.0 5.0 2.5 2 1 2 5 5
5133.0 -5943.2 -65.3 359 0 17.4 15.6 7.5 2.5 2 0 3 1 1
5057.4 -5945.9 -65.1 180 0 17.1 12.2 7.5 2.5 2 0 3 4 4
5066.9 -5844.0 -51.7 89 0 10.6 14.0 2.5 2.5 2 1 1 4 4
5050.4 -5846.7 -51.3 89 0 13.2 17.5 7.5 2.5 2 1 3 1 1
5016.7 -5846.9 -49.2 93 0 7.6 10.2 5.0 2.5 2 1 2 0 0
5032.9 -5846.3 -50.2 86 0 14.1 10.8 2.5 2.5 2 0 1 3 3
4978.1 -5986.3 -67.3 84 0 10.1 15.2 7.5 2.5 2 1 3 1 1
4889.9 -5945.0 -63.2 272 0 14.2 13.7 2.5 2.5 2 0 1 4 4
4790.4 -6026.2 -69.0 199 0 11.1 15.2 7.5 2.5 2 1 3 1 1
4597.7 -5775.6 -48.4 211 0 14.2 23.5 12.5 0.0 0 1 5 4 4
4594.0 -5802.4 -49.6 181 0 10.4 16.6 7.5 2.5 2 1 3 2 2
4626.7 -5753.5 -46.5 252 0 11.7 15.7 2.5 2.5 2 1 1 3 3
4614.2 -5973.9 -58.9 188 0 8.6 8.5 5.0 2.5 2 0 2 5 5
4665.1 -5754.3 -46.7 268 0 21.3 15.9 12.5 2.5 2 0 5 4 4
4700.3 -5747.0 -45.9 267 0 13.2 10.8 5.0 2.5 4 0 2 3 3
4706.1 -5792.1 -49.5 3 0 15.1 14.8 7.5 2.5 2 0 3 3 3
4781.3 -5661.1 -38.8 1 0 15.3 22.0 12.5 2.5 2 1 5 0 0
4799.3 -5647.1 -37.7 174 0 13.8 14.7 7.5 2.5 2 1 3 5 5
4859.6 -5629.4 -36.5 15 0 12.3 11.4 5.0 2.5 2 0 2 4 4
4764.3 -5546.0 -20.4 2 0 15.9 15.3 7.5 2.5 2 0 3 0 0
4772.3 -5581.5 -23.2 2 0 11.1 10.4 5.0 0.0 0 0 2 2 2
4859.0 -5538.3 -27.5 0 0 21.5 13.6 12.5 2.5 2 0 5 1 1
4819.8 -5699.1 -42.2 189 0 9.1 8.3 5.0 0.0 0 0 2 2 2
4764.5 -5487.9 -17.5 283 0 14.9 14.3 10.0 2.5 2 0 4 1 1
4797.6 -5482.5 -20.1 177 0 11.6 15.0 7.5 2.5 2 1 3 1 1
4885.7 -5763.7 -44.4 344 0 12.2 11.0 5.0 2.5 2 0 2 3 3
4859.3 -5472.4 -24.5 360 0 16.2 13.3 5.0 2.5 2 0 2 1 1
4796.0 -5928.8 -61.1 89 0 9.6 8.7 7.5 2.5 4 0 3 3 3
5156.3 -5837.4 -55.6 80 0 9.6 13.1 7.5 2.5 2 1 3 0 0
4602.0 -5440.7 0.9 126 0 16.3 12.1 5.0 2.5 2 0 2 2 2
4725.8 -5941.7 -62.3 270 0 6.7 6.7 2.5 2.5 2 0 1 0 0
4838.2 -5715.7 -44.0 219 0 9.1 9.2 2.5 2.5 2 1 1 3 3
4674.3 -5818.4 -50.9 89 0 10.7 10.7 2.5 2.5 2 1 1 5 5
5191.2 -6284.4 -68.0 100 0 15.4 8.3 2.5 2.5 2 0 1 5 5
5186.5 -6044.6 -71.5 203 0 14.0 10.4 2.5 2.5 2 0 1 4 4
5178.3 -6083.8 -70.9 197 0 10.7 9.2 5.0 2.5 2 0 2 0 0
5121.7 -6160.6 -63.8 2 0 20.3 11.0 2.5 2.5 2 0 1 4 4
4629.6 -6312.0 -54.2 269 0 12.1 10.6 2.5 2.5 2 0 1 0 0
1290.9 -5101.5 -67.8 123 0 10.2 5.1 2.5 2.5 2 0 1 5 5
1328.5 -5118.8 -70.4 136 0 6.6 9.4 2.5 2.5 2 1 1 5 5
1338.7 -5135.9 -71.2 142 0 8.3 9.4 7.5 2.5 2 1 3 2 2
1352.1 -5107.5 -71.3 163 0 5.5 6.5 7.5 2.5 2 1 3 4 4
1375.8 -5180.7 -73.3 182 0 8.4 8.3 7.5 2.5 2 0 3 4 4
1364.3 -5191.2 -73.0 165 0 9.1 7.7 7.5 2.5 2 0 3 4 4
4630.9 -6367.9 -43.3 146 0 7.6 10.9 7.5 2.5 2 1 3 5 5
4713.0 -6163.5 -64.2 162 0 12.5 12.9 7.5 2.5 2 1 3 4 4
4716.1 -6105.3 -65.0 182 0 14.2 14.7 2.5 2.5 2 1 1 4 4
4744.8 -6138.9 -65.4 336 0 7.5 10.4 5.0 2.5 2 1 2 3 3
4824.0 -6057.1 -66.8 96 0 13.4 11.0 2.5 2.5 2 0 1 4 4
5072.0 -6097.1 -63.5 1 0 11.6 14.7 5.0 2.5 2 1 2 5 5
5066.1 -6162.2 -58.1 178 0 11.3 15.8 5.0 0.0 0 1 2 1 1
5090.8 -6227.0 -58.5 4 0 15.5 14.0 5.0 2.5 2 0 2 2 2
5039.6 -6308.2 -51.4 111 0 13.1 10.4 7.5 2.5 2 0 3 2 2
5065.7 -6342.4 -54.6 109 0 14.7 11.5 5.0 2.5 2 0 2 1 1
4982.1 -6314.3 -43.1 21 0 9.9 10.3 7.5 2.5 2 1 3 3 3
4978.1 -6237.9 -47.6 283 0 13.0 8.9 7.5 2.5 2 0 3 1 1
4962.6 -6172.7 -55.7 103 0 12.1 12.5 2.5 2.5 2 1 1 2 2
4903.2 -6212.2 -52.6 200 0 14.8 15.2 2.5 2.5 2 1 1 5 5
4811.5 -6262.6 -57.6 176 0 13.4 16.6 10.0 2.5 2 1 4 3 3
4845.9 -6062.6 -65.9 96 0 13.7 7.6 7.5 2.5 2 0 3 3 3
5021.9 -6111.3 -61.7 188 0 12.4 14.5 5.0 2.5 2 1 2 3 3
5297.8 -4842.8 -46.6 84 0 6.5 8.3 2.5 2.5 2 0 1 3 3
5594.8 -4823.6 -39.5 250 0 10.2 15.4 5.0 0.0 0 1 2 0 0
6676.2 -6424.3 -76.4 178 0 10.5 10.5 2.5 0.0 0 0 1 3 3
6676.4 -6271.8 -76.9 333 0 16.4 17.5 12.5 0.0 0 1 5 0 0
6829.0 -6455.9 -77.1 360 0 11.8 15.2 5.0 2.5 2 1 2 3 3
6821.2 -6550.9 -75.9 91 0 12.7 19.1 7.5 2.5 2 1 3 0 0
6762.2 -6578.8 -75.3 269 0 20.2 14.7 10.0 2.5 2 0 4 2 2
6665.5 -6517.4 -75.2 2 0 10.9 7.5 5.0 2.5 4 0 2 4 4
6603.1 -6481.2 -75.4 270 0 7.7 15.8 7.5 2.5 2 1 3 3 3
6599.5 -6438.6 -75.8 95 0 5.4 14.4 2.5 2.5 2 1 1 4 4
6605.1 -6539.7 -74.7 0 0 12.0 14.4 7.5 2.5 2 1 3 3 3
6652.2 -6444.9 -76.2 102 0 13.0 15.6 7.5 2.5 2 1 3 2 2
6691.0 -6600.3 -74.8 265 0 14.0 13.6 5.0 0.0 0 0 2 3 3
6843.8 -6186.0 -78.1 1 0 11.8 14.1 5.0 2.5 2 1 2 2 2
6887.8 -6314.8 -77.5 352 0 14.2 7.8 7.5 0.0 0 0 3 5 5
6905.0 -6500.2 -77.1 12 0 11.7 14.2 10.0 0.0 0 1 4 5 5
6844.9 -6595.0 -75.6 275 0 10.9 13.6 2.5 2.5 2 1 1 0 0
6860.9 -6595.0 -75.6 272 0 15.2 14.1 5.0 2.5 2 0 2 4 4
6911.7 -6611.2 -75.7 186 0 8.2 10.6 5.0 2.5 2 1 2 0 0
6841.5 -6577.1 -75.6 90 0 12.2 22.6 10.0 2.5 2 1 4 1 1
6885.9 -6342.9 -77.6 1 0 17.6 12.7 7.5 2.5 2 0 3 0 0
6829.9 -6104.9 -79.4 10 0 20.1 10.2 7.5 2.5 2 0 3 2 2
6652.9 -6023.2 -79.7 287 0 15.7 16.4 7.5 2.5 2 1 3 4 4
6515.8 -6276.8 -76.5 271 0 11.4 14.0 7.5 2.5 2 1 3 5 5
6885.0 -6302.7 -77.5 354 0 9.6 12.5 7.5 2.5 2 1 3 4 4
6470.1 -6374.3 -75.3 254 0 11.9 12.7 7.5 2.5 2 1 3 4 4
3637.0 -6641.6 -13.2 254 0 11.7 22.0 10.0 2.5 2 1 4 1 1
3632.9 -6678.7 -10.5 354 0 10.6 12.8 5.0 0.0 0 1 2 5 5
3661.8 -6676.7 -19.4 175 0 15.5 30.8 10.0 0.0 0 1 4 2 2
3667.6 -6736.7 -16.1 181 0 8.6 11.8 2.5 2.5 2 1 1 5 5
3659.5 -6726.3 -15.2 181 0 9.3 12.7 2.5 2.5 2 1 1 0 0
3677.5 -6722.3 -18.3 183 0 12.6 14.4 5.0 2.5 2 1 2 4 4
3659.9 -6706.0 -15.0 182 0 3.9 7.8 5.0 2.5 2 1 2 0 0
4302.5 -6414.0 -60.5 91 0 22.6 17.5 10.0 0.0 0 0 4 0 0
4341.2 -6188.2 -56.4 89 0 15.8 14.3 5.0 2.5 4 0 2 2 2
4495.2 -6449.0 -49.5 16 0 28.2 13.6 10.0 2.5 4 0 4 3 3
4377.2 -6624.3 -37.9 70 0 14.2 11.8 7.5 2.5 2 0 3 1 1
4150.4 -6548.8 -52.3 54 0 22.4 16.3 15.0 0.0 0 0 6 2 2
4059.8 -6589.4 -51.7 315 0 19.5 8.0 5.0 2.5 2 0 2 4 4
4053.3 -6556.3 -52.0 315 0 8.0 76.0 7.5 2.5 2 1 3 0 0
3991.8 -6608.9 -49.4 127 0 8.0 76.3 7.5 2.5 2 1 3 5 5
4112.7 -6063.3 -37.5 90 0 14.8 13.8 7.5 2.5 2 0 3 3 3
4238.3 -6135.4 -52.2 1 0 14.0 8.2 5.0 2.5 2 0 2 5 5
4242.7 -6248.0 -63.1 268 0 9.6 7.8 5.0 2.5 2 0 2 4 4
4313.4 -6062.9 -47.2 89 0 9.7 12.9 7.5 2.5 4 1 3 4 4
4382.8 -6059.3 -47.2 19 0 8.1 75.8 7.5 2.5 2 1 3 1 1
4330.2 -6022.0 -47.3 192 0 8.4 60.2 7.5 2.5 2 1 3 4 4
4386.2 -6146.9 -53.5 274 0 15.5 13.9 10.0 2.5 2 0 4 2 2
3630.2 -6791.7 -10.0 2 0 7.1 15.2 7.5 0.0 0 1 3 5 5
4263.2 -6830.3 -24.9 89 0 7.3 9.3 5.0 2.5 2 1 2 5 5
4258.8 -6848.2 -26.2 181 0 29.8 7.4 7.5 2.5 2 0 3 0 0
4312.8 -6841.3 -23.6 1 0 10.9 6.8 5.0 2.5 2 0 2 1 1
4488.6 -6768.8 -26.8 237 0 5.4 7.4 2.5 2.5 2 1 1 0 0
4236.2 -6628.3 -40.2 2 0 7.0 11.7 2.5 2.5 2 1 1 3 3
6178.2 -6390.9 -62.7 252 0 8.5 7.6 7.5 2.5 2 0 3 1 1
6030.2 -6234.6 -70.1 193 0 11.2 11.2 5.0 2.5 2 1 2 1 1
6059.7 -6154.7 -70.5 225 0 8.0 11.9 2.5 2.5 2 1 1 5 5
6027.7 -6263.5 -70.0 279 0 13.1 10.4 7.5 2.5 2 0 3 2 2
5267.2 -5866.8 -63.4 84 0 10.0 10.4 7.5 2.5 2 1 3 0 0
5241.2 -5780.1 -56.8 185 0 10.3 9.0 7.5 2.5 2 0 3 5 5
5263.4 -5812.2 -59.0 84 0 16.0 15.1 7.5 2.5 2 0 3 1 1
5303.1 -5797.7 -59.7 77 0 13.6 14.6 5.0 2.5 2 1 2 3 3
5339.3 -5798.6 -61.5 108 0 18.9 21.4 10.0 2.5 2 1 4 1 1
5299.2 -5833.5 -63.7 265 0 12.3 18.7 5.0 0.0 0 1 2 4 4
5343.0 -5538.7 -47.1 94 0 10.8 14.2 7.5 2.5 2 1 3 5 5
5393.2 -5561.6 -50.0 95 0 15.8 16.2 12.5 2.5 4 1 5 4 4
5398.6 -5534.3 -48.1 3 0 7.2 10.7 5.0 2.5 2 1 2 0 0
5447.5 -5827.1 -69.4 266 0 14.2 11.7 5.0 2.5 2 0 2 0 0
5463.7 -5849.7 -70.2 90 0 8.6 15.3 5.0 2.5 2 1 2 3 3
5500.9 -5808.3 -69.2 93 0 10.2 17.1 10.0 0.0 0 1 4 1 1
5525.9 -5806.9 -69.9 89 0 11.1 12.7 5.0 2.5 2 1 2 5 5
5557.5 -5875.9 -71.0 75 0 10.3 6.9 2.5 2.5 4 0 1 0 0
5563.7 -5828.5 -70.5 253 0 7.6 8.9 5.0 2.5 2 1 2 2 2
5654.1 -5770.1 -69.0 158 0 13.1 12.3 5.0 2.5 2 0 2 0 0
5569.6 -5992.9 -72.7 193 0 8.8 5.6 7.5 2.5 4 0 3 1 1
5599.7 -6021.9 -73.2 99 0 7.7 9.9 5.0 2.5 2 1 2 5 5
5756.8 -5841.8 -67.2 190 0 6.3 11.2 5.0 2.5 2 1 2 2 2
5786.6 -5866.4 -67.6 10 0 12.1 24.8 10.0 2.5 4 1 4 1 1
5769.2 -5888.3 -68.0 101 0 12.4 18.2 5.0 2.5 2 1 2 3 3
5712.2 -5850.6 -69.0 111 0 11.1 13.5 5.0 2.5 2 1 2 1 1
5743.2 -5780.1 -66.7 281 0 13.3 12.0 7.5 2.5 2 0 3 2 2
5692.5 -5788.3 -68.5 40 0 10.8 16.5 7.5 2.5 2 1 3 3 3
5719.9 -5754.1 -66.7 30 0 12.3 11.1 5.0 2.5 2 0 2 0 0
5734.8 -5725.2 -65.3 96 0 8.5 10.2 5.0 2.5 2 1 2 1 1
5752.1 -5764.4 -65.6 95 0 9.4 8.6 5.0 2.5 2 0 2 1 1
5735.4 -5673.4 -64.5 199 0 9.1 10.0 7.5 2.5 2 1 3 4 4
5760.4 -5667.3 -63.3 200 0 11.9 12.3 2.5 2.5 2 1 1 1 1
5754.8 -5682.1 -63.6 204 0 11.1 11.6 5.0 2.5 2 1 2 4 4
5704.8 -5687.2 -65.9 204 0 8.0 8.8 7.5 2.5 2 1 3 5 5
5787.7 -5640.0 -62.6 289 0 12.6 13.4 7.5 2.5 4 1 3 2 2
6876.6 -4698.4 -49.9 16 0 17.9 15.6 7.5 2.5 2 0 3 3 3
6846.8 -4694.1 -47.7 104 0 10.7 25.6 12.5 2.5 2 1 5 5 5
6827.8 -4570.5 -47.3 96 0 6.6 5.0 5.0 2.5 2 0 2 4 4
6847.3 -4486.3 -52.1 9 0 7.0 17.0 7.5 2.5 2 1 3 5 5
6902.6 -4302.0 -65.2 354 0 10.8 20.3 10.0 0.0 0 1 4 5 5
6884.4 -4373.2 -61.4 178 0 9.8 6.4 7.5 0.0 0 0 3 2 2
6903.4 -4396.7 -62.6 10 0 11.1 18.9 2.5 2.5 2 1 1 1 1
6908.8 -4430.0 -62.1 359 0 6.5 11.0 2.5 2.5 2 1 1 5 5
6912.6 -4581.2 -58.0 6 0 10.8 10.1 7.5 2.5 2 0 3 5 5
5284.6 -6837.0 -56.9 117 0 12.7 14.7 2.5 2.5 2 1 1 2 2
5163.2 -6757.3 -52.3 298 0 7.2 12.0 5.0 2.5 2 1 2 3 3
5133.6 -6747.8 -50.5 299 0 12.0 12.0 5.0 2.5 2 1 2 5 5
5085.3 -6751.0 -47.7 119 0 12.0 12.0 5.0 2.5 2 1 2 0 0
5258.6 -6664.8 -58.1 96 0 10.2 10.6 5.0 0.0 0 1 2 3 3
5315.7 -6679.7 -61.9 94 0 9.3 13.7 7.5 2.5 2 1 3 3 3
5362.4 -6681.4 -63.9 91 0 13.5 18.8 10.0 2.5 2 1 4 3 3
5434.2 -6675.4 -66.0 205 0 10.5 9.7 5.0 2.5 2 0 2 2 2
5448.0 -6688.1 -65.1 110 0 11.4 11.2 5.0 2.5 2 0 2 1 1
5771.7 -6821.7 -30.6 91 0 13.4 13.7 5.0 2.5 2 1 2 3 3
5796.0 -5291.7 -49.5 96 0 7.0 10.2 5.0 2.5 2 1 2 2 2
5847.7 -5307.4 -53.6 198 0 9.8 9.6 5.0 0.0 0 0 2 4 4
5864.2 -5281.2 -52.5 199 0 8.4 9.4 7.5 2.5 2 1 3 0 0
5884.8 -5328.1 -56.3 114 0 12.5 10.8 2.5 2.5 2 0 1 5 5
5916.5 -5400.5 -62.4 25 0 8.3 13.0 7.5 2.5 2 1 3 5 5
5942.0 -5328.9 -58.8 13 0 12.6 11.4 7.5 2.5 2 0 3 3 3
5949.5 -5302.5 -57.3 11 0 11.8 8.8 5.0 2.5 2 0 2 0 0
5961.7 -5242.0 -53.7 7 0 10.6 9.5 2.5 2.5 2 0 1 5 5
5963.2 -5161.4 -51.2 13 0 13.4 18.7 12.5 2.5 2 1 5 3 3
5908.0 -5100.7 -46.1 101 0 12.3 10.9 7.5 0.0 0 0 3 1 1
5932.6 -5016.6 -47.6 10 0 16.3 10.4 2.5 2.5 2 0 1 5 5
5897.6 -5038.2 -44.2 279 0 5.6 7.0 2.5 2.5 2 1 1 5 5
5949.2 -4965.9 -51.3 14 0 11.6 11.3 2.5 2.5 2 0 1 1 1
5944.1 -4941.1 -52.0 14 0 10.3 12.1 5.0 2.5 4 1 2 0 0
5965.0 -4918.9 -55.1 15 0 15.1 13.6 7.5 2.5 4 0 3 5 5
5982.0 -4872.7 -58.3 339 0 10.1 7.0 2.5 2.5 2 0 1 0 0
5955.0 -4849.9 -57.0 318 0 11.5 8.6 5.0 2.5 2 0 2 0 0
5829.7 -5022.8 -37.8 286 0 6.3 8.5 5.0 2.5 2 1 2 1 1
5861.0 -4918.9 -45.8 110 0 7.0 7.8 7.5 2.5 2 1 3 3 3
5902.2 -4903.7 -50.0 270 0 10.8 15.6 7.5 2.5 2 1 3 0 0
5950.8 -5197.3 -50.3 8 0 7.5 6.5 7.5 2.5 2 0 3 1 1
5970.6 -4832.5 -60.4 144 0 7.1 12.7 5.0 2.5 2 1 2 4 4
5989.0 -4855.4 -61.0 175 0 16.9 13.2 7.5 2.5 2 0 3 2 2
6001.8 -4894.9 -60.5 179 0 12.0 12.4 5.0 2.5 2 1 2 1 1
5997.8 -4912.6 -59.5 183 0 12.4 14.6 5.0 2.5 2 1 2 5 5
5957.3 -5005.6 -50.7 182 0 9.9 6.7 2.5 2.5 2 0 1 2 2
5983.6 -5052.6 -52.7 101 0 12.9 13.2 7.5 0.0 0 1 3 5 5
6003.1 -5066.2 -55.2 98 0 24.6 41.4 10.0 0.0 0 1 4 5 5
6007.2 -5116.3 -55.6 187 0 13.1 9.6 7.5 0.0 0 0 3 5 5
6049.5 -5156.2 -59.0 5 0 13.5 12.4 2.5 0.0 0 0 1 3 3
6910.0 -4834.8 -50.3 18 0 18.6 14.9 10.0 2.5 2 0 4 2 2
6885.8 -4869.9 -51.8 214 0 11.6 8.1 2.5 2.5 2 0 1 4 4
6404.0 -5394.6 -65.5 109 0 10.5 8.9 5.0 2.5 2 0 2 2 2
6422.9 -5381.5 -65.8 19 0 8.3 8.1 5.0 0.0 0 0 2 2 2
6506.1 -5294.5 -68.7 59 0 8.7 15.7 7.5 2.5 2 1 3 4 4
6701.9 -4910.1 -49.0 242 0 12.3 11.6 5.0 2.5 2 0 2 2 2
6721.3 -4969.7 -45.1 67 0 14.1 17.8 10.0 2.5 2 1 4 0 0
6741.1 -4951.6 -45.2 284 0 7.4 8.8 5.0 2.5 2 1 2 0 0
6793.1 -4957.2 -50.5 16 0 11.9 9.5 5.0 2.5 2 0 2 3 3
6792.9 -4941.4 -51.4 6 0 8.7 10.0 5.0 2.5 2 1 2 1 1
6815.1 -4940.6 -55.4 204 0 12.4 9.9 5.0 2.5 2 0 2 0 0
6816.5 -4863.3 -52.3 117 0 21.1 15.8 15.0 0.0 0 0 6 4 4
6786.5 -4890.0 -53.7 297 0 7.5 11.9 7.5 2.5 2 1 3 3 3
6878.3 -4864.8 -51.9 205 0 11.3 7.0 5.0 2.5 2 0 2 1 1
6018.0 -5151.0 -57.7 188 0 14.8 17.8 12.5 2.5 2 1 5 1 1
5997.6 -5145.0 -55.7 185 0 14.6 17.1 5.0 2.5 2 1 2 4 4
5985.6 -5189.2 -54.6 190 0 10.9 12.7 7.5 2.5 2 1 3 0 0
5989.4 -5201.2 -55.1 191 0 9.5 13.4 7.5 2.5 2 1 3 3 3
5985.2 -5213.1 -54.9 190 0 11.1 14.5 5.0 2.5 4 1 2 3 3
6003.2 -5226.2 -56.0 191 0 10.7 6.4 7.5 2.5 2 0 3 0 0
6017.2 -5228.7 -56.7 10 0 9.7 5.1 7.5 2.5 2 0 3 0 0
6027.2 -5290.3 -60.5 194 0 11.0 9.3 2.5 2.5 2 0 1 1 1
5936.5 -5395.8 -63.3 179 0 4.7 7.7 7.5 2.5 4 1 3 0 0
5944.2 -5368.1 -62.1 191 0 6.9 11.7 7.5 2.5 2 1 3 3 3
5945.7 -5357.5 -61.8 190 0 6.0 15.7 7.5 2.5 2 1 3 1 1
5956.3 -5339.4 -60.6 183 0 9.9 9.8 5.0 2.5 2 0 2 0 0
5956.5 -5315.8 -59.1 188 0 8.4 11.2 2.5 2.5 2 1 1 5 5
5968.5 -5411.8 -66.2 191 0 14.1 8.6 7.5 2.5 2 0 3 0 0
6039.0 -5377.4 -66.5 5 0 11.1 8.7 7.5 2.5 2 0 3 1 1
6095.1 -5349.0 -66.8 7 0 5.6 14.8 5.0 2.5 4 1 2 3 3
6078.3 -5347.4 -66.2 3 0 10.2 10.9 7.5 2.5 2 1 3 4 4
6083.1 -5420.0 -69.0 3 0 6.8 10.9 7.5 2.5 2 1 3 2 2
6085.8 -5410.3 -70.0 5 0 6.7 12.8 7.5 2.5 2 1 3 3 3
6066.2 -5418.4 -69.3 3 0 9.4 7.2 7.5 2.5 2 0 3 5 5
6109.1 -5386.0 -70.8 177 0 9.4 14.3 7.5 2.5 2 1 3 1 1
6125.9 -5329.7 -68.9 200 0 9.5 16.9 5.0 2.5 2 1 2 3 3
6104.0 -5320.5 -65.8 101 0 10.3 13.8 5.0 2.5 2 1 2 4 4
6144.3 -5255.4 -68.7 10 0 10.9 9.6 2.5 2.5 2 0 1 0 0
6159.5 -5194.6 -69.9 96 0 9.5 10.7 5.0 2.5 4 1 2 5 5
6327.9 -5409.0 -67.2 0 0 10.5 12.4 5.0 2.5 2 1 2 4 4
6346.4 -5150.8 -65.0 269 0 16.9 14.1 2.5 0.0 0 0 1 1 1
6368.4 -5138.7 -64.1 94 0 13.6 14.2 10.0 2.5 2 1 4 1 1
6268.9 -4845.2 -73.3 8 0 19.1 16.4 7.5 2.5 2 0 3 5 5
5966.6 -5219.8 -52.3 9 0 7.2 8.7 7.5 2.5 2 1 3 2 2
5940.3 -5379.5 -62.9 191 0 14.2 10.9 5.0 2.5 2 0 2 0 0
6914.3 -5353.7 -55.7 104 0 8.8 8.0 7.5 2.5 2 0 3 4 4
6904.5 -5386.2 -57.2 11 0 10.9 9.5 5.0 2.5 2 0 2 0 0
6887.5 -5370.0 -58.4 283 0 11.5 13.8 7.5 2.5 2 1 3 1 1
6854.6 -5376.9 -60.4 283 0 13.8 10.7 2.5 2.5 2 0 1 2 2
6877.0 -5314.7 -57.9 183 0 11.5 11.0 7.5 2.5 2 0 3 2 2
6853.8 -5302.4 -59.7 181 0 12.5 9.3 5.0 2.5 2 0 2 1 1
6865.1 -5196.5 -59.1 17 0 20.2 14.7 10.0 2.5 2 0 4 2 2
6737.2 -5418.2 -66.4 262 0 9.7 9.7 7.5 2.5 2 0 3 3 3
6371.2 -5918.3 -77.6 182 0 14.4 12.5 5.0 2.5 4 0 2 1 1
6380.7 -5826.7 -77.2 11 0 14.4 12.5 7.5 2.5 2 0 3 5 5
6353.0 -5869.8 -76.9 277 0 21.0 12.7 7.5 2.5 2 0 3 0 0
6336.6 -5736.8 -75.8 287 0 12.5 14.4 7.5 2.5 2 1 3 3 3
6334.6 -5793.6 -76.1 96 0 18.6 11.7 7.5 0.0 0 0 3 3 3
6348.7 -5761.3 -76.3 107 0 12.5 14.4 7.5 2.5 2 1 3 1 1
6362.5 -5722.0 -76.4 287 0 12.5 14.4 2.5 2.5 4 1 1 2 2
6278.0 -5771.6 -74.5 107 0 12.5 14.4 5.0 0.0 0 1 2 4 4
6325.8 -5685.4 -75.2 11 0 14.4 12.5 5.0 2.5 2 0 2 0 0
6328.3 -5586.4 -70.6 277 0 14.3 12.6 7.5 2.5 2 0 3 1 1
6304.3 -5434.8 -66.6 269 0 12.5 14.4 7.5 2.5 2 1 3 1 1
6298.3 -5493.8 -66.2 89 0 12.5 14.4 2.5 2.5 2 1 1 5 5
6268.0 -5609.1 -72.3 157 0 12.5 14.3 7.5 2.5 2 1 3 1 1
6271.0 -5527.5 -67.5 67 0 14.3 12.5 7.5 2.5 2 0 3 2 2
6298.6 -5736.0 -75.0 179 0 14.4 12.5 5.0 2.5 2 0 2 5 5
6197.9 -5774.3 -72.4 98 0 10.7 10.1 2.5 2.5 2 0 1 5 5
6201.7 -5794.2 -72.6 270 0 10.7 10.1 7.5 2.5 2 0 3 3 3
6218.8 -5827.9 -73.1 87 0 10.7 10.1 2.5 2.5 2 0 1 0 0
6177.3 -5794.3 -71.9 279 0 10.7 10.1 5.0 2.5 2 0 2 3 3
6127.6 -5798.7 -70.7 274 0 10.7 10.1 2.5 2.5 2 0 1 0 0
6107.8 -5824.3 -70.7 94 0 10.7 10.1 2.5 2.5 2 0 1 1 1
6105.6 -5793.6 -70.8 274 0 10.7 10.1 5.0 2.5 2 0 2 4 4
6108.2 -5775.8 -70.9 274 0 10.7 10.1 10.0 2.5 2 0 4 4 4
6089.9 -5773.8 -71.1 274 0 10.7 10.1 7.5 2.5 2 0 3 2 2
6075.0 -5830.8 -71.1 94 0 10.7 10.1 5.0 2.5 2 0 2 4 4
6038.4 -5883.0 -71.4 293 0 10.7 10.1 2.5 2.5 2 0 1 1 1
6078.2 -5893.0 -70.7 269 0 14.6 15.0 2.5 2.5 2 1 1 1 1
6046.1 -5969.7 -70.8 178 0 15.0 14.6 7.5 2.5 2 0 3 4 4
6056.3 -6023.1 -70.3 178 0 15.0 14.6 7.5 0.0 0 0 3 2 2
6097.6 -6035.7 -71.0 90 0 18.7 15.1 7.5 2.5 2 0 3 0 0
6017.2 -6004.0 -71.2 319 0 14.6 15.0 10.0 2.5 2 1 4 0 0
5964.5 -5963.5 -72.0 193 0 14.6 15.0 5.0 2.5 2 1 2 5 5
5963.9 -5868.6 -72.5 194 0 14.6 15.0 7.5 2.5 2 1 3 0 0
5978.3 -5908.5 -72.2 91 0 14.9 14.6 7.5 0.0 0 0 3 3 3
6020.3 -5915.6 -71.5 118 0 14.6 15.1 7.5 2.5 2 1 3 4 4
6006.5 -5850.3 -71.9 193 0 14.6 15.0 5.0 0.0 0 1 2 4 4
5989.6 -5829.7 -72.3 85 0 4.6 7.7 7.5 2.5 2 1 3 0 0
6001.3 -5908.0 -71.8 103 0 15.0 14.6 2.5 2.5 2 0 1 4 4
6012.1 -5782.8 -72.4 13 0 14.6 15.0 5.0 2.5 2 1 2 5 5
6025.8 -5731.1 -71.6 5 0 15.0 14.5 5.0 2.5 2 0 2 1 1
6030.7 -5709.9 -70.1 1 0 12.3 13.4 5.0 2.5 4 1 2 5 5
6005.2 -5727.8 -69.2 1 0 12.3 13.4 5.0 2.5 2 1 2 2 2
6031.6 -5631.7 -63.1 1 0 12.3 13.4 10.0 2.5 2 1 4 2 2
6679.1 -5425.9 -67.2 89 0 13.8 11.4 7.5 2.5 2 0 3 0 0
6706.1 -5359.5 -66.8 359 0 10.9 13.2 5.0 2.5 2 1 2 1 1
6852.7 -5389.1 -60.4 279 0 13.9 10.2 2.5 2.5 2 0 1 0 0
6794.0 -5330.5 -63.7 92 0 14.5 11.4 7.5 2.5 4 0 3 5 5
6821.0 -5327.7 -62.7 3 0 12.4 13.3 7.5 2.5 2 1 3 1 1
6839.1 -5330.3 -61.8 2 0 14.3 12.8 10.0 0.0 0 0 4 0 0
6840.7 -5353.6 -61.7 4 0 14.6 15.5 7.5 2.5 2 1 3 3 3
6816.4 -5252.4 -61.6 279 0 12.0 11.6 7.5 2.5 2 0 3 0 0
5195.1 -6601.2 -53.8 203 0 8.4 11.4 5.0 2.5 2 1 2 4 4
5203.9 -6591.6 -54.2 179 0 9.3 9.5 5.0 2.5 2 1 2 0 0
5277.2 -6585.6 -58.7 283 0 12.1 10.0 7.5 2.5 4 0 3 3 3
5347.9 -6606.5 -62.3 268 0 16.4 15.0 10.0 2.5 2 0 4 4 4
5309.2 -6491.7 -60.0 198 0 10.7 16.7 7.5 2.5 2 1 3 0 0
5315.8 -6475.5 -60.0 199 0 7.1 9.2 5.0 2.5 2 1 2 1 1
5337.0 -6483.4 -60.8 18 0 11.6 11.8 2.5 2.5 2 1 1 5 5
5334.2 -6442.4 -62.6 181 0 11.6 11.8 7.5 0.0 0 1 3 0 0
5314.0 -6437.7 -62.7 1 0 11.6 7.5 5.0 2.5 4 0 2 4 4
5337.1 -6392.0 -68.7 13 0 12.1 9.0 7.5 2.5 2 0 3 4 4
5328.7 -6360.4 -69.2 193 0 10.9 10.8 7.5 2.5 2 0 3 0 0
5373.7 -6321.4 -70.6 185 0 12.7 8.9 7.5 2.5 2 0 3 0 0
5234.0 -6443.4 -60.4 201 0 8.2 7.6 7.5 2.5 2 0 3 5 5
5250.3 -6335.2 -68.3 183 0 11.1 11.7 2.5 2.5 2 1 1 3 3
5250.2 -6365.2 -67.8 113 0 9.1 8.7 7.5 2.5 4 0 3 4 4
5261.3 -6322.1 -68.6 206 0 12.7 10.1 7.5 2.5 2 0 3 5 5
5301.2 -6342.1 -68.9 3 0 10.2 10.6 2.5 2.5 2 1 1 3 3
5200.2 -6180.6 -69.8 176 0 12.2 12.3 7.5 2.5 2 1 3 2 2
5225.5 -6176.1 -70.1 278 0 7.9 12.4 5.0 2.5 2 1 2 5 5
5202.0 -6112.7 -71.0 91 0 14.0 15.1 7.5 2.5 4 1 3 4 4
5373.0 -6093.4 -72.7 132 0 10.8 19.5 5.0 2.5 2 1 2 3 3
5442.8 -6171.3 -72.7 86 0 11.1 18.7 5.0 2.5 2 1 2 3 3
5471.3 -6161.6 -72.9 87 0 7.5 9.6 2.5 0.0 0 1 1 5 5
5386.3 -6223.9 -71.9 3 0 22.9 10.6 5.0 2.5 2 0 2 1 1
5386.2 -6164.4 -72.3 177 0 19.8 14.4 7.5 2.5 2 0 3 5 5
5429.3 -6189.0 -72.4 285 0 5.5 10.4 7.5 2.5 2 1 3 3 3
5407.8 -6205.3 -72.2 196 0 8.9 13.2 2.5 2.5 2 1 1 4 4
5509.3 -6208.0 -72.9 294 0 15.0 14.9 2.5 2.5 2 0 1 2 2
5549.7 -6225.3 -73.1 21 0 9.1 11.0 7.5 0.0 0 1 3 2 2
5586.7 -6104.7 -74.0 297 0 7.4 11.8 5.0 2.5 4 1 2 5 5
5609.0 -6128.7 -74.0 304 0 7.1 9.3 5.0 2.5 2 1 2 3 3
5628.8 -6177.6 -74.0 132 0 12.7 11.0 5.0 2.5 2 0 2 3 3
5667.0 -6144.6 -74.4 232 0 9.6 11.6 5.0 2.5 2 1 2 1 1
5694.9 -6140.9 -74.6 321 0 13.1 11.7 2.5 2.5 2 0 1 3 3
5703.3 -6171.0 -73.1 324 0 12.4 11.5 10.0 0.0 0 0 4 4 4
5774.6 -6300.8 -59.7 180 0 13.8 10.6 2.5 0.0 0 0 1 2 2
5771.9 -6509.9 -44.6 277 0 8.0 11.4 5.0 2.5 2 1 2 1 1
5638.3 -6556.1 -43.8 97 0 7.7 9.3 7.5 0.0 0 1 3 1 1
5566.2 -6368.5 -71.8 25 0 13.5 12.9 5.0 2.5 2 0 2 2 2
5554.6 -6411.2 -68.2 94 0 7.3 20.4 2.5 2.5 2 1 1 5 5
5535.3 -6609.0 -56.7 92 0 12.7 18.0 7.5 2.5 2 1 3 5 5
5494.8 -6586.5 -63.3 114 0 7.2 10.6 2.5 2.5 4 1 1 1 1
5449.7 -6624.1 -67.0 185 0 10.9 8.5 7.5 2.5 2 0 3 3 3
5662.7 -6232.5 -72.6 88 0 9.2 10.9 7.5 0.0 0 1 3 2 2
6809.9 -5180.6 -57.9 6 0 11.1 13.4 2.5 2.5 2 1 1 1 1
6802.7 -5193.4 -56.8 1 0 12.7 16.2 10.0 2.5 2 1 4 2 2
6810.2 -5157.8 -57.6 10 0 9.5 10.8 7.5 2.5 2 1 3 5 5
6833.8 -5161.5 -59.3 185 0 9.0 6.3 7.5 0.0 0 0 3 0 0
6812.9 -5095.5 -56.8 2 0 12.1 19.5 5.0 2.5 2 1 2 3 3
6820.4 -5100.2 -58.4 183 0 13.1 17.2 7.5 2.5 2 1 3 2 2
6667.5 -5216.5 -62.4 172 0 8.5 28.9 5.0 2.5 2 1 2 1 1
6699.0 -5191.7 -59.5 262 0 12.5 12.0 5.0 0.0 0 0 2 0 0
6720.1 -5206.0 -60.2 263 0 13.6 15.2 5.0 2.5 2 1 2 3 3
6802.7 -5206.4 -57.1 2 0 11.1 7.3 5.0 2.5 2 0 2 3 3
5956.7 -5832.8 -72.6 103 0 15.0 14.6 2.5 0.0 0 0 1 5 5
5933.6 -5829.7 -71.7 103 0 15.0 14.6 5.0 2.5 2 0 2 4 4
5948.2 -5800.4 -70.5 103 0 15.0 14.6 5.0 2.5 2 0 2 1 1
5982.3 -5796.8 -72.5 13 0 14.6 15.0 10.0 0.0 0 1 4 3 3
5995.4 -5746.8 -69.9 13 0 14.6 15.0 5.0 2.5 2 1 2 1 1
5977.8 -5741.3 -67.7 13 0 14.6 15.0 7.5 2.5 4 1 3 5 5
5961.1 -5736.3 -65.6 13 0 14.6 15.0 5.0 2.5 4 1 2 2 2
5990.6 -5720.0 -67.1 6 0 14.6 15.0 5.0 2.5 2 1 2 1 1
5933.7 -5764.3 -65.7 96 0 15.0 14.6 2.5 2.5 2 0 1 3 3
5926.8 -5705.7 -61.1 186 0 14.6 14.9 5.0 2.5 2 1 2 3 3
5917.3 -5725.2 -61.9 186 0 14.6 15.0 2.5 0.0 0 1 1 3 3
5912.4 -5744.0 -63.2 186 0 14.6 15.0 10.0 2.5 2 1 4 3 3
5894.9 -5732.0 -60.3 186 0 14.6 15.0 2.5 2.5 2 1 1 5 5
5935.2 -5743.3 -64.6 186 0 5.9 11.0 5.0 2.5 2 1 2 3 3
5938.0 -5731.1 -63.6 185 0 13.0 6.9 7.5 2.5 2 0 3 3 3
5864.7 -5805.0 -62.7 111 0 9.9 17.7 7.5 2.5 2 1 3 3 3
5862.0 -5778.5 -62.2 180 0 15.4 12.2 7.5 2.5 2 0 3 3 3
5852.6 -5755.1 -62.0 180 0 15.4 12.2 5.0 2.5 4 0 2 2 2
5855.9 -5736.5 -61.4 180 0 15.4 12.2 2.5 2.5 2 0 1 2 2
5853.8 -5703.6 -60.7 180 0 15.4 12.2 2.5 0.0 0 0 1 2 2
5851.5 -5681.6 -60.3 180 0 15.4 12.2 5.0 2.5 2 0 2 5 5
5868.5 -5578.7 -58.7 200 0 12.2 15.3 7.5 0.0 0 1 3 3 3
5903.6 -5498.4 -60.5 200 0 12.2 15.3 5.0 2.5 2 1 2 1 1
5896.1 -5482.3 -62.8 20 0 12.2 15.3 5.0 2.5 4 1 2 5 5
5904.1 -5457.6 -64.8 18 0 10.1 9.5 7.5 2.5 2 0 3 4 4
5881.0 -5508.6 -59.6 18 0 10.1 9.5 7.5 2.5 2 0 3 1 1
5859.5 -5549.9 -59.8 18 0 10.1 9.5 5.0 2.5 2 0 2 1 1
5830.1 -5427.2 -61.0 272 0 10.0 9.5 2.5 2.5 2 0 1 1 1
5837.8 -5725.4 -62.1 1 0 10.1 9.5 5.0 2.5 2 0 2 5 5
5815.5 -5794.4 -64.2 117 0 15.1 12.3 2.5 2.5 2 0 1 1 1
5955.3 -5553.5 -54.6 200 0 12.2 15.3 7.5 2.5 2 1 3 4 4
5959.0 -5532.8 -56.8 200 0 12.2 15.3 2.5 0.0 0 1 1 1 1
6017.4 -5477.8 -63.1 5 0 12.2 15.3 7.5 0.0 0 1 3 5 5
6010.1 -5497.5 -61.3 20 0 12.2 15.3 7.5 2.5 2 1 3 5 5
6066.3 -5515.4 -60.6 3 0 12.2 15.3 7.5 2.5 2 1 3 4 4
6079.1 -5431.0 -68.1 3 0 12.2 15.3 5.0 2.5 2 1 2 2 2
6126.9 -5464.9 -67.1 3 0 12.2 15.3 5.0 2.5 2 1 2 3 3
6066.1 -5555.3 -61.7 183 0 12.2 15.3 5.0 2.5 2 1 2 4 4
6137.6 -5588.7 -69.8 93 0 12.2 15.4 5.0 2.5 2 1 2 3 3
6079.7 -5514.0 -64.1 182 0 18.5 21.9 10.0 2.5 4 1 4 2 2
5941.9 -5901.5 -72.8 1 0 14.4 12.5 5.0 2.5 2 0 2 5 5
5937.4 -5853.9 -73.0 281 0 12.5 14.4 7.5 2.5 2 1 3 2 2
5919.3 -5850.0 -72.9 281 0 12.5 14.4 5.0 0.0 0 1 2 1 1
5938.5 -5879.1 -73.0 11 0 14.4 12.5 7.5 2.5 4 0 3 3 3
5888.5 -5843.1 -69.3 281 0 12.5 14.4 10.0 2.5 2 1 4 1 1
5842.1 -5818.1 -64.0 257 0 10.8 7.3 5.0 2.5 2 0 2 3 3
-1153.9 -5181.0 -60.8 243 0 5.1 7.3 5.0 2.5 2 1 2 0 0
4322.3 -6623.7 -37.2 175 0 5.7 5.5 5.0 2.5 2 0 2 4 4
4209.6 -6590.9 -44.3 186 0 8.9 9.0 5.0 2.5 2 1 2 5 5
6395.1 -6696.5 -69.9 7 0 8.4 6.8 2.5 0.0 0 0 1 3 3
6397.3 -6664.8 -70.6 359 0 12.1 9.8 7.5 2.5 2 0 3 2 2
6392.6 -6643.0 -71.1 91 0 6.7 10.7 5.0 2.5 2 1 2 4 4
6422.2 -6673.4 -70.8 183 0 7.8 12.4 2.5 2.5 2 1 1 3 3
6486.8 -6804.8 -69.0 91 0 10.4 14.1 10.0 0.0 0 1 4 0 0
6466.2 -6713.9 -70.4 277 0 13.4 12.8 7.5 2.5 2 0 3 1 1
6464.7 -6732.8 -69.9 280 0 9.6 10.5 5.0 2.5 4 1 2 1 1
6503.7 -6723.7 -70.7 272 0 18.0 14.5 7.5 2.5 2 0 3 2 2
6509.0 -6799.5 -69.4 86 0 15.9 13.3 10.0 2.5 2 0 4 4 4
6580.2 -6828.6 -69.8 181 0 17.7 16.0 5.0 2.5 2 0 2 1 1
6556.1 -6713.7 -71.8 101 0 12.9 15.7 7.5 2.5 4 1 3 5 5
6566.5 -6670.6 -72.7 106 0 15.8 8.8 7.5 2.5 2 0 3 3 3
6573.2 -6658.8 -73.1 104 0 11.2 10.6 5.0 2.5 2 0 2 4 4
6598.1 -6650.3 -73.6 101 0 13.2 10.9 7.5 0.0 0 0 3 3 3
6588.2 -6714.0 -72.1 97 0 6.7 10.7 2.5 0.0 0 1 1 1 1
6602.0 -6712.5 -72.2 189 0 9.9 10.8 5.0 2.5 2 1 2 3 3
6599.5 -6805.1 -70.6 91 0 11.1 23.3 10.0 2.5 2 1 4 0 0
6627.0 -6792.2 -71.1 93 0 14.5 15.6 5.0 2.5 2 1 2 5 5
6631.4 -6810.8 -70.6 94 0 6.5 10.8 7.5 2.5 2 1 3 1 1
6636.1 -6740.5 -72.1 184 0 11.1 7.3 5.0 2.5 2 0 2 3 3
6654.2 -6696.2 -73.3 92 0 8.6 9.5 2.5 0.0 0 1 1 4 4
6685.3 -6807.4 -71.5 96 0 10.1 13.7 2.5 2.5 4 1 1 5 5
6665.2 -6692.5 -73.4 90 0 6.8 6.0 5.0 2.5 2 0 2 1 1
6707.4 -6734.9 -73.2 29 0 11.9 18.7 2.5 2.5 2 1 1 2 2
6717.5 -6722.1 -73.6 98 0 12.2 12.2 2.5 2.5 2 0 1 5 5
6684.6 -6696.1 -73.8 87 0 12.0 14.2 5.0 2.5 2 1 2 5 5
6703.0 -6690.5 -74.0 86 0 9.0 9.9 7.5 2.5 2 1 3 4 4
6714.0 -6693.2 -74.2 95 0 10.6 13.5 10.0 2.5 2 1 4 1 1
6726.0 -6701.6 -74.1 95 0 8.1 12.0 5.0 2.5 2 1 2 5 5
6714.0 -6771.8 -72.3 1 0 11.6 10.9 7.5 2.5 2 0 3 3 3
6642.0 -6677.4 -73.4 184 0 7.1 8.5 5.0 2.5 2 1 2 4 4
6742.7 -6757.8 -73.1 187 0 18.3 9.8 7.5 2.5 2 0 3 1 1
6742.3 -6794.3 -72.5 186 0 9.1 31.3 7.5 2.5 2 1 3 1 1
6847.2 -6680.8 -75.2 357 0 11.4 14.8 2.5 2.5 4 1 1 3 3
6856.3 -6662.4 -75.3 359 0 16.1 13.4 5.0 0.0 0 0 2 2 2
6777.2 -6826.3 -72.3 99 0 8.0 14.9 5.0 2.5 2 1 2 3 3
6894.2 -6633.3 -75.7 11 0 4.0 9.7 7.5 2.5 2 1 3 1 1
6879.2 -6667.5 -75.4 8 0 8.4 10.7 7.5 2.5 2 1 3 5 5
6832.0 -6732.5 -74.5 8 0 7.1 27.0 2.5 2.5 2 1 1 1 1
6805.4 -6767.3 -73.8 100 0 12.4 13.3 2.5 2.5 4 1 1 3 3
6799.2 -6781.6 -73.3 98 0 4.8 12.2 2.5 2.5 4 1 1 2 2
6839.8 -6810.4 -73.2 98 0 6.5 5.4 7.5 2.5 2 0 3 4 4
6800.3 -6817.4 -72.7 100 0 11.2 11.1 7.5 0.0 0 0 3 4 4
6812.1 -6831.5 -73.3 96 0 10.3 44.3 10.0 2.5 2 1 4 4 4
6895.4 -6764.6 -74.8 93 0 12.2 13.8 5.0 2.5 2 1 2 5 5
6890.1 -6744.2 -74.9 186 0 7.1 10.3 2.5 2.5 2 1 1 5 5
6913.5 -6767.5 -74.0 97 0 10.5 11.2 5.0 2.5 2 1 2 0 0
6675.9 -6840.3 -70.8 92 0 8.2 7.3 7.5 0.0 0 0 3 5 5
6655.4 -6826.6 -70.5 272 0 5.3 10.0 5.0 2.5 2 1 2 0 0
6556.3 -6751.9 -70.7 3 0 5.7 8.4 2.5 2.5 2 1 1 0 0
6605.7 -6771.2 -71.0 183 0 6.2 6.2 7.5 2.5 2 0 3 0 0
6639.2 -6805.6 -70.8 91 0 4.9 9.5 2.5 2.5 4 1 1 0 0
6547.8 -6670.6 -72.6 97 0 11.6 12.9 7.5 2.5 4 1 3 0 0
6583.5 -6737.9 -71.4 187 0 8.1 8.2 7.5 2.5 2 1 3 0 0
6522.9 -6837.6 -68.8 92 0 7.4 9.6 7.5 2.5 2 1 3 2 2
6551.5 -6789.3 -69.9 355 0 9.3 14.9 5.0 2.5 2 1 2 0 0
495.9 -5224.6 -60.0 25 0 8.4 9.0 7.5 2.5 2 1 3 2 2
6318.3 -6104.7 -74.8 93 0 7.4 8.5 7.5 2.5 4 1 3 2 2
6258.9 -6064.0 -75.1 91 0 7.0 16.4 7.5 2.5 2 1 3 1 1
6880.0 -6808.9 -73.8 189 0 24.9 15.2 10.0 2.5 2 0 4 5 5
6896.5 -6771.6 -74.4 280 0 16.4 6.8 5.0 2.5 2 0 2 1 1
6885.2 -6779.7 -74.2 191 0 4.1 15.5 5.0 2.5 4 1 2 1 1
6882.4 -6789.2 -74.0 192 0 8.0 13.4 7.5 2.5 2 1 3 2 2
6876.2 -6739.3 -75.0 9 0 9.9 25.4 5.0 2.5 4 1 2 0 0
6436.1 -6626.4 -72.0 181 0 14.1 10.5 5.0 2.5 2 0 2 2 2
6472.4 -6594.4 -73.1 184 0 9.8 10.1 7.5 2.5 2 1 3 4 4
6495.7 -6247.3 -76.8 275 0 10.2 13.7 10.0 2.5 2 1 4 2 2
6706.4 -6037.0 -79.8 193 0 14.0 11.3 7.5 2.5 2 0 3 4 4
6876.2 -6571.0 -75.6 101 0 6.0 6.0 5.0 2.5 2 0 2 3 3
6894.4 -6589.7 -75.7 99 0 12.0 14.4 5.0 2.5 2 1 2 3 3
6735.2 -6509.0 -75.9 107 0 9.3 5.6 5.0 2.5 2 0 2 2 2
6386.2 -6454.3 -74.2 273 0 14.6 16.4 2.5 2.5 4 1 1 5 5
6455.4 -6353.3 -75.7 79 0 6.5 15.3 7.5 2.5 2 1 3 1 1
6631.7 -6207.8 -77.6 269 0 15.6 10.0 2.5 2.5 4 0 1 2 2
6898.7 -6312.3 -78.4 181 0 6.4 7.6 7.5 2.5 2 1 3 2 2
6858.8 -6312.2 -77.4 269 0 15.8 4.7 7.5 2.5 2 0 3 0 0
6903.3 -6417.9 -77.9 353 0 7.8 10.3 7.5 2.5 2 1 3 4 4
6909.7 -6434.3 -77.8 356 0 11.2 9.0 5.0 2.5 2 0 2 1 1
6576.8 -6433.8 -75.5 87 0 9.6 13.5 5.0 2.5 2 1 2 1 1
6494.8 -6469.4 -74.9 85 0 16.1 7.4 7.5 2.5 2 0 3 1 1
6601.0 -6521.1 -74.7 271 0 4.5 10.3 2.5 2.5 2 1 1 3 3
6226.9 -6192.5 -72.4 274 0 5.3 7.4 2.5 2.5 2 1 1 0 0
6223.0 -6210.6 -71.9 110 0 5.5 7.4 2.5 2.5 4 1 1 4 4
6111.6 -6367.9 -66.6 280 0 13.6 15.6 2.5 2.5 2 1 1 4 4
6044.8 -6191.8 -70.2 201 0 7.5 7.6 7.5 2.5 2 1 3 3 3
6059.6 -6182.9 -70.6 201 0 14.1 9.2 7.5 2.5 2 0 3 1 1
6072.1 -6163.6 -70.7 303 0 8.0 8.4 5.0 2.5 2 1 2 4 4
6117.7 -6172.7 -72.0 98 0 14.4 15.9 10.0 2.5 2 1 4 4 4
6204.8 -6333.3 -65.4 166 0 12.2 11.9 2.5 2.5 2 0 1 5 5
5807.2 -6254.3 -67.1 96 0 10.4 10.7 5.0 2.5 2 1 2 3 3
5796.0 -6281.6 -59.7 91 0 7.9 6.6 5.0 2.5 2 0 2 5 5
5858.7 -6176.2 -72.5 271 0 7.3 7.9 7.5 2.5 2 1 3 2 2
5846.4 -6171.7 -72.7 271 0 5.8 5.3 2.5 2.5 2 0 1 5 5
5904.5 -6055.1 -72.4 206 0 4.8 8.0 5.0 2.5 2 1 2 1 1
5937.5 -6053.4 -72.1 301 0 16.3 17.5 12.5 0.0 0 1 5 0 0
6036.5 -6033.4 -70.7 344 0 12.8 11.4 5.0 2.5 2 0 2 5 5
5992.3 -6066.3 -71.0 224 0 7.1 8.0 5.0 2.5 2 1 2 1 1
6025.9 -6109.2 -70.4 1 0 5.2 7.7 5.0 2.5 2 1 2 3 3
6025.2 -6099.9 -70.5 359 0 10.3 5.7 5.0 2.5 2 0 2 0 0
6040.1 -6118.5 -70.3 1 0 18.8 13.4 10.0 2.5 4 0 4 0 0
6038.6 -6099.5 -70.4 359 0 11.0 12.8 2.5 2.5 2 1 1 1 1
6059.2 -6102.3 -70.0 357 0 8.2 11.0 7.5 2.5 2 1 3 3 3
6007.7 -6324.6 -69.9 185 0 7.2 10.6 5.0 2.5 2 1 2 3 3
6054.7 -6280.1 -70.9 192 0 8.4 9.8 2.5 2.5 2 1 1 3 3
6124.4 -6332.6 -68.0 273 0 9.0 12.1 5.0 2.5 2 1 2 3 3
6109.8 -6326.6 -68.9 275 0 9.4 9.9 7.5 2.5 2 1 3 1 1
6048.5 -6243.7 -70.5 180 0 4.3 7.5 2.5 2.5 2 1 1 0 0
6039.0 -6205.2 -70.2 198 0 11.3 9.5 5.0 2.5 2 0 2 4 4
6001.9 -6236.3 -70.1 292 0 11.4 17.6 5.0 2.5 2 1 2 5 5
5931.5 -6249.0 -71.1 91 0 6.9 7.8 5.0 2.5 4 1 2 2 2
5921.4 -6248.9 -71.3 91 0 11.5 11.1 7.5 2.5 2 0 3 3 3
5923.8 -6152.6 -71.7 118 0 9.0 7.4 7.5 0.0 0 0 3 4 4
5877.7 -6140.5 -72.5 101 0 9.8 16.9 5.0 2.5 4 1 2 4 4
5878.2 -6241.2 -71.9 109 0 5.8 30.9 5.0 2.5 2 1 2 1 1
5981.1 -6457.3 -64.8 182 0 5.6 6.2 7.5 2.5 2 1 3 3 3
5985.3 -6427.3 -66.9 185 0 6.8 9.3 7.5 0.0 0 1 3 0 0
5993.9 -6377.9 -69.6 191 0 5.9 7.5 2.5 2.5 2 1 1 3 3
5990.2 -6396.4 -69.1 189 0 11.0 7.2 5.0 2.5 2 0 2 5 5
5857.9 -6567.9 -57.2 121 0 5.3 11.5 7.5 2.5 2 1 3 4 4
5871.4 -6530.7 -60.0 14 0 7.9 8.2 7.5 2.5 4 1 3 2 2
5862.7 -6509.2 -58.9 4 0 8.5 9.1 5.0 2.5 2 1 2 2 2
5837.5 -6531.0 -55.2 96 0 9.0 6.6 2.5 2.5 4 0 1 0 0
5873.9 -6469.9 -61.7 358 0 7.3 9.5 7.5 2.5 2 1 3 2 2
5927.5 -6576.2 -54.7 115 0 7.8 9.4 2.5 2.5 2 1 1 0 0
6099.1 -6367.2 -67.0 279 0 8.7 8.2 7.5 2.5 2 0 3 1 1
6083.2 -6405.0 -65.9 98 0 11.3 9.1 2.5 2.5 2 0 1 1 1
6087.7 -6368.4 -67.4 281 0 12.2 12.8 5.0 2.5 2 1 2 4 4
6058.9 -6372.6 -68.1 194 0 8.9 10.4 7.5 2.5 2 1 3 2 2
6190.5 -6448.2 -59.5 89 0 7.9 7.3 5.0 2.5 2 0 2 5 5
6296.0 -6379.2 -67.4 260 0 4.9 8.8 2.5 2.5 2 1 1 3 3
6290.6 -6365.7 -66.3 357 0 11.8 13.8 5.0 2.5 2 1 2 1 1
6234.2 -6418.7 -62.1 0 0 12.5 10.4 2.5 2.5 2 0 1 0 0
6241.7 -6502.8 -62.8 89 0 5.0 6.8 7.5 2.5 2 1 3 5 5
6220.6 -6474.3 -62.3 180 0 11.2 9.1 5.0 2.5 2 0 2 1 1
6290.1 -6569.9 -66.8 182 0 7.5 7.7 7.5 2.5 2 1 3 5 5
6305.0 -6443.6 -68.7 344 0 6.1 8.3 5.0 2.5 2 1 2 2 2
6310.5 -6462.1 -69.4 359 0 10.8 12.2 5.0 2.5 4 1 2 2 2
6287.3 -6480.0 -67.4 357 0 7.9 8.5 2.5 2.5 4 1 1 5 5
6326.5 -6521.7 -70.0 0 0 5.9 8.1 5.0 2.5 2 1 2 0 0
6351.7 -6636.0 -71.0 93 0 13.1 20.0 10.0 2.5 4 1 4 2 2
6333.5 -6633.4 -70.7 94 0 8.7 13.4 5.0 2.5 2 1 2 4 4
6384.0 -6690.9 -69.9 0 0 13.5 10.2 5.0 2.5 2 0 2 3 3
6354.4 -6654.1 -70.2 270 0 10.1 7.6 7.5 2.5 2 0 3 0 0
6381.8 -6652.5 -70.5 277 0 5.3 9.4 2.5 2.5 2 1 1 4 4
6287.6 -6600.1 -67.3 178 0 7.6 12.5 7.5 2.5 2 1 3 4 4
6385.6 -6624.2 -71.2 0 0 7.9 6.7 2.5 2.5 2 0 1 3 3
6321.5 -6626.0 -70.7 91 0 10.4 15.4 7.5 2.5 2 1 3 1 1
6355.9 -6572.3 -72.0 1 0 9.8 8.0 7.5 2.5 2 0 3 2 2
6377.7 -6590.1 -71.8 276 0 8.6 16.6 7.5 0.0 0 1 3 2 2
6389.4 -6566.8 -72.5 1 0 8.0 13.1 7.5 0.0 0 1 3 1 1
6355.5 -6537.4 -72.9 181 0 12.2 12.5 5.0 2.5 2 1 2 4 4
6359.3 -6484.0 -74.0 180 0 11.5 21.8 7.5 2.5 2 1 3 2 2
6347.2 -6415.9 -72.3 299 0 9.2 13.2 5.0 2.5 2 1 2 4 4
6336.5 -6407.9 -71.0 351 0 14.1 15.6 2.5 2.5 2 1 1 0 0
6354.6 -6431.3 -73.0 346 0 13.0 13.0 5.0 2.5 2 0 2 3 3
6320.1 -6459.8 -71.6 169 0 14.0 15.6 5.0 2.5 2 1 2 2 2
6359.7 -6450.9 -73.7 350 0 17.0 16.3 10.0 2.5 2 0 4 1 1
6221.8 -6268.3 -68.6 304 0 14.6 17.3 10.0 2.5 4 1 4 0 0
6289.6 -6231.9 -68.0 269 0 11.9 10.1 2.5 2.5 2 0 1 5 5
6297.9 -6275.5 -66.1 85 0 8.7 8.4 2.5 2.5 2 0 1 1 1
5515.2 -4895.2 -36.7 96 0 11.3 8.9 5.0 2.5 2 0 2 5 5
4402.4 -5697.0 -3.0 273 0 12.3 8.7 2.5 2.5 2 0 1 2 2
4340.5 -5586.0 -1.8 4 0 8.2 5.9 5.0 2.5 2 0 2 2 2
-2018.9 -6780.8 27.2 178 0 6.0 10.1 5.0 2.5 2 1 2 3 3
-2064.6 -6387.6 72.8 228 0 5.1 6.8 7.5 2.5 2 1 3 3 3
-27.4 -6345.7 -62.2 130 0 9.1 7.2 7.5 2.5 2 0 3 2 2
312.2 -6169.8 -69.2 178 0 24.3 8.2 7.5 2.5 2 0 3 0 0
334.9 -6072.6 -68.1 271 0 9.0 30.2 7.5 0.0 0 1 3 2 2
310.7 -6129.6 -69.6 173 0 26.3 9.0 5.0 2.5 2 0 2 5 5
-61.5 -6470.7 -73.5 89 0 9.7 6.8 5.0 2.5 2 0 2 5 5
99.0 -6136.8 -73.3 349 0 9.6 5.4 5.0 2.5 2 0 2 3 3
73.6 -6155.1 -73.7 345 0 3.7 12.5 5.0 2.5 2 1 2 5 5
-17.7 -6116.0 -69.1 269 0 8.3 22.0 5.0 0.0 0 1 2 0 0
22.1 -6139.7 -71.4 174 0 3.5 9.8 7.5 2.5 2 1 3 2 2
67.0 -6113.4 -70.7 347 0 3.4 9.3 2.5 2.5 2 1 1 4 4
198.9 -6215.0 -79.4 350 0 4.6 7.8 2.5 2.5 2 1 1 0 0
35.4 -6502.0 -74.5 132 0 8.6 9.5 2.5 2.5 2 1 1 1 1
240.4 -5848.1 -72.6 183 0 8.0 14.4 7.5 2.5 2 1 3 4 4
337.3 -5922.9 -70.6 15 0 8.8 5.9 5.0 2.5 2 0 2 0 0
367.4 -5438.7 -64.4 295 0 10.9 11.0 2.5 2.5 2 1 1 5 5
396.6 -5483.9 -60.3 115 0 8.7 7.7 7.5 2.5 2 0 3 4 4
195.2 -5860.7 -68.0 186 0 6.6 5.6 7.5 2.5 2 0 3 0 0
251.7 -5632.0 -66.8 197 0 7.6 11.3 5.0 2.5 2 1 2 2 2
333.2 -5442.9 -65.7 206 0 8.0 16.0 5.0 2.5 2 1 2 3 3
177.1 -5796.1 -62.6 177 0 5.2 12.6 7.5 2.5 2 1 3 1 1
0.4 -5987.8 -58.6 240 0 5.5 6.9 7.5 2.5 4 1 3 3 3
390.0 -5291.8 -64.2 29 0 8.6 3.8 7.5 2.5 2 0 3 3 3
117.2 -4935.2 -35.1 146 0 6.0 8.7 7.5 2.5 2 1 3 3 3
341.2 -5006.3 -54.5 84 0 11.1 11.2 2.5 2.5 2 1 1 0 0
404.1 -5305.5 -64.3 201 0 10.9 10.0 7.5 2.5 2 0 3 5 5
56.9 -5180.4 -35.1 34 0 23.2 24.1 10.0 2.5 2 1 4 5 5
164.4 -4799.4 -26.1 311 0 6.3 6.0 2.5 2.5 2 0 1 2 2
113.5 -4804.2 -19.3 223 0 5.4 7.9 5.0 2.5 2 1 2 5 5
460.4 -6181.9 -57.7 280 0 6.6 6.5 5.0 2.5 2 0 2 3 3
421.8 -5976.8 -69.5 53 0 20.4 10.1 5.0 2.5 4 0 2 2 2
522.6 -6023.7 -68.7 136 0 26.1 12.8 12.5 2.5 2 0 5 2 2
897.2 -4205.6 -63.8 124 0 7.3 5.1 7.5 2.5 2 0 3 4 4
1753.2 -6346.2 -61.8 354 0 10.6 8.9 5.0 2.5 2 0 2 3 3
1697.7 -5841.8 -73.0 200 0 9.0 5.3 5.0 2.5 2 0 2 3 3
2588.6 -6506.7 -29.0 80 0 8.0 9.8 5.0 2.5 2 1 2 5 5
2224.8 -6512.4 -12.6 119 0 11.0 11.2 7.5 2.5 4 1 3 2 2
2275.0 -6578.9 -6.0 2 0 12.9 18.0 7.5 2.5 2 1 3 1 1
2819.7 -6796.9 -37.7 270 0 4.2 11.8 7.5 2.5 2 1 3 2 2
2974.1 -4569.3 -67.7 315 0 6.6 7.8 7.5 2.5 2 1 3 5 5
3374.2 -4326.1 -53.1 324 0 7.6 5.1 7.5 0.0 0 0 3 2 2
3610.6 -6667.0 -8.2 160 0 9.3 4.7 7.5 2.5 4 0 3 4 4
3927.1 -6346.5 -32.2 170 0 6.5 4.9 2.5 0.0 0 0 1 1 1
3722.6 -6515.9 -20.7 198 0 4.5 7.6 7.5 2.5 2 1 3 3 3
3780.7 -6604.6 -29.2 52 0 3.6 9.4 2.5 0.0 0 1 1 2 2
6777.0 -5838.4 -77.9 269 0 12.3 12.8 7.5 2.5 2 1 3 2 2
6769.0 -5761.5 -73.5 94 0 6.6 10.4 5.0 2.5 2 1 2 0 0
6844.2 -6502.5 -76.7 358 0 13.8 10.1 7.5 2.5 2 0 3 3 3
6534.0 -5927.0 -80.5 196 0 13.8 14.1 7.5 2.5 2 1 3 5 5
1820.5 -4000.6 -62.6 87 0 4.7 10.5 2.5 2.5 2 1 1 0 0
1814.3 -4189.1 -68.9 276 0 4.6 8.2 7.5 0.0 0 1 3 5 5
2644.9 -3225.3 -13.2 295 0 5.3 7.3 7.5 2.5 2 1 3 2 2
-393.3 641.3 -38.4 331 0 16.5 22.6 5.0 2.5 2 1 2 4 4
-435.8 914.9 -40.5 356 0 20.7 27.6 12.5 0.0 0 1 5 0 0
-437.4 945.4 -40.5 357 0 26.0 15.2 10.0 2.5 4 0 4 0 0
-427.9 1038.0 -41.8 13 0 29.4 10.3 12.5 0.0 0 0 5 1 1
-387.7 1187.1 -45.0 106 0 11.6 22.1 7.5 2.5 2 1 3 0 0
-380.7 1137.5 -41.7 205 0 6.3 6.8 5.0 0.0 0 1 2 1 1
-305.1 1202.0 -40.4 256 0 29.4 12.7 15.0 0.0 0 0 6 0 0
-414.4 1243.9 -45.3 292 0 12.9 8.8 7.5 2.5 2 0 3 1 1
-423.7 1252.8 -45.2 120 0 13.3 13.9 10.0 2.5 2 1 4 2 2
-399.0 1262.6 -45.8 116 0 12.0 17.0 2.5 2.5 2 1 1 0 0
-541.6 1158.2 -41.6 24 0 14.7 10.4 5.0 2.5 4 0 2 1 1
-570.1 1161.3 -40.1 112 0 15.1 16.6 5.0 2.5 2 1 2 4 4
-520.9 1199.4 -42.5 280 0 13.8 7.4 7.5 2.5 2 0 3 1 1
-567.1 1227.8 -40.1 263 0 10.1 13.4 5.0 0.0 0 1 2 0 0
-382.8 1367.2 -39.7 19 0 10.2 19.3 5.0 2.5 2 1 2 0 0
-357.1 1278.6 -46.8 319 0 9.9 31.7 7.5 2.5 2 1 3 0 0
-539.3 1258.0 -38.0 110 0 11.1 15.1 5.0 2.5 2 0 2 5 5
-515.0 1263.5 -39.6 114 0 31.1 9.2 7.5 2.5 2 0 3 0 0
-494.4 1301.3 -38.8 290 0 27.3 14.9 12.5 2.5 2 0 5 5 5
-428.9 1279.0 -43.2 101 0 14.0 14.7 2.5 2.5 2 1 1 2 2
-403.0 1316.6 -41.9 2 0 9.7 11.2 5.0 2.5 2 1 2 4 4
-199.8 1251.4 -45.6 168 0 11.4 36.1 10.0 2.5 2 0 4 0 0
-152.6 1266.5 -46.7 263 0 26.3 11.3 10.0 2.5 2 0 4 1 1
-125.1 1268.3 -47.6 270 0 28.8 11.1 10.0 2.5 2 0 4 4 4
-87.7 1269.7 -49.2 267 0 45.9 11.3 7.5 2.5 2 0 3 5 5
-174.7 1287.8 -48.9 173 0 11.9 30.5 15.0 0.0 0 0 6 3 3
-131.8 1287.3 -49.8 83 0 24.0 11.6 10.0 2.5 2 0 4 5 5
-107.1 1289.8 -50.9 85 0 25.8 11.7 10.0 2.5 2 0 4 2 2
-80.4 1292.1 -51.9 85 0 28.0 12.1 12.5 2.5 2 0 5 5 5
20.1 1314.4 -54.3 179 0 14.3 15.6 5.0 0.0 0 1 2 0 0
-14.6 1379.7 -54.0 11 0 15.3 17.9 10.0 2.5 2 1 4 4 4
23.7 1413.4 -53.9 13 0 15.7 14.5 5.0 2.5 2 0 2 0 0
-10.1 1457.2 -53.7 158 0 10.5 11.8 5.0 2.5 2 1 2 0 0
-70.3 1452.1 -53.4 3 0 8.7 8.3 2.5 0.0 0 0 1 5 5
-41.5 1490.1 -52.2 98 0 5.5 11.1 7.5 2.5 2 0 3 1 1
-67.6 1549.1 -48.8 267 0 11.3 11.3 7.5 2.5 2 1 3 1 1
-96.7 1503.7 -50.3 275 0 9.2 13.6 2.5 0.0 0 1 1 5 5
-127.1 1498.4 -49.6 264 0 12.1 12.8 5.0 0.0 0 1 2 0 0
-125.1 1510.1 -48.3 86 0 11.7 25.3 17.5 0.0 0 1 7 1 1
-176.7 1529.0 -45.8 172 0 9.6 12.9 5.0 2.5 2 1 2 0 0
-164.3 1509.0 -46.9 76 0 13.0 14.3 5.0 2.5 2 1 2 5 5
-192.2 1420.7 -50.6 71 0 12.8 8.2 2.5 2.5 2 0 1 0 0
38.7 1283.3 -54.2 177 0 10.8 10.3 2.5 2.5 2 0 1 0 0
-56.4 1520.3 -50.1 87 0 8.9 8.2 5.0 2.5 2 0 2 3 3
-623.3 1044.1 -28.4 107 0 14.9 19.1 12.5 2.5 4 1 5 5 5
-339.9 1042.1 -36.7 357 0 18.3 18.1 15.0 0.0 0 0 6 1 1
-249.2 974.2 -28.5 85 0 23.5 22.6 12.5 2.5 2 0 5 1 1
-9.4 1266.6 -52.1 171 0 23.7 15.7 10.0 2.5 2 0 4 0 0
-580.1 2640.1 -27.7 122 0 11.2 10.4 2.5 2.5 2 0 1 5 5
-412.9 2597.6 -25.1 187 0 9.6 19.1 7.5 2.5 2 1 3 0 0
-371.9 2585.4 -25.3 9 0 18.9 21.2 10.0 2.5 2 1 4 3 3
-276.9 2495.3 -42.9 290 0 10.9 19.9 7.5 2.5 2 1 3 2 2
-340.7 2308.7 -53.5 205 0 13.4 6.6 5.0 2.5 2 0 2 5 5
-331.9 2318.6 -53.5 221 0 7.7 7.8 2.5 2.5 2 1 1 4 4
-176.1 2371.7 -50.3 293 0 17.2 13.1 7.5 2.5 2 0 3 1 1
2353.1 -5327.2 -63.8 185 0 17.8 13.6 5.0 2.5 2 0 2 3 3
2380.7 -5200.7 -65.6 122 0 8.1 13.6 5.0 0.0 0 1 2 1 1
2426.6 -5411.3 -51.5 183 0 11.5 24.2 10.0 2.5 2 1 4 5 5
2136.3 -5308.2 -59.8 138 0 8.5 7.7 5.0 0.0 0 0 2 3 3
2158.8 -5285.5 -61.9 313 0 9.1 10.3 5.0 0.0 0 1 2 4 4
2220.9 -5344.6 -63.6 82 0 14.8 9.1 7.5 2.5 2 0 3 5 5
2354.5 -5272.7 -66.1 185 0 14.1 15.5 7.5 0.0 0 1 3 1 1
2351.0 -5298.3 -65.6 186 0 10.5 13.8 5.0 2.5 2 1 2 3 3
5140.3 -3100.3 -61.8 4 0 10.1 10.3 7.5 2.5 2 1 3 2 2
4289.9 -3084.8 -68.1 335 0 7.9 7.8 5.0 2.5 2 0 2 5 5
6849.4 -1357.9 -23.0 90 0 10.5 10.0 5.0 2.5 2 0 2 5 5
6623.5 -1357.9 -43.9 35 0 10.1 11.9 2.5 2.5 2 1 1 4 4
6325.7 -1328.7 -26.6 79 0 9.8 16.8 5.0 2.5 2 1 2 0 0
-83.1 1457.0 -52.7 351 0 10.8 9.7 5.0 2.5 2 0 2 3 3
-83.2 1508.4 -49.8 87 0 10.7 17.0 5.0 2.5 4 1 2 1 1
-44.1 1481.7 -53.6 264 0 9.3 18.0 7.5 2.5 2 1 3 4 4
-149.0 1508.4 -47.4 90 0 6.6 10.0 5.0 2.5 2 1 2 0 0
23.8 1429.2 -53.9 353 0 8.1 7.2 5.0 2.5 2 0 2 0 0
13.9 1444.2 -53.8 178 0 7.3 6.3 7.5 2.5 2 0 3 1 1
33.9 1451.1 -53.8 0 0 10.5 8.7 2.5 2.5 2 0 1 1 1
-107.9 1303.3 -51.6 80 0 19.3 10.0 5.0 2.5 2 0 2 2 2
-175.7 1241.3 -44.4 81 0 17.9 8.8 2.5 2.5 2 0 1 1 1
-144.7 1245.0 -45.8 87 0 20.3 10.3 2.5 2.5 2 0 1 4 4
-85.0 1250.6 -47.6 94 0 8.0 7.8 7.5 2.5 2 0 3 4 4
-520.6 1302.1 -36.5 272 0 17.5 12.0 5.0 2.5 2 0 2 1 1
5544.8 -5835.8 -70.4 261 0 6.5 4.7 5.0 2.5 2 0 2 5 5
5490.6 -5830.9 -70.2 268 0 11.3 7.6 7.5 2.5 2 0 3 0 0
5513.0 -5730.6 -64.7 175 0 9.0 6.6 2.5 2.5 2 0 1 5 5
6298.4 -1052.4 -27.8 3 0 17.9 18.1 12.5 2.5 2 1 5 0 0
6275.4 -1025.3 -30.0 187 0 5.7 6.7 5.0 2.5 2 1 2 1 1
6445.6 -729.0 -46.8 358 0 6.5 7.4 7.5 2.5 4 1 3 1 1
-116.9 -6837.9 -68.0 117 0 7.8 10.4 7.5 2.5 2 1 3 2 2
-49.4 -6796.4 -72.4 177 0 10.5 22.2 5.0 2.5 2 1 2 1 1
3952.8 -6183.9 -50.0 162 0 22.5 18.0 7.5 2.5 4 0 3 1 1
3982.9 -6225.5 -51.3 74 0 21.1 33.6 10.0 0.0 0 1 4 3 3
4467.6 -5674.9 -6.1 156 0 11.0 9.9 2.5 2.5 2 0 1 5 5
4436.6 -5506.5 11.4 178 0 9.9 11.0 7.5 2.5 2 1 3 4 4
4454.9 -5529.0 7.3 170 0 17.0 13.3 2.5 0.0 0 0 1 2 2
4386.8 -5465.4 12.5 101 0 18.3 11.3 10.0 2.5 2 0 4 4 4
4459.4 -5986.9 -50.6 181 0 15.6 14.2 7.5 2.5 2 0 3 3 3
4143.3 -6219.3 -54.7 174 0 15.2 14.2 2.5 2.5 2 0 1 4 4
4047.2 -5920.8 -43.2 0 0 17.4 16.8 10.0 2.5 2 0 4 5 5
6485.7 -4546.3 -42.2 189 0 8.6 29.6 7.5 2.5 2 1 3 2 2
