-2669.1 2754.8 11.4 92 0 57.1 60.2 7.5 0.0 0 1 3 4 4
-4545.8 -1336.4 -1.0 193 0 26.3 28.7 10.0 0.0 0 0 4 3 3
-4489.8 -1309.0 -1.7 280 0 33.7 35.7 12.5 0.0 0 0 5 2 2
-5279.5 -2862.0 -2.3 1 0 34.9 34.7 7.5 0.0 0 0 3 1 1
-6844.8 -3684.4 -17.3 91 0 24.5 32.3 12.5 0.0 0 1 5 1 1
-3953.8 2881.3 5.2 356 0 34.0 32.8 12.5 0.0 0 0 5 4 4
-3913.6 2716.8 1.6 0 0 37.0 29.4 10.0 0.0 0 0 4 3 3
-3805.7 3071.2 9.0 115 0 16.9 19.7 7.5 2.5 2 1 3 0 0
-3751.3 3153.0 7.5 11 0 26.6 26.1 10.0 2.5 2 0 4 0 0
-3748.5 3129.8 9.7 17 0 7.3 13.0 10.5 0.0 0 1 3 0 0
4840.5 562.5 -11.1 90 0 46.7 43.4 10.0 0.0 0 0 4 1 1
-3284.0 1534.6 5.2 92 0 18.5 24.3 7.5 2.5 2 1 3 5 5
-3168.7 2422.5 5.6 93 0 17.3 23.2 10.0 2.5 4 1 4 1 1
6431.1 -5384.5 -10.7 297 0 63.4 39.9 12.5 0.0 0 0 5 5 5
4524.4 -1649.1 0.9 266 0 44.0 35.3 15.0 0.0 0 0 6 3 3
