-3178.3 -3193.0 31.1 159 0 48.5 76.3 10.0 0.0 0 1 4 3 3
-2784.2 -2798.2 1.6 0 0 63.8 42.7 10.0 0.0 0 0 4 0 0
-2238.8 -2368.3 9.9 359 0 17.1 30.7 10.0 0.0 0 1 4 4 4
-2083.1 -2742.0 17.1 182 0 19.5 14.9 7.5 2.5 2 0 3 0 0
-2032.7 -2717.3 16.3 270 0 20.5 33.1 12.5 0.0 0 1 5 0 0
-1832.8 -2828.3 16.2 272 0 24.9 19.8 7.5 2.5 2 0 3 3 3
168.2 -3060.0 10.1 274 0 27.0 19.4 7.5 2.5 2 0 3 1 1
4393.6 -6749.8 -33.5 189 0 42.3 64.3 17.5 0.0 0 0 5 0 0
4370.3 -6639.0 -33.4 3 0 19.9 51.8 14.0 0.0 0 1 4 5 5
-2155.1 -2316.3 9.5 359 0 11.3 8.8 2.5 2.5 2 0 1 0 0
-2229.8 -2648.0 12.8 3 0 19.7 17.9 10.0 2.5 2 0 4 1 1
-2055.1 -2810.5 15.8 269 0 23.0 23.0 12.5 2.5 2 1 5 2 2
517.2 -3249.1 0.3 346 0 16.2 12.8 7.5 2.5 2 0 3 1 1
4668.8 -2068.8 -12.5 0 0 54.8 56.1 12.5 0.0 0 1 5 2 2
4831.6 -3936.7 -21.4 235 0 43.4 80.6 10.5 0.0 0 1 3 5 5
5643.9 -3646.7 -2.7 92 0 38.5 53.4 10.5 0.0 0 1 3 2 2
-4803.0 -4918.7 -5.0 179 0 60.2 58.0 10.0 0.0 0 0 4 1 1
-4262.2 -3724.2 29.0 285 0 43.5 36.0 10.0 0.0 0 0 4 0 0
4612.2 -6240.8 -38.6 11 0 17.3 31.3 17.5 3.5 2 1 5 5 5
4323.0 -6063.7 -44.4 169 0 66.3 59.1 17.5 0.0 0 0 5 2 2
4897.6 -3903.7 -19.6 245 0 64.7 92.2 10.5 0.0 0 1 3 1 1
5842.3 -3533.5 1.4 5 0 34.4 25.0 10.5 0.0 0 0 3 4 4
4051.7 -4933.5 -30.2 133 0 27.2 21.1 17.5 0.0 0 0 5 0 0
6140.8 -3225.5 -14.2 3 0 30.8 35.2 10.0 0.0 0 1 4 2 2
6209.8 -3427.3 -10.4 184 0 30.5 42.9 10.0 0.0 0 1 4 3 3
-1777.3 -1653.8 3.1 93 0 38.8 38.6 10.0 0.0 0 0 4 0 0
-1866.1 -1825.3 6.4 186 0 7.2 6.7 7.5 2.5 2 0 3 4 4
-4757.6 -4251.7 -0.6 186 0 51.6 30.0 12.5 0.0 0 0 5 5 5
-4909.9 -3698.7 1.9 182 0 33.6 31.8 7.5 0.0 0 0 3 5 5
-2299.9 -2915.4 19.8 17 0 33.5 18.8 12.5 0.0 0 0 5 4 4
1971.1 -3808.5 -10.0 97 0 37.7 56.4 14.0 0.0 0 1 4 1 1
4540.2 -4974.6 -26.6 185 0 35.3 54.1 14.0 0.0 0 1 4 5 5
4575.1 -6364.2 -36.1 64 0 22.3 21.4 17.5 3.5 2 0 5 5 5
4705.3 -6711.5 -43.2 77 0 32.4 16.8 17.5 3.5 2 0 5 4 4
4680.6 -6700.5 -42.9 6 0 25.7 28.9 17.5 0.0 0 0 5 3 3
4738.2 -6674.9 -44.6 354 0 24.7 56.0 17.5 3.5 2 0 5 1 1
4757.1 -6757.7 -43.5 354 0 37.6 39.2 17.5 0.0 0 1 5 4 4
4764.6 -6801.4 -43.1 347 0 23.5 20.0 17.5 3.5 2 0 5 5 5
4299.2 -6232.1 -36.4 269 0 22.8 19.5 17.5 3.5 2 0 5 2 2
4310.9 -4996.4 -28.9 90 0 44.0 49.4 14.0 0.0 0 1 4 5 5
5058.4 -3892.6 -26.7 325 0 102.9 64.1 10.5 0.0 0 0 3 5 5
4726.5 -6618.2 -44.6 356 0 15.0 30.0 17.5 3.5 2 1 5 0 0
6233.1 -6742.7 -23.4 93 0 60.0 50.2 14.0 0.0 0 0 4 3 3
5366.8 -6054.2 -36.9 180 0 19.8 13.7 17.5 3.5 2 0 5 3 3
-4326.9 -432.5 19.2 94 0 23.4 29.8 12.5 0.0 0 1 5 3 3
-4723.8 -4910.8 -1.6 358 0 21.7 21.5 12.5 2.5 2 0 5 5 5
1519.9 -3674.6 -15.0 90 0 27.3 21.9 10.0 2.5 2 0 4 2 2
874.6 -6548.7 -29.9 271 0 18.7 21.4 14.0 3.5 2 1 4 4 4
4855.2 -2789.4 -17.0 0 0 29.3 24.9 10.0 0.0 0 0 4 0 0
3479.1 4127.0 9.9 84 0 12.0 35.9 15.0 0.0 0 1 6 0 0
3495.6 4124.1 10.4 84 0 12.3 42.0 7.5 2.5 2 0 3 5 5
3560.3 4164.5 11.0 337 0 13.2 46.6 10.0 2.5 2 1 4 2 2
3517.9 4125.6 11.0 84 0 23.5 10.1 7.0 2.5 2 0 2 1 1
3555.7 4131.3 11.8 84 0 35.3 11.7 15.0 0.0 0 0 6 4 4
3503.5 4139.2 10.8 83 0 7.3 8.9 3.5 2.5 2 0 1 3 3
3539.1 4212.5 11.6 248 0 11.4 39.8 10.0 2.5 4 1 4 1 1
3567.3 2799.2 8.5 273 0 56.6 47.5 7.5 0.0 0 0 3 5 5
3633.6 2747.4 12.5 93 0 36.9 48.2 12.5 0.0 0 1 5 5 5
3515.7 2671.6 11.4 92 0 32.5 26.4 12.5 0.0 0 0 5 5 5
3566.0 2670.5 14.5 89 0 55.2 23.2 10.0 2.5 2 0 4 5 5
3622.7 2669.3 17.7 92 0 46.2 32.0 10.0 0.0 0 0 4 2 2
3766.2 2659.0 15.6 100 0 26.2 32.5 12.5 0.0 0 1 5 4 4
3716.7 2793.5 17.0 275 0 12.5 41.2 12.5 2.5 2 1 5 4 4
3747.5 2692.4 16.4 282 0 16.5 17.8 10.0 2.5 2 1 4 5 5
4142.4 -6812.7 -22.6 85 0 57.1 13.2 17.5 3.5 2 0 5 4 4
4155.7 -6794.1 -22.8 87 0 28.9 10.9 17.5 3.5 2 0 5 1 1
4157.6 -6775.6 -23.1 81 0 16.9 15.7 17.5 3.5 2 0 5 5 5
4201.1 -6741.0 -24.0 272 0 21.3 10.5 17.5 3.5 2 0 5 1 1
4151.6 -6701.6 -24.1 261 0 40.6 11.5 17.5 3.5 2 0 5 2 2
4213.0 -6697.5 -24.6 270 0 18.1 27.4 17.5 3.5 2 1 5 3 3
3779.2 -6816.3 -15.5 86 0 14.1 15.6 14.0 3.5 2 1 4 1 1
3721.2 -6750.1 -18.6 189 0 21.9 41.9 14.0 0.0 0 1 4 5 5
3796.5 -6757.5 -17.7 356 0 10.5 30.2 14.0 3.5 2 1 4 0 0
3773.1 -6721.4 -18.1 272 0 14.8 15.2 14.0 3.5 2 1 4 1 1
3804.9 -6770.9 -18.6 86 0 12.6 28.0 14.0 0.0 0 1 4 1 1
5127.6 -3470.9 -1.4 273 0 26.7 15.1 14.0 3.5 2 0 4 5 5
5343.8 -443.1 -3.9 278 0 11.8 16.3 10.5 2.5 2 1 3 4 4
5376.7 -467.2 -4.9 97 0 9.0 24.1 10.5 2.5 2 1 3 0 0
5412.1 -457.2 -5.4 7 0 11.5 27.6 12.5 2.5 2 1 5 3 3
4499.0 -6413.7 -35.4 343 0 11.1 26.6 17.5 0.0 0 1 5 0 0
5162.4 -3500.6 -1.7 183 0 12.4 62.8 14.0 3.5 2 1 4 3 3
5242.8 -3470.9 -0.6 5 0 37.8 8.0 10.5 3.5 2 0 3 2 2
5057.6 -3426.0 -4.6 285 0 7.5 17.1 10.5 3.5 2 1 3 4 4
5235.0 -3369.2 -5.6 4 0 9.3 32.4 10.5 3.5 2 1 3 2 2
5023.8 -3814.6 -19.7 48 0 13.9 7.2 10.5 3.5 2 0 3 1 1
6179.8 -3785.0 -12.8 183 0 35.0 11.5 14.0 3.5 2 0 4 1 1
6181.7 -3744.7 -12.2 180 0 25.4 9.6 10.5 3.5 2 0 3 4 4
6184.2 -3723.9 -11.8 181 0 10.0 6.1 10.5 3.5 2 0 3 2 2
6211.6 -3590.8 -11.3 97 0 36.8 20.1 10.0 0.0 0 0 4 0 0
5864.7 -4168.2 -8.6 2 0 12.7 19.0 10.5 3.5 2 1 3 2 2
-5954.6 -3192.5 34.3 272 0 10.0 26.4 12.5 2.5 2 0 5 3 3
-5978.2 -3293.7 38.0 91 0 11.7 28.0 10.0 2.5 2 1 4 5 5
-5956.8 -3287.5 35.6 92 0 10.8 62.8 10.0 2.5 2 1 4 1 1
-5928.7 -3261.2 35.2 1 0 59.4 14.6 12.5 2.5 4 0 5 0 0
-6007.5 -3220.1 36.6 180 0 10.8 10.8 7.0 2.5 2 0 2 1 1
-4249.3 -2870.1 20.5 193 0 43.2 11.7 10.0 2.5 2 0 4 2 2
-4256.4 -2925.8 20.8 106 0 11.2 31.6 12.5 2.5 2 1 5 4 4
-4202.3 -2900.8 19.5 17 0 10.2 37.2 10.0 2.5 2 1 4 0 0
-4207.1 -2876.3 19.6 15 0 29.8 14.0 7.5 2.5 2 0 3 5 5
-4231.0 -2827.7 20.3 285 0 11.3 21.1 10.5 2.5 2 1 3 4 4
-4187.0 -2865.2 19.0 18 0 24.3 11.3 15.0 0.0 0 0 6 5 5
-4180.3 -2847.7 18.8 16 0 10.0 41.7 12.5 2.5 2 1 5 2 2
-2115.7 -2668.2 14.0 276 0 21.3 7.0 3.5 2.5 2 0 1 3 3
521.1 -6435.5 -15.5 266 0 9.6 48.3 7.5 2.5 2 0 3 4 4
553.6 -6440.2 -14.6 282 0 13.3 13.2 10.5 2.5 2 0 3 4 4
-4795.2 -4418.9 2.8 91 0 10.5 44.7 10.0 2.5 2 1 4 2 2
-2220.2 1248.0 6.3 200 0 9.0 7.3 3.5 2.5 4 0 1 0 0
6691.3 -4317.5 -34.7 119 0 7.3 45.0 10.5 0.0 0 1 3 5 5
6169.5 -4677.9 -35.3 171 0 59.8 116.8 14.0 0.0 0 1 4 2 2
4387.9 -6394.4 -31.5 183 0 12.1 19.3 17.5 3.5 2 1 5 4 4
4392.7 -6720.5 -32.7 183 0 15.9 22.3 17.5 3.5 2 1 5 1 1
4432.1 -1379.1 -3.8 335 0 35.5 44.5 12.5 0.0 0 1 5 1 1
3572.7 4217.1 11.0 160 0 29.5 23.4 15.0 0.0 0 0 6 4 4
3271.8 4788.7 -9.2 178 0 20.5 20.6 10.0 0.0 0 1 4 0 0
3526.6 4395.3 6.8 260 0 43.1 23.8 10.0 0.0 0 0 4 4 4
4393.7 -6817.2 -31.4 88 0 19.5 12.0 17.5 0.0 0 0 5 1 1
4393.1 -6803.4 -31.5 90 0 17.8 15.8 17.5 3.5 2 0 5 3 3
4392.7 -6775.9 -31.7 180 0 9.9 15.7 10.5 3.5 2 0 3 4 4
4377.8 -6723.0 -31.2 360 0 11.9 21.6 17.5 3.5 2 1 5 4 4
4377.7 -6709.6 -31.6 0 0 10.6 22.7 17.5 3.5 2 1 5 3 3
4282.7 -6780.7 -27.3 105 0 16.2 15.7 17.5 3.5 4 0 5 0 0
4302.3 -6782.3 -28.1 102 0 15.9 18.8 17.5 0.0 0 1 5 2 2
4316.7 -6711.5 -28.7 280 0 17.6 13.9 17.5 3.5 2 0 5 1 1
4377.5 -6678.0 -32.5 2 0 7.3 8.7 10.5 3.5 2 1 3 1 1
4349.5 -6617.4 -32.9 1 0 17.8 23.3 14.0 3.5 2 1 4 5 5
4363.1 -6608.6 -33.9 358 0 18.6 8.9 10.5 3.5 2 0 3 2 2
4359.7 -6543.8 -34.1 269 0 13.1 21.9 14.0 3.5 2 0 4 2 2
4343.9 -6541.1 -33.2 283 0 17.2 12.1 14.0 3.5 2 0 4 2 2
4329.7 -6538.1 -32.2 285 0 7.5 22.9 10.5 0.0 0 1 3 2 2
4470.5 -6587.5 -37.6 88 0 19.4 23.2 17.5 3.5 2 1 5 1 1
4335.8 -6533.5 -33.5 105 0 22.5 24.9 17.5 0.0 0 0 5 4 4
4343.3 -6509.1 -32.6 212 0 18.3 9.3 10.5 3.5 2 0 3 4 4
4380.5 -6489.7 -33.9 178 0 6.6 22.6 10.5 3.5 2 0 3 3 3
4423.7 -6490.7 -34.7 51 0 14.9 6.1 10.5 3.5 2 0 3 4 4
4453.6 -6523.6 -36.4 78 0 8.9 13.6 10.5 3.5 2 1 3 5 5
4463.2 -6483.9 -36.5 145 0 22.6 16.4 17.5 0.0 0 0 5 0 0
4435.0 -6533.8 -35.8 358 0 13.6 17.6 17.5 3.5 2 1 5 0 0
4387.6 -6532.7 -34.5 228 0 5.7 10.8 10.5 3.5 2 1 3 5 5
4385.2 -6645.2 -34.5 177 0 36.7 7.0 10.5 3.5 2 0 3 2 2
4454.2 -6680.6 -35.4 259 0 15.8 5.8 10.5 3.5 2 0 3 3 3
4247.2 -6750.9 -25.7 285 0 15.2 18.5 17.5 3.5 2 1 5 1 1
4257.2 -6695.8 -26.4 278 0 17.8 29.1 17.5 3.5 2 1 5 5 5
4275.9 -6704.0 -27.0 281 1 12.6 12.9 17.5 3.5 2 1 5 4 4
4297.7 -6663.2 -29.7 133 0 16.5 24.2 14.0 3.5 2 1 4 4 4
4289.9 -6592.3 -31.8 218 0 56.1 15.4 14.0 3.5 2 0 4 1 1
4231.4 -6686.1 -25.7 93 0 13.4 27.3 14.0 3.5 2 1 4 0 0
4279.1 -6683.6 -27.4 89 0 16.3 18.3 14.0 3.5 4 1 4 5 5
4327.0 -6694.3 -29.8 92 1 16.5 14.4 14.0 3.5 2 0 4 2 2
4412.7 -6486.8 -34.2 57 0 11.7 22.0 17.5 0.0 0 1 5 3 3
4348.8 -6463.1 -32.0 9 0 23.4 38.3 14.0 0.0 0 1 4 0 0
4356.8 -6422.5 -31.2 278 0 14.0 18.3 14.0 3.5 2 1 4 3 3
4363.1 -6374.3 -30.8 6 0 35.0 12.9 17.5 3.5 2 0 5 2 2
4430.8 -6334.7 -30.6 183 0 22.9 10.8 17.5 3.5 2 0 5 4 4
4434.1 -6306.0 -30.6 183 0 25.1 10.2 17.5 3.5 2 0 5 5 5
4457.7 -6334.5 -31.1 3 0 24.5 11.7 17.5 0.0 0 0 5 2 2
4429.9 -6378.1 -31.6 88 0 15.3 13.2 17.5 3.5 2 0 5 0 0
4421.7 -6303.5 -30.6 179 0 28.3 9.6 10.5 3.5 2 0 3 4 4
4418.1 -6261.1 -32.5 183 0 18.8 44.2 17.5 3.5 2 1 5 2 2
4422.2 -6280.3 -31.2 183 0 14.4 39.1 17.5 3.5 2 1 5 4 4
4447.4 -6307.6 -30.7 185 0 14.4 10.2 17.5 3.5 2 0 5 4 4
4400.7 -6666.7 -34.0 269 0 12.1 31.3 17.5 3.5 2 1 5 3 3
4226.4 -6817.3 -24.9 111 1 10.6 21.8 17.5 3.5 2 0 5 3 3
4241.7 -6788.1 -25.5 108 1 11.9 15.5 17.5 0.0 0 1 5 0 0
4496.2 -6446.3 -37.6 240 0 12.3 33.0 17.5 3.5 2 1 5 2 2
4481.8 -6453.0 -37.1 235 0 12.2 31.1 17.5 3.5 2 1 5 5 5
4572.3 -6428.1 -39.1 180 0 9.1 13.2 10.5 3.5 2 1 3 1 1
4600.9 -6445.7 -40.0 358 0 9.9 14.5 10.5 3.5 2 1 3 2 2
4502.8 -6504.2 -37.8 179 0 14.7 8.7 10.5 3.5 2 0 3 4 4
4521.1 -6514.9 -38.7 207 1 11.5 16.1 17.5 0.0 0 1 5 0 0
4481.0 -6503.5 -37.2 176 0 16.6 8.5 10.5 3.5 2 0 3 0 0
4475.1 -6539.8 -37.4 269 0 8.0 10.8 10.5 0.0 0 1 3 1 1
4571.6 -6509.9 -39.7 51 0 9.7 9.2 10.5 3.5 4 0 3 4 4
4617.0 -6392.2 -39.7 266 0 7.0 26.6 10.5 3.5 2 1 3 4 4
4608.1 -6384.7 -38.5 264 0 5.9 13.1 10.5 3.5 2 0 3 0 0
4628.2 -6418.6 -40.0 85 0 5.1 21.6 10.5 3.5 2 0 3 5 5
4621.5 -6376.2 -38.7 268 1 11.5 12.8 17.5 0.0 0 1 5 0 0
4679.1 -6370.0 -41.3 351 0 13.0 27.6 17.5 3.5 2 1 5 1 1
4683.3 -6393.7 -41.6 354 0 34.9 28.7 17.5 0.0 0 0 5 5 5
4688.5 -6428.1 -42.6 349 1 10.4 22.3 17.5 3.5 4 1 5 5 5
4690.5 -6446.6 -43.2 350 1 10.4 17.7 17.5 3.5 2 1 5 1 1
4628.0 -6284.7 -39.0 3 0 13.4 26.0 17.5 3.5 2 1 5 5 5
4591.3 -6272.1 -37.3 182 1 12.9 10.9 17.5 3.5 2 0 5 3 3
4531.6 -6212.8 -36.8 184 0 18.0 15.1 17.5 3.5 2 0 5 0 0
4538.2 -6190.7 -37.9 190 0 13.4 23.3 17.5 3.5 2 1 5 1 1
4538.2 -6169.4 -39.3 188 0 16.6 9.5 10.5 3.5 2 0 3 4 4
4471.6 -6342.1 -31.8 3 0 21.2 11.1 17.5 3.5 2 0 5 5 5
4534.7 -6357.5 -35.1 185 0 12.1 17.8 17.5 3.5 2 1 5 5 5
4430.8 -6389.7 -32.8 294 0 21.8 18.7 17.5 3.5 2 0 5 3 3
4481.5 -6330.7 -31.5 94 0 8.7 22.7 10.5 3.5 2 0 3 5 5
4372.3 -6330.1 -31.2 358 0 13.8 18.1 17.5 3.5 2 0 5 0 0
4453.3 -6442.4 -34.8 79 0 11.0 7.9 10.5 0.0 0 0 3 5 5
4303.6 -6548.3 -31.5 38 0 33.2 12.0 14.0 3.5 4 0 4 5 5
4236.8 -6567.3 -30.7 160 0 11.8 33.5 14.0 3.5 2 1 4 1 1
4235.1 -6555.8 -31.2 179 0 9.7 13.1 10.5 3.5 4 1 3 0 0
4227.6 -6641.7 -26.8 37 0 15.8 19.3 17.5 3.5 2 1 5 3 3
4215.0 -6663.8 -25.4 52 0 12.0 14.9 17.5 3.5 2 1 5 5 5
4176.5 -6671.6 -26.3 82 0 10.0 34.1 10.5 3.5 2 1 3 2 2
4188.4 -6669.3 -26.2 82 0 10.6 31.6 17.5 3.5 2 1 5 0 0
4201.1 -6666.6 -25.5 78 0 10.9 17.4 17.5 3.5 2 1 5 0 0
4199.4 -6646.7 -26.9 86 0 11.7 28.1 17.5 3.5 2 0 5 0 0
4164.3 -6675.4 -25.5 81 0 13.9 18.1 17.5 3.5 2 1 5 0 0
4153.1 -6636.7 -26.4 266 0 20.0 12.2 17.5 3.5 2 0 5 1 1
4124.2 -6680.6 -24.7 84 0 21.5 14.3 17.5 3.5 2 0 5 2 2
4097.4 -6687.7 -24.0 79 0 15.5 18.2 17.5 3.5 2 1 5 4 4
4016.8 -6683.5 -21.9 354 0 17.8 16.6 10.0 2.5 2 0 4 0 0
3965.5 -6691.4 -20.8 179 0 21.1 22.8 10.0 2.5 4 1 4 4 4
3950.7 -6716.2 -19.1 328 0 21.0 18.3 14.0 3.5 2 0 4 1 1
4532.5 -6150.1 -40.8 22 0 18.4 14.3 17.5 3.5 2 0 5 2 2
4484.3 -6101.6 -43.2 178 0 13.5 52.4 17.5 3.5 2 1 5 3 3
4350.2 -6152.2 -39.6 165 0 27.7 19.2 17.5 3.5 2 0 5 3 3
4392.3 -6166.5 -38.9 90 0 16.6 18.2 17.5 3.5 2 1 5 3 3
4459.1 -6101.9 -42.7 257 0 30.0 18.9 17.5 3.5 2 0 5 5 5
4419.3 -6156.0 -39.8 83 0 18.3 18.8 17.5 3.5 2 1 5 3 3
4188.8 -6390.9 -33.6 270 0 23.8 21.1 14.0 3.5 2 0 4 3 3
6527.2 -6782.1 -7.4 267 0 57.3 23.5 10.5 3.5 4 0 3 2 2
5199.4 -6277.1 -38.7 82 1 13.3 12.4 14.0 3.5 2 0 4 0 0
5211.0 -6252.4 -38.0 263 0 11.6 9.9 10.5 3.5 2 0 3 3 3
5239.3 -6248.2 -37.8 263 1 11.5 10.4 14.0 3.5 2 0 4 5 5
5268.7 -6244.2 -37.9 262 1 12.1 10.7 14.0 3.5 4 0 4 0 0
5279.1 -6280.6 -39.2 352 1 11.9 12.9 14.0 3.5 2 1 4 4 4
5209.2 -6241.5 -38.3 80 1 11.5 11.6 14.0 3.5 2 1 4 0 0
3847.8 -6539.1 -26.3 87 0 13.7 13.1 7.5 0.0 0 0 3 5 5
3784.1 -6511.5 -26.0 118 0 26.5 11.6 10.0 2.5 2 0 4 5 5
4027.2 -6659.0 -24.8 176 0 40.5 24.5 17.5 0.0 0 0 5 4 4
4043.5 -6603.8 -26.7 267 0 9.6 19.5 10.5 0.0 0 1 3 0 0
4133.2 -6617.7 -27.4 268 1 14.7 14.9 17.5 3.5 2 1 5 5 5
4163.4 -6599.6 -28.2 241 0 20.1 25.7 17.5 0.0 0 1 5 4 4
4197.4 -6584.1 -29.2 249 0 18.7 16.3 17.5 3.5 2 0 5 0 0
4714.3 -6587.5 -43.9 357 0 38.6 30.4 17.5 0.0 0 0 5 5 5
4703.2 -6552.9 -43.5 352 0 18.2 25.2 17.5 3.5 2 1 5 0 0
4453.2 -6243.4 -34.5 89 0 18.5 19.6 17.5 3.5 2 1 5 2 2
4498.9 -6159.1 -39.8 348 0 13.3 23.9 17.5 0.0 0 1 5 4 4
4497.0 -6176.8 -38.3 351 0 9.3 19.9 10.5 3.5 2 1 3 0 0
4626.6 -6759.4 -39.4 62 0 27.1 19.9 17.5 3.5 4 0 5 2 2
4600.9 -6732.8 -39.2 158 0 14.8 21.8 17.5 3.5 2 1 5 5 5
4716.6 -6541.1 -44.2 170 0 62.9 9.9 10.5 3.5 2 0 3 2 2
4436.1 -6651.1 -35.9 88 0 27.8 16.0 17.5 3.5 2 0 5 4 4
4401.6 -6593.6 -35.6 269 0 13.0 50.2 17.5 3.5 2 1 5 0 0
4052.3 -5567.0 -25.0 275 0 11.9 35.5 14.0 3.5 4 1 4 2 2
4025.3 -5599.8 -23.6 96 0 8.1 15.8 10.5 3.5 2 1 3 3 3
4023.1 -5607.8 -23.8 95 0 5.4 7.2 10.5 3.5 4 1 3 3 3
3833.6 -5753.7 -25.9 100 0 16.7 59.9 14.0 3.5 4 1 4 3 3
5005.5 -3605.8 -14.5 4 0 24.5 25.2 10.5 0.0 0 1 3 5 5
3348.4 -5105.1 -41.9 267 0 41.5 65.7 14.0 0.0 0 1 4 0 0
4320.2 -1340.6 -2.3 64 0 13.2 47.5 12.5 2.5 4 1 5 3 3
4304.1 -1354.2 -3.3 64 0 9.3 29.8 7.5 2.5 2 1 3 1 1
4305.5 -1240.8 0.3 330 0 13.0 40.9 10.0 2.5 2 1 4 4 4
4323.8 -1242.9 0.9 334 0 43.9 13.2 10.0 2.5 4 0 4 1 1
4111.6 -1134.3 8.1 179 0 22.6 22.4 10.0 2.5 2 0 4 1 1
4153.6 -1121.8 7.8 269 0 24.8 22.6 10.0 2.5 2 0 4 5 5
4185.6 -1120.8 7.5 268 0 22.7 21.9 10.0 0.0 0 0 4 3 3
4218.5 -1119.4 7.3 269 0 22.6 22.0 10.0 0.0 0 0 4 4 4
4249.3 -1118.6 7.2 268 0 22.8 20.7 10.0 2.5 2 0 4 2 2
4280.4 -1117.2 7.1 268 0 22.6 20.5 10.0 2.5 2 0 4 5 5
4322.6 -1125.7 9.0 358 0 20.4 22.2 12.5 2.5 2 1 5 1 1
3893.8 -768.5 -2.8 294 0 57.7 90.1 7.5 0.0 0 1 3 2 2
3563.5 -703.6 -22.2 89 0 37.5 43.9 10.0 0.0 0 1 4 5 5
3754.0 -688.6 -12.6 90 0 57.0 42.7 10.0 0.0 0 0 4 5 5
3822.2 -726.9 -5.2 186 0 25.7 35.7 10.0 0.0 0 1 4 5 5
6068.9 -125.8 -15.9 282 0 20.0 19.2 12.5 0.0 0 0 5 2 2
5243.5 -100.5 -7.1 358 0 46.6 31.7 10.0 0.0 0 0 4 0 0
5192.6 -130.0 -5.8 278 0 24.8 23.9 10.0 2.5 2 0 4 4 4
5201.7 -407.0 -3.1 188 0 62.8 36.9 10.0 0.0 0 0 4 4 4
6064.0 -2414.1 -7.4 273 0 10.9 32.3 7.5 2.5 2 1 3 1 1
4616.6 -1674.2 -5.0 341 0 27.4 46.6 10.0 0.0 0 1 4 0 0
5052.3 -3220.6 -11.5 90 0 11.0 8.3 10.5 3.5 2 0 3 0 0
4256.6 -6094.8 -42.9 176 0 57.6 25.7 21.0 3.5 2 0 6 0 0
4309.0 -6079.4 -43.1 343 0 39.0 15.8 21.0 3.5 2 0 6 4 4
4665.8 -6784.7 -40.0 341 0 13.9 14.1 17.5 3.5 2 1 5 4 4
4082.1 4431.5 -7.9 90 0 25.2 38.4 12.5 0.0 0 1 5 3 3
4047.5 4490.2 -4.4 186 0 18.3 15.8 17.5 0.0 0 0 7 4 4
3655.3 4425.6 8.6 262 0 30.1 12.9 7.5 2.5 2 0 3 4 4
3665.7 4369.7 8.6 83 0 23.5 41.2 10.0 0.0 0 1 4 0 0
3628.0 4379.6 9.2 175 0 36.6 16.6 12.5 0.0 0 0 5 2 2
3632.3 4423.4 8.3 264 0 11.0 11.9 7.5 2.5 2 1 3 1 1
3719.5 4367.6 5.4 243 0 29.6 13.8 10.0 2.5 2 0 4 5 5
6078.0 5712.7 -26.5 182 0 41.4 62.7 12.5 0.0 0 1 5 5 5
6057.6 6067.9 -10.9 281 0 50.5 52.9 7.5 0.0 0 1 3 5 5
6183.8 6590.6 -12.7 183 0 12.6 24.5 10.0 2.5 4 1 4 2 2
6184.4 6574.2 -13.2 181 0 10.3 27.4 12.5 2.5 2 1 5 1 1
6189.1 6624.5 -11.8 181 0 10.9 27.2 7.5 2.5 2 1 3 3 3
-4365.8 -3237.3 33.1 199 0 9.6 18.1 10.5 2.5 2 1 3 5 5
-4363.6 -2446.7 16.4 275 0 42.0 36.3 12.5 0.0 0 0 5 4 4
-4061.2 -2438.0 8.2 88 0 22.0 28.5 12.5 0.0 0 1 5 1 1
-4349.0 -3211.3 31.8 201 0 5.9 22.5 10.5 2.5 2 1 3 1 1
-2183.6 -2332.4 9.4 96 0 26.8 8.2 5.0 2.5 2 0 2 1 1
-2228.7 -2625.3 11.6 4 0 18.9 18.3 7.5 2.5 2 0 3 1 1
-2286.5 -2887.3 20.9 21 0 23.9 12.9 10.0 2.5 2 0 4 4 4
-2345.7 -2840.4 22.4 89 0 8.5 8.3 7.5 2.5 2 0 3 2 2
-2352.8 -2851.6 22.8 91 0 8.1 9.8 5.0 2.5 2 1 2 1 1
-2342.1 -2854.7 22.8 80 0 5.1 12.9 7.5 2.5 2 1 3 0 0
-2321.8 -2862.6 22.9 252 0 11.2 14.2 5.0 2.5 2 1 2 1 1
-2431.3 -2906.0 24.5 251 0 5.9 13.2 5.0 2.5 2 1 2 5 5
-2419.1 -2903.3 24.1 254 0 14.4 12.7 10.0 0.0 0 0 4 4 4
-2434.7 -2923.3 23.8 270 0 9.5 34.5 7.5 2.5 2 1 3 0 0
-2401.7 -2957.3 22.1 48 0 11.4 18.1 2.5 0.0 0 1 1 4 4
-2433.3 -2879.9 24.3 87 0 10.0 11.1 2.5 2.5 2 1 1 3 3
-2422.8 -2879.1 24.3 90 0 8.3 9.2 2.5 2.5 2 1 1 5 5
-2252.2 -2868.9 20.5 176 0 6.2 13.9 7.5 2.5 2 1 3 4 4
-2228.7 -2835.7 20.8 247 0 8.9 17.6 5.0 2.5 4 1 2 0 0
-2243.0 -2814.3 21.1 183 0 9.8 15.7 7.5 2.5 2 1 3 2 2
-2245.2 -2825.9 21.6 182 0 11.3 18.3 7.5 0.0 0 1 3 5 5
-2240.7 -2799.4 20.2 180 0 17.4 9.2 7.5 2.5 2 0 3 0 0
-2241.0 -2778.9 19.1 180 0 18.8 7.8 5.0 0.0 0 0 2 2 2
-2250.1 -2744.6 17.3 6 0 26.3 9.2 7.5 2.5 2 0 3 0 0
-2202.0 -2727.7 17.1 271 0 11.4 13.0 7.5 2.5 2 1 3 1 1
-2200.5 -2721.5 15.9 93 0 7.6 18.4 5.0 2.5 2 1 2 5 5
-2188.9 -2722.1 16.0 93 0 10.7 16.3 10.0 2.5 2 1 4 4 4
-2171.6 -2722.9 15.9 98 0 15.7 16.7 7.5 2.5 2 1 3 3 3
-2177.1 -2857.8 18.9 359 0 10.1 6.8 7.5 2.5 2 0 3 2 2
-2177.7 -2820.3 20.1 266 0 7.1 14.0 5.0 2.5 2 1 2 2 2
-2142.9 -2856.2 17.8 1 0 11.0 8.5 2.5 2.5 2 0 1 1 1
-2142.3 -2837.8 18.7 359 0 6.3 12.4 5.0 2.5 2 1 2 5 5
-2124.3 -2855.2 16.6 185 0 9.3 17.8 5.0 2.5 2 1 2 5 5
-2110.2 -2815.5 18.3 264 0 15.3 6.4 5.0 2.5 2 0 2 1 1
-2144.9 -2892.0 15.6 273 0 12.1 12.3 7.5 2.5 2 1 3 0 0
-2097.1 -2811.3 16.9 276 0 7.6 36.5 7.5 2.5 2 1 3 2 2
-2078.1 -2861.5 15.5 20 0 8.3 12.4 2.5 2.5 2 1 1 4 4
-2079.6 -2806.3 17.7 267 0 9.1 9.9 2.5 2.5 2 1 1 0 0
-2067.4 -2754.1 17.7 184 0 15.9 11.1 7.5 2.5 2 0 3 1 1
-2060.7 -2733.2 16.5 183 0 23.2 12.6 10.0 2.5 2 0 4 2 2
-2165.5 -2805.0 20.2 81 0 16.6 9.6 5.0 2.5 2 0 2 3 3
-2121.2 -2797.3 19.9 86 0 12.0 7.7 7.5 2.5 4 0 3 3 3
-2109.3 -2797.1 19.6 88 0 8.9 5.7 5.0 0.0 0 0 2 2 2
-2109.7 -2790.3 19.4 87 0 8.8 11.5 2.5 2.5 2 1 1 4 4
-2095.3 -2778.9 19.2 359 0 9.5 7.1 5.0 2.5 2 0 2 5 5
-2097.2 -2792.5 19.4 89 0 8.5 6.7 2.5 0.0 0 0 1 2 2
-2031.8 -2791.2 17.2 89 0 12.8 11.2 5.0 2.5 2 0 2 5 5
-1953.9 -2807.0 13.8 277 0 10.8 11.8 7.5 2.5 2 1 3 4 4
-1927.9 -2816.2 15.1 282 0 14.2 11.7 5.0 2.5 2 0 2 1 1
-1910.4 -2832.9 16.2 281 0 6.6 9.0 5.0 2.5 2 1 2 4 4
-1883.2 -2810.2 16.7 101 0 16.6 14.5 5.0 0.0 0 0 2 4 4
-1878.7 -2776.9 16.4 265 0 13.5 14.1 10.0 2.5 2 1 4 2 2
-1938.1 -2875.4 13.5 103 0 15.7 14.5 7.5 2.5 4 0 3 2 2
-2234.1 -2670.3 13.9 7 0 16.1 13.4 5.0 2.5 2 0 2 3 3
-2250.9 -2645.7 12.7 2 0 17.0 14.9 10.0 2.5 2 0 4 1 1
-2229.0 -2606.5 10.0 5 0 11.7 20.1 2.5 2.5 2 1 1 0 0
-2267.0 -2596.9 9.5 181 0 16.1 13.7 5.0 2.5 2 0 2 2 2
-2217.9 -2491.5 8.2 354 0 6.9 8.5 5.0 2.5 2 1 2 1 1
-2219.6 -2478.5 8.2 352 0 14.8 8.7 2.5 2.5 2 0 1 1 1
-2225.1 -2455.7 8.5 356 0 14.0 13.2 5.0 2.5 2 0 2 5 5
-2215.7 -2422.2 7.6 171 0 28.9 9.1 7.5 0.0 0 0 3 5 5
-2190.3 -2407.7 7.1 269 0 15.2 9.7 5.0 2.5 2 0 2 5 5
-2229.4 -2332.7 10.7 7 0 15.4 12.8 5.0 2.5 2 0 2 3 3
-2227.6 -2303.4 11.4 20 0 10.7 12.1 5.0 2.5 2 1 2 2 2
-2118.4 -2271.4 10.5 1 0 18.2 14.6 5.0 2.5 2 0 2 2 2
-2192.1 -2232.0 10.9 6 0 8.8 15.1 5.0 2.5 4 1 2 1 1
-2185.0 -2206.8 11.0 171 0 10.3 12.6 7.5 2.5 2 1 3 5 5
-2182.6 -2194.2 10.8 176 0 7.2 8.3 2.5 2.5 2 1 1 5 5
-2172.5 -2171.5 10.5 257 0 15.5 14.7 7.5 0.0 0 0 3 2 2
-2253.2 -2121.0 7.5 152 0 13.4 19.8 7.5 2.5 2 1 3 3 3
-2254.6 -2097.4 6.9 169 0 10.9 12.5 7.5 2.5 2 1 3 3 3
-2261.6 -2073.2 5.1 176 0 13.4 15.8 10.0 2.5 2 1 4 3 3
-2275.4 -2042.8 2.6 164 0 17.1 20.0 15.0 0.0 0 1 6 2 2
-2286.5 -2006.0 0.8 178 0 13.5 9.0 5.0 2.5 2 0 2 2 2
-2319.6 -1932.5 0.4 358 0 17.4 16.9 10.0 2.5 2 0 4 3 3
-2302.5 -1881.1 -3.1 174 0 9.3 11.9 5.0 2.5 2 1 2 4 4
-2319.3 -2098.5 5.4 263 0 12.4 12.5 7.5 2.5 4 1 3 0 0
-2338.1 -2091.0 4.5 266 0 15.7 14.1 10.0 0.0 0 0 4 1 1
-2360.6 -2096.2 4.1 265 0 10.0 14.3 7.5 2.5 4 1 3 5 5
-2329.6 -2074.8 3.2 88 0 14.4 13.4 5.0 2.5 2 0 2 4 4
-2597.3 -3098.0 16.8 90 0 14.6 17.9 15.0 0.0 0 1 6 0 0
-2570.8 -3026.1 20.7 357 0 17.0 11.7 7.5 0.0 0 0 3 2 2
-2668.4 -3010.7 24.7 100 0 14.7 13.5 5.0 0.0 0 0 2 1 1
-2628.1 -3010.6 23.8 100 0 13.8 17.0 7.5 2.5 4 1 3 4 4
-2654.9 -2924.9 19.4 96 0 12.0 17.4 7.5 2.5 2 1 3 1 1
-2671.4 -2827.9 12.2 275 0 19.8 17.1 12.5 2.5 2 0 5 2 2
-2746.7 -2952.8 16.2 91 0 26.2 14.1 10.0 2.5 2 0 4 5 5
-2698.1 -2849.3 11.2 355 0 14.2 13.8 7.5 2.5 2 0 3 5 5
-2523.9 -3098.5 14.5 192 1 17.1 11.6 10.0 2.5 2 0 4 0 0
-2529.4 -3042.8 18.0 194 0 13.8 12.2 5.0 2.5 2 0 2 5 5
-2439.9 -3016.8 22.3 98 0 13.2 13.1 7.5 2.5 2 0 3 0 0
-2479.2 -2954.3 24.0 262 0 9.9 11.4 5.0 2.5 4 1 2 0 0
-2497.5 -2932.9 24.8 249 0 16.7 13.4 7.5 2.5 2 0 3 4 4
-2457.4 -3008.8 22.3 104 0 8.4 7.9 5.0 2.5 2 0 2 5 5
-2542.4 -2978.8 23.3 355 0 15.0 16.5 5.0 2.5 2 1 2 0 0
-2541.0 -3020.9 20.5 3 0 10.7 12.2 7.5 2.5 2 1 3 4 4
-2539.8 -3001.5 21.8 355 0 10.4 10.7 5.0 2.5 2 1 2 4 4
-2661.5 -2962.0 22.1 271 0 31.2 17.7 10.0 2.5 2 0 4 3 3
-2762.0 -2982.0 19.4 253 0 13.2 12.8 5.0 2.5 2 0 2 4 4
-2695.7 -2889.7 14.3 359 0 11.5 12.8 7.5 2.5 2 1 3 1 1
-2705.0 -2940.7 17.0 77 0 17.9 18.3 12.5 2.5 2 1 5 0 0
-2465.7 -2887.9 24.6 86 0 13.3 8.6 5.0 2.5 2 0 2 4 4
-2443.1 -2864.9 23.3 83 0 10.0 12.4 5.0 2.5 2 1 2 2 2
-2450.2 -2895.8 25.1 85 0 9.4 9.3 5.0 2.5 2 0 2 4 4
-2402.9 -2863.6 23.3 83 0 10.3 13.7 5.0 0.0 0 1 2 4 4
-2442.9 -2835.6 22.2 265 0 14.6 8.2 5.0 2.5 4 0 2 3 3
-2422.4 -2824.2 21.9 262 0 10.8 13.0 7.5 0.0 0 1 3 5 5
-2337.5 -3082.1 19.6 15 0 11.8 17.4 5.0 2.5 2 1 2 1 1
-2283.4 -2992.2 15.3 188 0 10.5 18.0 7.5 2.5 2 1 3 2 2
-2272.7 -2950.6 17.1 176 0 14.3 14.0 7.5 2.5 2 0 3 3 3
-2066.6 -2935.9 11.0 180 0 11.0 13.1 5.0 2.5 2 1 2 1 1
-2039.0 -2922.8 10.6 270 0 13.4 12.8 7.5 2.5 2 0 3 4 4
-2349.6 -2933.2 21.0 90 0 15.9 9.4 5.0 2.5 2 0 2 5 5
-2365.4 -2877.9 23.9 240 0 27.1 7.4 2.5 2.5 2 0 1 2 2
-2333.1 -3192.2 14.6 358 0 19.9 18.9 12.5 2.5 4 0 5 1 1
-2303.5 -3230.7 14.1 192 0 14.6 24.6 15.0 0.0 0 1 6 3 3
-2362.9 -3256.7 10.7 184 0 15.8 18.2 10.0 2.5 2 1 4 4 4
-2324.6 -3244.2 12.3 10 0 14.4 12.6 7.5 2.5 2 0 3 4 4
-2167.6 -2614.1 11.5 271 0 13.0 14.8 5.0 2.5 2 1 2 0 0
-2204.5 -2549.7 7.8 189 0 11.6 7.5 5.0 2.5 4 0 2 3 3
-2205.1 -2520.2 5.9 180 0 10.1 8.7 5.0 2.5 2 0 2 2 2
-2204.4 -2509.1 5.6 176 0 7.8 7.9 5.0 2.5 2 1 2 4 4
-2113.1 -2336.1 8.3 78 0 12.0 12.3 5.0 2.5 2 1 2 0 0
-2088.8 -2320.1 8.5 76 0 14.2 11.0 5.0 2.5 2 0 2 5 5
-2102.0 -2167.3 11.8 264 0 24.7 11.2 7.5 2.5 2 0 3 1 1
-2155.8 -2151.2 10.1 79 0 10.0 13.0 5.0 2.5 2 1 2 4 4
6067.6 -3630.2 -5.3 177 0 15.0 12.9 10.5 3.5 2 0 3 5 5
6065.5 -3647.9 -5.9 179 0 14.6 13.1 10.5 3.5 2 0 3 1 1
4601.2 -6804.9 -38.2 235 0 7.9 24.2 10.5 3.5 2 1 3 4 4
3945.3 -6491.3 -31.6 130 1 11.2 18.1 17.5 3.5 2 1 5 1 1
6105.5 -3633.6 -8.2 177 0 4.3 7.8 5.0 2.5 2 1 2 3 3
6090.1 -3222.1 -12.9 90 0 11.4 21.7 5.0 2.5 4 1 2 1 1
6052.3 -3166.5 -13.8 181 0 11.4 12.8 5.0 0.0 0 1 2 1 1
6070.0 -3245.7 -12.4 89 0 14.4 22.0 10.0 0.0 0 1 4 4 4
6012.7 -3188.0 -12.4 176 0 12.7 12.0 5.0 2.5 2 0 2 4 4
6040.8 -3099.1 -16.8 0 0 13.1 13.3 5.0 2.5 2 1 2 5 5
6055.1 -3063.3 -19.9 180 0 11.7 11.1 5.0 2.5 2 0 2 1 1
6011.8 -3048.4 -18.8 182 0 10.8 9.7 7.5 2.5 2 0 3 5 5
6006.0 -3231.3 -14.1 2 0 13.6 14.7 5.0 2.5 2 1 2 5 5
6212.4 -3389.1 -9.2 182 0 12.6 16.5 5.0 2.5 2 1 2 3 3
6231.3 -3335.4 -11.8 182 0 16.4 16.5 7.5 2.5 2 1 3 2 2
6250.7 -3353.5 -10.8 3 0 12.1 13.1 5.0 2.5 2 1 2 0 0
6198.1 -3377.8 -10.1 1 0 13.8 12.8 7.5 0.0 0 0 3 1 1
6197.6 -3322.3 -11.3 2 0 12.2 14.4 7.5 2.5 4 1 3 3 3
6274.8 -3289.0 -14.2 270 0 12.7 14.5 5.0 2.5 2 1 2 1 1
6216.6 -3295.1 -13.2 183 0 10.9 12.0 5.0 0.0 0 1 2 0 0
6290.4 -3295.6 -14.0 272 0 10.8 11.9 5.0 2.5 2 1 2 2 2
-2076.8 -2236.2 11.3 80 0 12.1 10.5 5.0 2.5 2 0 2 2 2
-1774.1 -2119.4 7.5 108 0 9.6 27.0 7.5 2.5 2 1 3 1 1
-6526.5 -5064.5 14.5 3 0 10.1 27.7 10.0 2.5 2 0 4 0 0
-6538.5 -5016.8 15.5 275 0 11.7 29.0 17.5 0.0 0 0 7 5 5
-6041.3 -4093.4 -0.8 345 0 7.4 10.1 2.5 2.5 2 1 1 1 1
2801.0 -152.7 -16.9 90 0 20.1 24.0 10.0 2.5 4 1 4 4 4
-1449.9 4084.1 4.0 87 0 25.2 40.0 10.0 0.0 0 1 4 2 2
2110.9 -4201.8 -20.3 270 0 21.2 34.5 10.5 0.0 0 1 3 3 3
-2089.8 6770.9 25.0 96 0 42.1 40.4 10.0 0.0 0 0 4 3 3
-2492.2 -2410.9 7.5 225 0 16.5 13.8 7.5 2.5 2 0 3 3 3
-2297.6 -2535.6 10.2 152 0 8.3 9.6 7.5 2.5 4 1 3 0 0
-2377.1 -2444.8 14.8 273 0 12.7 10.2 5.0 2.5 2 0 2 0 0
-2189.1 -2273.2 11.1 178 0 16.2 27.1 7.5 0.0 0 1 3 5 5
-1831.1 -2806.5 15.7 94 0 14.3 17.1 5.0 2.5 2 1 2 2 2
1159.8 -3506.8 -13.2 5 0 21.9 19.3 12.5 2.5 2 0 5 0 0
1188.5 -3582.0 -13.3 311 0 9.6 8.5 5.0 2.5 4 0 2 5 5
1194.5 -3596.2 -12.4 302 0 8.5 8.6 7.5 2.5 2 1 3 4 4
1130.3 -3514.7 -10.3 113 0 11.9 14.5 2.5 2.5 2 1 1 5 5
476.9 -6357.7 -12.6 358 0 18.2 6.9 5.0 2.5 2 0 2 2 2
-4748.3 -4352.7 1.8 51 0 37.6 8.3 7.5 0.0 0 0 3 5 5
4248.4 -5883.0 -45.8 342 0 23.8 13.6 17.5 3.5 2 0 5 2 2
4231.9 -5779.0 -42.5 178 0 15.6 15.8 14.0 3.5 4 1 4 4 4
-5969.5 4434.6 19.2 288 0 6.1 6.4 2.5 2.5 2 1 1 4 4
-6640.4 3949.3 2.3 179 0 8.7 21.3 7.5 2.5 2 1 3 4 4
-6423.7 3686.5 8.0 108 0 6.7 12.4 7.5 2.5 2 1 3 1 1
1275.5 -3634.0 -11.4 275 0 12.3 26.0 10.0 0.0 0 1 4 3 3
1138.4 -3737.7 -10.6 25 0 20.8 23.8 12.5 0.0 0 1 5 5 5
5134.8 -1130.9 -14.4 86 0 22.8 28.3 10.0 0.0 0 1 4 3 3
3946.4 -135.6 -1.2 92 0 32.1 34.6 10.0 0.0 0 1 4 2 2
3909.0 659.5 3.1 185 0 20.5 17.5 10.0 2.5 2 0 4 4 4
3908.4 961.3 12.2 3 0 17.8 13.9 7.5 2.5 2 0 3 5 5
3176.7 5589.3 -1.8 96 0 29.3 19.2 7.5 2.5 2 0 3 0 0
2871.1 6383.9 -2.3 340 0 25.7 48.1 12.5 2.5 2 1 5 4 4
4743.8 -4146.1 -25.8 192 0 42.7 39.2 14.0 0.0 0 0 4 2 2
4212.7 -5846.3 -44.8 0 0 19.2 10.2 17.5 3.5 2 0 5 3 3
4547.3 -4906.3 -21.6 187 0 42.8 27.0 14.0 0.0 0 0 4 1 1
4216.6 -5785.7 -42.0 358 0 15.0 15.0 17.5 3.5 2 1 5 4 4
4332.0 -6139.9 -40.3 341 0 13.8 16.8 21.0 0.0 0 1 6 3 3
-1360.1 1272.4 -9.4 91 0 16.7 36.4 10.0 2.5 2 1 4 2 2
-188.8 -3121.9 -7.1 287 0 14.0 27.9 7.5 2.5 2 1 3 2 2
-6327.9 -5637.4 -5.4 266 0 48.6 32.5 10.0 0.0 0 0 4 3 3
1335.8 -4509.3 -33.5 89 0 25.2 31.6 14.0 0.0 0 1 4 3 3
1253.7 -3345.4 -24.0 269 0 26.0 24.6 12.5 0.0 0 0 5 4 4
-6878.6 1812.3 3.7 96 0 20.2 21.3 10.0 2.5 2 1 4 0 0
-4555.7 357.6 19.2 88 0 31.3 35.6 12.5 0.0 0 1 5 4 4
-4147.0 3764.5 3.2 87 0 15.6 19.6 12.5 2.5 2 1 5 1 1
-3618.5 3009.5 19.2 91 0 31.9 27.7 12.5 0.0 0 0 5 3 3
-3887.8 2784.4 -1.4 87 0 25.1 28.4 12.5 0.0 0 1 5 1 1
-3895.3 2939.4 -1.2 359 0 23.9 16.6 10.0 2.5 2 0 4 1 1
-3927.4 2925.4 -2.7 90 0 20.8 23.3 10.0 2.5 2 1 4 0 0
-1680.6 428.4 11.5 88 0 21.5 29.1 12.5 0.0 0 1 5 4 4
-5746.2 4680.6 3.0 0 0 47.8 38.8 10.0 0.0 0 0 4 5 5
-5953.5 4469.4 16.0 21 0 19.0 20.6 10.0 2.5 2 1 4 2 2
-6036.9 4167.3 3.7 207 0 35.1 26.8 10.0 0.0 0 0 4 1 1
5262.6 -6232.8 -36.9 81 1 11.4 13.7 14.0 3.5 2 1 4 1 1
-3741.8 3744.9 2.6 358 0 29.8 19.0 12.5 0.0 0 0 5 1 1
-3755.2 2998.5 9.2 180 0 16.8 16.6 12.5 2.5 2 0 5 1 1
-5478.2 3029.3 1.0 5 0 31.4 31.3 10.0 0.0 0 0 4 2 2
-873.2 5648.6 14.4 102 0 24.4 32.6 12.5 0.0 0 1 5 4 4
1277.0 3549.7 6.9 1 0 38.7 39.8 12.5 0.0 0 1 5 5 5
1519.1 3611.3 -1.9 358 0 42.3 29.6 15.0 0.0 0 0 6 0 0
-3347.6 5415.3 22.4 269 0 17.8 26.2 12.5 2.5 2 1 5 5 5
4286.3 -6337.0 -32.4 274 0 12.2 24.8 17.5 3.5 2 1 5 1 1
6350.9 -6261.2 -14.3 137 0 35.3 16.7 10.5 3.5 2 0 3 3 3
6502.5 -6297.8 -13.5 92 0 25.1 22.2 14.0 3.5 2 0 4 2 2
6522.1 -6222.9 -15.5 278 0 9.3 10.5 10.5 3.5 2 1 3 5 5
6031.0 690.3 -27.9 183 0 22.6 15.0 10.0 2.5 2 0 4 0 0
-5966.5 -553.4 20.3 267 0 41.3 48.0 12.5 0.0 0 1 5 3 3
-6402.5 -1601.9 4.6 3 0 34.0 29.5 10.0 0.0 0 0 4 5 5
6181.6 -4686.9 -34.3 172 0 12.3 16.4 14.0 3.5 2 1 4 3 3
6586.2 -6264.6 -14.5 91 0 15.4 14.1 14.0 3.5 2 0 4 3 3
2843.2 99.4 -20.5 260 0 30.0 51.2 10.0 0.0 0 1 4 1 1
4917.5 -4363.1 -34.8 88 0 13.7 15.2 14.0 3.5 2 1 4 4 4
3258.8 5073.2 -16.2 173 0 19.8 40.2 12.5 2.5 2 1 5 1 1
3255.5 5101.6 -18.5 171 0 20.6 45.9 10.0 2.5 4 1 4 5 5
3244.6 5198.3 -23.6 170 0 41.2 43.5 12.5 0.0 0 1 5 3 3
6883.4 -6024.8 -20.6 350 0 10.5 9.3 10.5 3.5 2 0 3 0 0
6800.7 -6005.6 -18.5 187 0 15.1 13.9 14.0 3.5 2 0 4 1 1
6859.1 -6046.5 -18.4 83 0 7.8 10.2 10.5 3.5 2 1 3 0 0
6816.4 -6038.2 -18.3 173 0 8.5 10.6 10.5 3.5 2 1 3 1 1
6790.3 -6107.2 -18.9 175 0 13.4 8.4 10.5 3.5 2 0 3 4 4
6883.9 -6060.6 -19.8 77 0 5.4 11.9 10.5 3.5 2 0 3 4 4
6914.0 -5949.5 -29.2 52 0 16.7 9.8 10.5 3.5 2 0 3 1 1
6898.2 -6504.0 -24.9 355 0 8.1 11.7 10.5 3.5 2 1 3 1 1
6843.9 -6509.3 -23.7 85 0 16.3 14.6 14.0 3.5 2 0 4 5 5
6870.7 -6540.1 -23.2 269 0 23.0 33.2 10.5 0.0 0 1 3 4 4
6798.3 -6586.1 -19.9 1 0 14.1 14.0 10.5 3.5 2 0 3 0 0
6827.1 -6528.6 -22.3 267 0 12.8 20.9 10.5 3.5 2 1 3 4 4
6789.2 -6470.0 -22.4 194 0 10.4 6.2 10.5 3.5 2 0 3 1 1
6313.8 -6414.3 -12.0 241 0 7.3 6.1 10.5 3.5 2 0 3 0 0
6374.7 -6403.4 -9.6 266 0 7.0 8.2 10.5 3.5 2 1 3 1 1
6490.5 -6421.9 -13.1 270 0 7.6 14.1 10.5 3.5 2 1 3 2 2
6776.3 -6208.6 -16.8 80 0 7.6 10.8 5.0 2.5 2 1 2 1 1
6718.4 -6269.6 -14.8 87 0 12.5 9.9 2.5 2.5 2 0 1 4 4
6556.9 -6434.5 -15.4 87 0 11.1 12.0 10.5 3.5 2 1 3 3 3
-2032.7 -6074.1 3.2 276 0 30.4 33.5 10.0 0.0 0 1 4 4 4
-2351.6 -5406.2 3.9 28 0 33.8 27.2 10.0 0.0 0 0 4 4 4
3950.7 -6753.7 -18.8 234 0 27.9 35.8 17.5 0.0 0 1 5 5 5
3526.4 -670.6 -20.6 186 0 23.0 16.5 12.5 2.5 2 0 5 0 0
4874.6 -4400.8 -31.9 255 0 13.5 11.5 10.5 3.5 2 0 3 5 5
2843.9 -1161.2 -23.4 90 0 10.0 9.6 5.0 2.5 2 0 2 5 5
5832.8 -3250.1 -18.4 95 0 8.5 8.1 5.0 2.5 2 0 2 5 5
2913.8 -1083.8 -26.8 212 0 7.9 8.6 5.0 2.5 2 1 2 2 2
2881.2 4052.3 6.3 260 0 12.5 8.1 7.0 0.0 0 0 2 0 0
5111.3 -4309.8 -27.8 181 0 8.7 8.4 2.5 2.5 2 0 1 1 1
3662.0 -6518.4 -26.3 268 0 13.0 15.3 7.0 0.0 0 1 2 3 3
6201.9 -3457.5 -10.2 186 0 26.2 23.3 12.5 2.5 2 0 5 4 4
5639.1 -6695.3 -34.0 359 0 6.8 6.9 5.0 2.5 2 1 2 3 3
5678.9 -6630.0 -34.2 192 0 9.8 9.2 5.0 2.5 2 0 2 3 3
5735.5 -6629.8 -31.5 243 0 4.4 7.1 5.0 0.0 0 1 2 1 1
5709.7 -6672.4 -31.8 91 0 10.2 12.9 5.0 2.5 2 1 2 1 1
5739.7 -6649.0 -31.0 90 0 5.3 8.5 7.5 2.5 2 1 3 3 3
5789.4 -6753.3 -34.5 89 0 12.0 4.8 5.0 2.5 2 0 2 4 4
5840.7 -6635.3 -26.6 3 0 11.5 12.0 5.0 2.5 2 1 2 1 1
5851.8 -6653.4 -27.2 356 0 10.7 7.9 5.0 2.5 2 0 2 4 4
5803.9 -6666.7 -28.7 181 0 12.7 11.7 7.5 2.5 2 0 3 1 1
5851.4 -6692.8 -29.6 0 0 6.3 8.0 2.5 2.5 2 1 1 4 4
5929.5 -6813.5 -33.7 173 0 6.6 8.7 2.5 2.5 2 1 1 5 5
5953.1 -6817.0 -32.6 92 0 8.2 7.6 5.0 2.5 2 0 2 4 4
5973.4 -6787.3 -32.4 251 0 11.0 9.6 7.5 2.5 2 0 3 2 2
6043.9 -6787.6 -28.6 270 0 12.8 12.2 5.0 0.0 0 0 2 1 1
