4812.4 -5179.9 -33.4 91 0 47.8 61.6 10.0 0.0 0 1 4 3 3
318.0 1298.6 -8.2 196 0 74.6 41.4 12.5 0.0 0 0 5 4 4
-367.9 -4517.8 -21.5 90 0 40.7 48.3 15.0 0.0 0 1 6 4 4
-5097.0 -339.2 0.1 100 0 19.2 37.6 7.5 0.0 0 1 3 3 3
-2226.2 -653.3 -6.7 85 0 13.5 20.2 15.0 0.0 0 1 6 1 1
-2173.3 -802.9 -10.8 89 0 12.6 22.7 10.0 2.5 2 1 4 1 1
884.6 5768.5 0.4 95 0 20.0 25.9 12.5 2.5 2 1 5 5 5
4355.9 6525.3 -16.5 89 0 16.2 24.0 10.0 2.5 2 1 4 2 2
1520.4 -6232.8 -22.3 54 0 21.3 15.7 7.5 2.5 2 0 3 2 2
2748.9 -6372.8 -16.9 280 0 24.7 58.4 10.0 0.0 0 1 4 4 4
2637.8 -4321.1 27.5 263 0 32.4 38.2 10.0 0.0 0 1 4 5 5
822.7 -6010.5 -26.1 323 0 38.6 28.6 10.0 0.0 0 0 4 2 2
-6093.9 -3884.2 -22.8 79 0 21.0 36.5 10.0 0.0 0 1 4 3 3
986.4 -1192.5 -11.4 4 0 15.4 44.9 14.0 3.5 2 0 4 5 5
1001.9 -1272.2 -9.6 120 0 14.5 9.3 10.5 3.5 2 0 3 2 2
976.8 -1204.1 -10.3 2 0 10.1 18.1 14.0 3.5 2 0 4 0 0
997.1 -1207.0 -11.7 17 0 13.0 10.9 14.0 3.5 2 0 4 4 4
1065.4 -615.9 -12.2 358 0 16.4 19.7 17.5 3.5 2 1 5 0 0
1003.9 -187.7 -19.4 306 0 26.3 29.0 14.0 0.0 0 1 4 4 4
929.1 -292.5 -17.4 86 0 31.7 20.0 14.0 0.0 0 0 4 4 4
864.6 -239.7 -18.7 179 0 22.0 14.6 14.0 3.5 2 0 4 3 3
928.7 -142.0 -18.4 312 0 17.7 25.8 14.0 3.5 2 1 4 1 1
914.3 -122.2 -17.9 313 0 14.7 19.1 14.0 0.0 0 1 4 2 2
1135.8 -298.8 -20.5 110 0 20.6 39.5 14.0 0.0 0 1 4 0 0
1082.3 -258.6 -20.4 162 0 18.4 25.5 14.0 3.5 4 1 4 2 2
734.6 293.2 -6.3 180 0 20.2 27.4 12.5 2.5 2 1 5 4 4
737.1 363.1 -4.1 174 0 16.3 23.9 12.5 2.5 2 1 5 0 0
528.5 -52.2 -15.6 272 0 9.9 41.7 7.5 2.5 2 1 3 0 0
734.8 690.1 -9.7 7 0 43.4 33.3 10.0 0.0 0 0 4 5 5
822.4 439.1 1.2 97 0 23.7 27.0 15.0 0.0 0 1 6 4 4
911.7 86.1 -10.6 87 0 10.1 21.6 2.5 2.5 2 1 1 2 2
1301.3 -767.8 -28.3 90 0 14.0 21.2 10.5 3.5 2 1 3 0 0
2278.1 6297.0 -15.7 59 0 18.1 11.8 5.0 2.5 2 0 2 2 2
2115.3 6704.3 -19.7 89 0 19.1 26.1 12.5 2.5 2 1 5 0 0
1040.7 3372.6 -10.8 350 0 40.0 29.8 12.5 0.0 0 0 5 1 1
747.1 1244.4 -0.5 348 0 29.6 75.6 12.5 0.0 0 1 5 3 3
783.9 1278.6 3.5 176 0 41.5 65.0 12.5 0.0 0 1 5 5 5
581.1 219.7 -12.4 0 0 67.0 44.2 10.0 0.0 0 0 4 4 4
-6443.6 -3568.1 -14.5 276 0 41.8 44.9 7.5 0.0 0 1 3 3 3
-6652.3 177.8 7.6 273 0 35.8 28.3 10.0 0.0 0 0 4 5 5
-1632.1 -5699.6 -21.4 11 0 36.3 35.0 12.5 0.0 0 0 5 2 2
1164.0 -625.3 -18.0 186 0 50.1 9.8 10.5 3.5 2 0 3 5 5
24.2 -1643.2 -22.1 358 0 34.3 32.4 10.0 0.0 0 0 4 3 3
-373.9 -1612.3 -17.3 91 0 19.6 23.9 10.0 2.5 2 1 4 3 3
-434.9 -1669.6 -13.3 93 0 15.8 21.6 12.5 0.0 0 1 5 3 3
530.2 4471.4 -1.0 92 0 19.4 23.3 10.0 2.5 2 1 4 3 3
4908.0 43.0 -23.5 269 0 8.2 26.1 5.0 2.5 2 1 2 4 4
5048.7 110.8 -20.9 89 0 14.0 7.5 7.5 2.5 2 0 3 1 1
4638.5 594.0 -18.1 15 0 21.1 20.2 12.5 0.0 0 0 5 5 5
4820.5 4057.0 -15.3 0 0 10.9 10.8 5.0 2.5 2 0 2 1 1
5019.8 51.6 -16.5 269 0 10.8 12.9 5.0 2.5 2 1 2 3 3
4845.5 3874.1 -16.8 1 0 8.2 19.1 2.5 2.5 2 1 1 1 1
4405.5 295.9 -5.8 18 0 12.6 9.1 2.5 2.5 4 0 1 1 1
4424.4 452.4 -5.7 170 0 17.6 11.5 5.0 2.5 2 0 2 4 4
4517.9 416.9 -10.2 280 0 12.4 7.0 7.5 2.5 2 0 3 3 3
4517.3 405.8 -10.3 286 0 14.7 16.4 7.5 0.0 0 1 3 2 2
4638.5 467.5 -18.0 348 0 9.1 14.5 2.5 0.0 0 1 1 3 3
4654.4 504.4 -19.8 280 0 8.5 10.0 7.5 2.5 2 1 3 1 1
4556.8 539.9 -14.7 298 0 11.4 12.0 10.0 2.5 2 1 4 2 2
4569.7 661.9 -13.4 106 0 14.7 16.4 5.0 2.5 2 1 2 5 5
4623.4 282.5 -18.0 129 0 13.3 13.4 5.0 2.5 4 1 2 1 1
4805.4 559.0 -17.9 98 0 17.4 13.8 2.5 2.5 2 0 1 1 1
4753.1 549.5 -19.2 91 0 14.6 11.3 5.0 2.5 2 0 2 0 0
4835.8 458.0 -24.9 14 0 7.7 11.7 2.5 2.5 4 1 1 0 0
4564.0 462.1 -14.4 106 0 14.7 16.4 7.5 2.5 2 1 3 5 5
4699.6 549.7 -19.8 106 0 14.7 16.4 7.5 2.5 4 1 3 0 0
4695.3 538.5 -20.8 10 0 8.0 13.4 5.0 2.5 2 1 2 1 1
4850.2 560.1 -17.5 87 0 14.7 17.4 7.5 2.5 2 1 3 5 5
4505.0 834.7 -0.7 107 0 10.4 11.2 7.5 2.5 2 1 3 3 3
4538.4 63.6 -18.5 87 0 10.1 14.0 5.0 0.0 0 1 2 5 5
4426.8 279.0 -9.5 184 0 7.8 49.8 7.5 2.5 2 0 3 3 3
4549.9 168.6 -16.1 184 0 7.9 10.2 2.5 2.5 2 1 1 1 1
4557.7 276.3 -13.9 30 0 8.2 6.8 2.5 2.5 2 0 1 0 0
4567.7 244.8 -14.9 357 0 8.9 5.5 5.0 0.0 0 0 2 1 1
4524.1 223.2 -13.2 112 0 12.3 10.1 7.5 2.5 2 0 3 5 5
4499.3 244.6 -11.3 98 0 6.9 10.7 7.5 2.5 2 1 3 3 3
4493.6 278.4 -10.8 204 0 8.0 7.6 5.0 2.5 2 0 2 3 3
4490.1 231.0 -11.4 122 0 8.3 7.4 7.5 2.5 2 0 3 5 5
4409.2 223.2 -9.3 192 0 9.0 23.0 2.5 2.5 2 1 1 4 4
4393.1 219.1 -8.3 201 0 11.7 12.7 7.5 2.5 2 1 3 3 3
4381.8 202.8 -8.4 191 0 11.3 11.9 5.0 0.0 0 1 2 4 4
4384.6 186.8 -8.8 187 0 11.0 8.8 7.5 2.5 2 0 3 1 1
4365.6 157.9 -9.4 193 0 12.8 17.8 5.0 2.5 2 1 2 3 3
4358.3 119.6 -9.7 104 0 13.1 15.5 7.5 2.5 2 1 3 4 4
4415.3 114.2 -12.1 95 0 12.6 14.6 5.0 2.5 2 1 2 3 3
4436.4 95.2 -13.5 110 0 7.0 19.1 2.5 0.0 0 1 1 4 4
4459.3 101.7 -14.3 90 0 17.5 8.3 7.5 2.5 2 0 3 3 3
4489.8 51.0 -17.4 289 0 12.4 13.3 7.5 2.5 2 1 3 3 3
4502.3 -54.4 -21.0 114 0 5.8 8.7 5.0 0.0 0 1 2 2 2
4481.7 -10.5 -18.9 296 0 7.1 11.9 2.5 2.5 4 1 1 1 1
4468.6 -43.9 -19.7 99 0 20.6 9.0 5.0 2.5 2 0 2 1 1
4427.9 -36.3 -17.8 99 0 19.4 15.9 12.5 2.5 2 0 5 3 3
4363.3 27.7 -13.0 301 0 11.4 9.0 5.0 2.5 2 0 2 4 4
4346.6 -6.0 -14.5 273 0 4.3 8.7 5.0 2.5 2 1 2 0 0
4381.2 -22.3 -15.8 360 0 10.3 10.9 5.0 2.5 2 1 2 4 4
4410.8 -68.0 -19.2 0 0 13.8 11.4 5.0 2.5 2 0 2 3 3
4413.6 -122.5 -22.3 23 0 14.5 8.7 7.5 2.5 2 0 3 5 5
4382.2 -188.9 -24.3 92 0 12.3 11.2 5.0 2.5 2 0 2 1 1
4325.7 -163.2 -22.1 20 0 10.2 8.7 5.0 2.5 2 0 2 5 5
4280.5 -170.7 -21.3 100 0 12.6 12.1 7.5 2.5 4 0 3 4 4
4243.7 -169.9 -20.7 184 0 19.5 9.4 5.0 2.5 2 0 2 2 2
4217.3 -144.1 -19.7 182 0 16.5 32.2 15.0 0.0 0 1 6 3 3
4219.7 -159.1 -19.7 185 0 9.2 12.0 7.5 2.5 2 1 3 4 4
4219.0 -223.7 -21.8 173 0 12.5 6.5 7.5 2.5 2 0 3 4 4
4234.4 -268.9 -23.5 350 0 7.4 4.1 5.0 2.5 2 0 2 2 2
4166.4 -208.4 -20.4 271 0 15.5 14.9 7.5 2.5 2 0 3 0 0
4152.8 -215.2 -20.1 269 0 7.9 8.9 5.0 2.5 2 1 2 0 0
4109.8 -200.7 -20.1 0 0 16.9 16.7 10.0 2.5 2 0 4 4 4
4103.5 -189.8 -18.7 92 0 6.3 6.3 5.0 2.5 2 1 2 3 3
4114.1 -187.0 -18.4 88 0 12.2 13.6 7.5 2.5 2 1 3 5 5
4098.5 -150.7 -16.5 174 0 7.3 14.8 5.0 2.5 2 1 2 2 2
4156.4 -99.1 -15.8 186 0 6.8 7.6 7.5 2.5 4 1 3 0 0
4163.1 -82.3 -14.9 175 0 5.2 8.6 5.0 2.5 2 1 2 4 4
4191.7 -74.8 -15.0 352 0 9.3 15.4 5.0 2.5 2 1 2 3 3
4162.6 -159.2 -18.1 96 0 14.4 7.4 7.5 2.5 4 0 3 5 5
4156.9 -25.2 -11.8 178 0 14.5 11.5 5.0 2.5 2 0 2 0 0
4175.1 -25.8 -12.2 179 0 11.5 12.6 10.0 2.5 2 1 4 1 1
4186.0 36.8 -9.0 270 0 9.6 11.8 7.5 2.5 2 1 3 5 5
4217.2 -9.8 -12.0 11 0 18.3 19.6 10.0 2.5 2 1 4 5 5
4229.1 -7.8 -12.0 9 0 14.5 8.0 2.5 2.5 2 0 1 4 4
4256.9 53.1 -9.2 356 0 16.0 11.9 5.0 2.5 2 0 2 2 2
4254.8 32.7 -9.9 89 0 5.5 10.9 7.5 0.0 0 1 3 3 3
4257.0 29.2 -10.2 355 0 5.5 9.0 2.5 2.5 2 1 1 4 4
4240.5 42.0 -9.0 77 0 7.8 9.4 5.0 2.5 2 1 2 0 0
4216.8 9.3 -10.6 359 0 4.7 8.1 2.5 2.5 2 1 1 4 4
4152.2 26.9 -8.4 174 0 5.5 8.7 7.5 2.5 4 1 3 4 4
4152.7 17.6 -9.1 178 0 9.4 10.1 2.5 2.5 4 1 1 0 0
4191.2 96.7 -5.5 169 0 12.4 12.9 5.0 2.5 2 1 2 1 1
4224.7 138.7 -4.3 268 0 17.3 14.5 10.0 0.0 0 0 4 3 3
4254.1 95.2 -6.3 35 0 14.5 26.1 12.5 2.5 4 1 5 5 5
4307.2 117.4 -7.6 29 0 20.2 11.8 10.0 0.0 0 0 4 5 5
4268.6 181.3 -4.2 116 0 12.8 16.3 2.5 2.5 2 1 1 5 5
4345.1 180.9 -7.0 25 0 5.7 8.2 5.0 2.5 2 1 2 5 5
4351.6 206.8 -6.4 31 0 15.3 14.7 5.0 2.5 2 0 2 0 0
4363.3 227.6 -6.3 31 0 20.5 7.7 2.5 2.5 2 0 1 5 5
4247.6 209.1 -2.6 200 0 9.2 7.4 5.0 2.5 2 0 2 5 5
4378.4 246.3 -6.3 18 0 5.7 10.6 5.0 2.5 4 1 2 4 4
4383.0 254.6 -6.2 23 0 8.2 9.6 5.0 2.5 2 1 2 4 4
4479.3 71.9 -15.9 119 0 6.5 6.8 7.5 2.5 2 1 3 2 2
4424.7 205.7 -9.9 184 0 16.9 7.9 5.0 2.5 2 0 2 4 4
4421.1 33.9 -15.2 264 0 8.3 7.6 7.5 2.5 4 0 3 0 0
4837.4 529.7 -20.7 269 0 17.4 15.3 5.0 2.5 2 0 2 2 2
4818.8 499.9 -22.3 274 0 10.6 5.3 5.0 2.5 2 0 2 4 4
4822.4 439.6 -26.1 85 0 6.5 9.7 7.5 0.0 0 1 3 0 0
4781.5 426.5 -26.2 74 0 6.7 17.7 5.0 2.5 2 1 2 3 3
4787.3 457.2 -25.3 87 0 14.9 10.6 10.0 2.5 2 0 4 3 3
4784.2 486.5 -23.9 267 0 11.2 9.4 7.5 2.5 2 0 3 4 4
4742.1 464.3 -24.8 180 0 7.3 14.4 5.0 2.5 2 1 2 3 3
4732.2 433.2 -23.1 260 0 9.5 10.0 5.0 2.5 2 1 2 4 4
4719.7 448.7 -22.8 263 0 13.1 9.2 7.5 0.0 0 0 3 5 5
4710.8 423.7 -21.9 163 0 12.8 8.7 5.0 0.0 0 0 2 2 2
4709.0 400.8 -21.5 163 0 7.8 11.0 5.0 0.0 0 1 2 3 3
4703.7 322.8 -21.8 125 0 12.5 17.1 2.5 2.5 2 1 1 2 2
4673.8 396.6 -19.1 86 0 9.3 12.1 7.5 2.5 2 1 3 2 2
4650.7 429.1 -18.6 217 0 14.6 10.2 10.0 2.5 4 0 4 2 2
4619.8 411.2 -16.1 278 0 10.1 17.2 7.5 2.5 2 1 3 1 1
4590.3 382.8 -14.6 292 0 14.6 13.7 2.5 2.5 2 0 1 0 0
4587.9 497.7 -15.7 302 0 13.6 19.9 10.0 2.5 2 1 4 5 5
4583.0 535.9 -16.1 296 0 8.2 8.8 7.5 2.5 2 1 3 4 4
4484.4 592.6 -11.8 179 0 11.1 9.0 5.0 0.0 0 0 2 5 5
4474.9 599.5 -10.9 4 0 12.9 9.9 5.0 0.0 0 0 2 2 2
4458.0 595.2 -10.0 97 0 6.6 6.5 5.0 2.5 2 0 2 5 5
4459.1 602.8 -10.3 94 0 8.5 5.6 5.0 2.5 2 0 2 4 4
4468.0 614.0 -10.7 359 0 6.9 12.7 7.5 2.5 2 1 3 2 2
4508.9 656.9 -14.3 190 0 6.1 8.6 7.5 2.5 2 1 3 0 0
4501.6 701.9 -11.6 190 0 9.0 8.5 2.5 2.5 2 0 1 5 5
4509.7 740.2 -8.8 214 0 9.5 14.7 2.5 2.5 2 1 1 3 3
4507.1 763.5 -5.1 176 0 8.5 9.4 5.0 2.5 2 1 2 4 4
4608.7 686.1 -11.6 5 0 7.1 10.9 5.0 2.5 2 1 2 1 1
4626.0 723.4 -8.2 298 0 12.8 9.3 7.5 2.5 2 0 3 4 4
4638.5 699.2 -9.6 117 0 9.1 11.5 5.0 2.5 2 1 2 0 0
4619.5 747.6 -4.8 30 0 10.0 11.0 10.0 2.5 2 1 4 5 5
4588.4 763.6 -3.4 26 0 8.4 9.2 2.5 2.5 2 1 1 2 2
4584.8 824.1 3.5 199 0 6.3 7.1 5.0 2.5 2 1 2 5 5
4665.7 787.1 1.1 131 0 6.5 5.8 5.0 2.5 4 0 2 4 4
4683.6 777.0 0.3 134 0 7.3 13.7 2.5 2.5 2 1 1 0 0
4706.8 793.9 1.9 309 0 8.6 7.2 2.5 2.5 2 0 1 2 2
4712.2 805.1 3.2 303 0 9.2 8.1 7.5 2.5 2 0 3 3 3
4703.3 766.2 -0.5 116 0 7.8 11.0 2.5 2.5 2 1 1 0 0
4741.5 782.9 1.2 299 0 9.4 8.8 5.0 2.5 2 0 2 1 1
4749.9 778.7 1.0 300 0 6.6 4.7 7.5 2.5 2 0 3 4 4
4757.7 794.3 0.3 286 0 6.6 10.4 5.0 2.5 2 1 2 0 0
4780.2 786.7 -1.8 311 0 7.9 14.4 7.5 2.5 2 1 3 2 2
4772.6 795.7 -1.3 102 0 5.2 12.4 5.0 2.5 2 1 2 2 2
4779.2 797.0 -1.7 99 0 4.7 8.0 5.0 2.5 2 1 2 1 1
4807.4 789.3 -4.5 98 0 6.0 15.2 2.5 0.0 0 1 1 4 4
4814.2 790.5 -4.9 93 0 4.4 8.0 7.5 2.5 2 1 3 2 2
4836.7 787.2 -7.3 92 0 10.3 10.5 7.5 2.5 2 1 3 2 2
4841.7 778.5 -7.8 286 0 12.6 11.9 7.5 0.0 0 0 3 2 2
4857.3 775.6 -9.0 296 0 6.7 5.1 5.0 2.5 2 0 2 0 0
4859.4 785.9 -9.2 95 0 6.1 8.3 7.5 2.5 2 1 3 5 5
4774.1 642.8 -13.3 289 0 12.9 10.2 2.5 2.5 2 0 1 0 0
4760.8 645.9 -13.4 288 0 10.4 13.8 7.5 2.5 2 1 3 4 4
4768.3 549.1 -19.1 91 0 7.1 10.4 7.5 2.5 2 1 3 1 1
4735.0 543.5 -19.9 88 0 11.1 7.9 5.0 2.5 2 0 2 4 4
4737.4 519.4 -22.0 270 0 11.0 7.3 7.5 2.5 2 0 3 5 5
4733.4 509.1 -22.9 269 0 8.1 9.7 7.5 2.5 2 1 3 1 1
4788.4 520.7 -22.1 271 0 12.6 16.6 10.0 2.5 2 1 4 5 5
4781.0 503.0 -22.4 276 0 8.6 4.3 7.5 2.5 2 0 3 3 3
4825.3 549.7 -18.4 85 0 8.5 7.0 7.5 2.5 2 0 3 2 2
4878.2 629.1 -13.8 294 0 17.8 19.7 12.5 0.0 0 1 5 1 1
4449.8 560.1 -9.0 184 0 9.8 6.8 7.5 2.5 4 0 3 2 2
4428.8 515.2 -7.1 202 0 7.6 11.1 7.5 2.5 4 1 3 5 5
4393.9 405.6 -3.3 6 0 27.0 18.1 15.0 0.0 0 0 6 1 1
4375.9 430.3 -2.2 189 0 12.9 5.4 2.5 2.5 2 0 1 3 3
4407.5 358.5 -4.8 311 0 8.8 27.4 5.0 2.5 2 1 2 1 1
4434.8 359.1 -6.5 113 0 11.6 13.2 2.5 2.5 2 1 1 4 4
4448.1 358.0 -7.0 100 0 9.0 6.0 7.5 2.5 2 0 3 0 0
4454.3 303.1 -8.4 186 0 10.4 9.5 2.5 2.5 4 0 1 2 2
4479.8 340.1 -9.3 205 0 9.3 9.0 7.5 2.5 2 0 3 0 0
4501.9 333.1 -10.5 202 0 9.9 7.1 7.5 2.5 2 0 3 1 1
4495.5 350.9 -9.9 205 0 8.5 7.4 5.0 0.0 0 0 2 4 4
4499.0 358.7 -10.5 186 0 9.0 15.4 7.5 2.5 2 1 3 1 1
4506.7 309.8 -11.1 195 0 8.2 7.8 7.5 2.5 2 0 3 3 3
4536.3 299.0 -12.5 357 0 6.6 12.4 7.5 2.5 2 1 3 3 3
4540.4 410.9 -11.5 279 0 11.8 5.2 5.0 2.5 2 0 2 3 3
4538.4 404.3 -11.4 280 0 11.2 4.8 5.0 2.5 2 0 2 1 1
4543.6 416.4 -11.6 284 0 9.7 5.3 7.5 2.5 2 0 3 5 5
4427.5 560.9 -7.4 358 0 15.7 16.0 10.0 2.5 2 1 4 3 3
4416.0 426.4 -4.5 302 0 13.1 8.2 7.5 2.5 2 0 3 5 5
4460.9 429.6 -7.0 264 0 11.8 6.2 7.5 0.0 0 0 3 5 5
4495.3 416.6 -9.0 273 0 14.1 6.6 5.0 2.5 2 0 2 1 1
4683.7 488.5 -21.7 208 0 6.1 12.8 5.0 2.5 2 1 2 1 1
4682.0 446.6 -20.4 87 0 5.2 8.9 5.0 2.5 2 1 2 4 4
4734.6 481.5 -24.0 90 0 7.7 8.9 7.5 2.5 2 1 3 5 5
4769.8 432.7 -25.3 74 0 9.5 6.8 7.5 2.5 2 0 3 2 2
4676.7 516.7 -21.5 151 0 5.7 21.3 7.5 2.5 2 1 3 0 0
4668.6 493.2 -20.3 27 0 4.6 9.8 5.0 2.5 2 1 2 5 5
4655.0 479.3 -19.3 20 0 9.2 10.1 5.0 2.5 2 1 2 2 2
4412.2 687.4 -9.5 177 0 11.6 10.5 2.5 2.5 2 0 1 0 0
4463.5 818.8 -6.8 269 0 10.9 13.0 2.5 2.5 2 1 1 0 0
4512.8 907.1 -1.1 359 0 9.8 6.2 2.5 0.0 0 0 1 1 1
4464.6 931.3 -8.5 264 0 9.0 8.7 5.0 2.5 2 0 2 3 3
4551.4 799.1 -0.5 285 0 12.4 6.8 2.5 2.5 4 0 1 3 3
4607.3 811.0 2.2 290 0 6.1 5.8 2.5 2.5 2 0 1 3 3
4515.6 784.9 -3.0 206 0 9.5 15.0 7.5 2.5 2 1 3 2 2
4698.4 2327.3 -4.9 333 0 7.1 8.6 7.5 2.5 2 1 3 3 3
4656.7 2369.9 -7.8 112 0 8.7 6.6 7.5 2.5 2 0 3 5 5
4624.1 2416.4 -10.3 209 0 11.7 5.0 7.5 2.5 2 0 3 4 4
4606.2 2376.5 -11.9 111 0 13.0 14.1 5.0 2.5 2 1 2 1 1
4614.2 2460.8 -11.2 209 0 19.6 16.2 12.5 2.5 2 0 5 3 3
4626.6 2487.1 -10.2 208 0 13.0 10.9 5.0 0.0 0 0 2 5 5
4664.1 2547.9 -8.3 205 0 6.1 8.3 7.5 2.5 2 1 3 5 5
4661.8 2608.7 -11.6 179 0 13.2 8.5 5.0 2.5 2 0 2 3 3
4676.5 2598.7 -10.6 91 0 8.2 8.7 7.5 2.5 2 1 3 3 3
4730.8 2577.6 -6.4 273 0 14.6 9.9 5.0 2.5 2 0 2 2 2
4765.7 2640.3 -7.2 215 0 10.4 9.9 7.5 2.5 2 0 3 1 1
4810.3 2663.7 -6.9 34 0 13.5 12.5 5.0 2.5 2 0 2 4 4
4781.1 2597.7 -4.4 189 0 5.4 9.9 2.5 2.5 2 1 1 3 3
4627.7 2612.0 -13.5 270 0 8.7 8.7 5.0 2.5 2 0 2 0 0
4618.4 2615.0 -15.2 359 0 8.6 19.2 7.5 2.5 2 1 3 2 2
4620.0 2641.7 -15.7 0 0 6.1 8.2 5.0 2.5 2 1 2 3 3
4587.0 2478.1 -14.1 12 0 15.0 14.1 7.5 2.5 2 0 3 3 3
4575.8 2501.7 -14.5 273 0 14.4 8.6 2.5 2.5 2 0 1 5 5
4516.7 2403.9 -16.5 293 0 11.1 8.6 5.0 2.5 4 0 2 2 2
4533.2 2369.6 -14.8 217 0 7.7 14.0 5.0 2.5 2 1 2 4 4
4606.4 2342.8 -11.8 299 0 11.9 14.1 2.5 2.5 2 1 1 5 5
4659.9 2277.9 -7.7 281 0 11.2 9.3 7.5 2.5 2 0 3 0 0
4481.9 2499.0 -20.1 268 0 6.2 11.8 5.0 2.5 2 1 2 0 0
4420.7 2353.2 -18.5 207 0 8.9 9.6 5.0 2.5 2 1 2 4 4
4422.7 2340.0 -18.1 185 0 6.8 11.6 7.5 2.5 2 1 3 5 5
4424.3 2332.5 -17.9 198 0 4.5 19.3 2.5 2.5 2 1 1 2 2
4394.8 2274.6 -16.6 89 0 7.8 9.2 2.5 2.5 2 1 1 3 3
4395.6 2285.4 -16.7 97 0 8.0 4.4 5.0 2.5 2 0 2 4 4
4399.9 2327.7 -17.7 284 0 4.7 11.2 5.0 0.0 0 1 2 5 5
4374.0 2337.8 -17.9 297 0 4.0 7.7 7.5 2.5 2 1 3 2 2
4349.2 2344.9 -18.0 285 0 10.1 10.6 5.0 2.5 4 1 2 2 2
4357.9 2342.4 -17.9 283 0 5.5 9.1 7.5 0.0 0 1 3 2 2
4367.5 2304.5 -17.2 85 0 7.9 8.5 2.5 2.5 2 1 1 2 2
4405.6 2344.0 -18.2 17 0 5.1 7.9 7.5 2.5 2 1 3 0 0
4393.2 2355.6 -18.6 102 0 7.0 9.4 5.0 2.5 4 1 2 2 2
4382.0 2345.7 -18.3 94 0 5.1 8.5 2.5 2.5 2 1 1 5 5
4338.6 2386.1 -19.2 86 0 11.3 8.9 5.0 2.5 2 0 2 4 4
4330.1 2400.2 -19.6 82 0 7.3 9.7 5.0 2.5 2 1 2 3 3
4315.7 2370.8 -18.7 89 0 8.0 8.4 7.5 0.0 0 1 3 3 3
4263.7 2438.7 -20.1 266 0 11.8 6.8 2.5 2.5 2 0 1 5 5
4232.5 2397.9 -19.2 93 0 7.9 9.7 5.0 2.5 2 1 2 5 5
4218.7 2405.0 -19.3 103 0 9.1 8.0 5.0 0.0 0 0 2 1 1
4215.0 2424.1 -19.7 177 0 7.4 12.9 7.5 2.5 2 1 3 5 5
4275.4 2372.0 -18.7 90 0 7.9 12.1 2.5 2.5 4 1 1 5 5
4260.0 2337.4 -17.5 269 0 8.4 7.6 5.0 2.5 2 0 2 4 4
4241.0 2330.3 -17.4 175 0 9.6 10.4 5.0 2.5 2 1 2 1 1
4250.0 2286.9 -16.3 199 0 6.0 6.2 5.0 2.5 2 1 2 4 4
4366.8 2462.0 -21.0 265 0 8.6 11.6 7.5 2.5 2 1 3 2 2
4419.1 2426.8 -20.4 359 0 7.7 5.5 5.0 2.5 2 0 2 5 5
4442.8 2390.4 -18.8 172 0 10.5 14.0 5.0 2.5 4 1 2 5 5
4576.6 2672.7 -19.0 291 0 7.3 9.5 7.5 2.5 2 1 3 1 1
4414.6 2112.8 -12.3 274 0 17.6 10.8 7.5 0.0 0 0 3 2 2
4371.2 2106.9 -12.0 273 0 9.0 8.7 2.5 2.5 4 0 1 4 4
4327.7 2087.1 -11.6 178 0 13.0 15.7 7.5 2.5 2 1 3 0 0
4320.5 2064.1 -12.1 177 0 15.9 14.2 5.0 2.5 4 0 2 5 5
4335.0 2034.3 -12.6 180 0 8.0 9.1 7.5 2.5 2 1 3 0 0
4361.2 1949.9 -12.8 100 0 9.1 6.6 7.5 2.5 4 0 3 0 0
4372.2 1934.9 -12.3 271 0 12.6 11.1 7.5 2.5 2 0 3 0 0
4358.4 1887.6 -13.2 20 0 13.1 9.5 2.5 0.0 0 0 1 3 3
4361.7 1912.4 -13.0 358 0 12.2 8.7 5.0 2.5 4 0 2 0 0
4394.1 1802.6 -11.3 1 0 10.0 11.9 5.0 2.5 2 1 2 4 4
4380.7 1873.7 -11.6 196 0 15.2 14.1 2.5 2.5 2 0 1 0 0
4397.7 1897.7 -10.7 185 0 16.0 10.2 5.0 2.5 2 0 2 5 5
4423.3 1940.2 -7.1 198 0 9.4 19.8 2.5 2.5 2 1 1 3 3
4424.5 1907.0 -6.1 285 0 5.6 7.9 5.0 2.5 2 1 2 2 2
4390.3 1898.1 -11.2 201 0 12.6 5.2 7.5 2.5 4 0 3 1 1
4805.0 2886.4 -2.1 279 0 7.5 11.4 5.0 2.5 2 1 2 5 5
4728.9 2941.8 -3.2 101 0 16.8 13.1 5.0 2.5 2 0 2 2 2
4754.2 2988.6 -7.0 92 0 10.5 9.8 5.0 2.5 2 0 2 2 2
4787.7 2975.4 -7.8 95 0 6.3 13.5 5.0 2.5 2 1 2 1 1
4855.7 2943.3 -8.4 3 0 16.9 8.9 7.5 2.5 2 0 3 0 0
4854.9 2931.9 -7.3 3 0 4.0 8.6 7.5 2.5 2 1 3 0 0
4815.1 3049.7 -12.9 269 0 6.1 12.1 5.0 2.5 2 1 2 4 4
4816.3 3085.9 -15.2 271 0 6.9 8.4 2.5 2.5 2 1 1 0 0
4818.6 3143.3 -19.2 0 0 13.0 9.8 2.5 2.5 2 0 1 0 0
4787.3 3136.9 -17.2 335 0 12.0 10.8 5.0 0.0 0 0 2 4 4
4786.7 3055.5 -12.0 2 0 7.1 9.5 7.5 2.5 2 1 3 5 5
4684.1 2965.2 -2.0 189 0 8.7 9.4 5.0 2.5 2 1 2 1 1
4667.5 2966.9 -1.4 191 0 6.4 12.1 5.0 2.5 2 0 2 4 4
4668.9 2974.0 -2.0 191 0 8.1 12.1 7.5 2.5 2 0 3 5 5
4676.8 2988.9 -3.4 112 0 6.1 9.9 2.5 2.5 2 1 1 0 0
4660.7 3039.1 -5.7 179 0 11.4 7.7 5.0 2.5 2 0 2 5 5
4654.6 3122.5 -11.1 183 0 11.9 18.8 7.5 0.0 0 1 3 0 0
4718.0 3123.1 -13.2 269 0 11.8 11.0 5.0 2.5 2 0 2 0 0
4661.6 2722.3 -12.6 205 0 5.9 12.6 7.5 2.5 2 1 3 4 4
4664.2 2930.1 -0.2 10 0 8.1 12.1 7.5 2.5 2 1 3 1 1
4647.3 2934.6 -0.5 21 0 11.8 10.9 7.5 2.5 2 0 3 3 3
4537.8 3064.8 -1.3 266 0 9.5 9.7 7.5 2.5 2 1 3 5 5
4521.3 3070.0 -0.9 277 0 14.3 11.3 2.5 2.5 2 0 1 5 5
4516.6 3044.3 0.9 284 0 8.2 15.7 2.5 2.5 2 1 1 4 4
4521.3 3089.1 -2.4 203 0 11.2 10.7 2.5 2.5 4 0 1 1 1
4520.7 3132.2 -5.2 186 0 8.5 9.8 2.5 2.5 2 1 1 0 0
4522.0 3149.5 -5.8 174 0 5.7 6.5 5.0 2.5 2 1 2 5 5
4577.4 3168.8 -9.6 276 0 9.3 14.9 7.5 2.5 2 1 3 1 1
4562.9 3169.4 -9.0 268 0 9.4 8.8 5.0 2.5 2 0 2 2 2
4549.3 3179.1 -7.6 109 0 12.9 10.8 5.0 2.5 2 0 2 2 2
4594.9 3166.5 -10.4 255 0 10.2 8.9 2.5 2.5 2 0 1 3 3
4624.9 3169.2 -11.8 270 0 8.9 10.4 5.0 2.5 2 1 2 5 5
4535.7 3171.1 -6.1 1 0 10.1 9.8 7.5 2.5 2 0 3 0 0
4523.6 3182.4 -4.5 28 0 7.3 6.1 5.0 2.5 2 0 2 5 5
4484.9 3179.8 -4.8 197 0 9.9 9.6 5.0 2.5 2 0 2 3 3
4442.0 3138.7 -2.1 216 0 7.2 13.2 5.0 2.5 2 1 2 2 2
4443.6 3123.8 -0.7 318 0 10.5 6.7 2.5 2.5 2 0 1 3 3
4425.3 3100.7 1.4 211 0 10.1 6.2 5.0 2.5 4 0 2 5 5
4368.2 2986.2 -4.8 205 0 7.0 7.3 2.5 2.5 2 1 1 5 5
4333.8 2903.3 -9.9 269 0 10.7 10.5 2.5 2.5 4 0 1 2 2
4321.0 2922.3 -8.0 88 0 7.8 7.8 5.0 2.5 2 0 2 2 2
4308.2 2920.7 -8.0 62 0 5.2 7.3 5.0 2.5 2 1 2 1 1
4320.7 2851.8 -12.7 183 0 9.7 9.9 2.5 0.0 0 1 1 0 0
4348.9 2831.9 -13.7 87 0 6.9 6.7 2.5 2.5 2 0 1 2 2
4363.2 2882.2 -11.3 269 0 6.5 8.6 7.5 2.5 2 1 3 0 0
4411.2 2853.5 -13.4 266 0 11.9 8.5 5.0 2.5 2 0 2 3 3
4413.0 2819.1 -15.2 177 0 7.0 11.6 7.5 0.0 0 1 3 3 3
4405.7 2887.1 -10.9 107 0 10.4 11.5 5.0 2.5 2 1 2 2 2
4443.3 3022.6 -2.0 96 0 7.4 12.7 7.5 2.5 2 1 3 0 0
4498.8 3093.5 -1.2 286 0 14.2 10.6 7.5 2.5 2 0 3 2 2
4499.4 3064.5 0.6 274 0 6.2 7.5 7.5 2.5 2 1 3 2 2
4492.2 3044.4 -0.1 287 0 10.9 16.9 2.5 0.0 0 1 1 1 1
4500.5 2985.6 -2.1 122 0 9.3 8.2 5.0 2.5 2 0 2 3 3
4511.5 2982.0 -2.0 112 0 7.0 11.0 2.5 2.5 2 1 1 0 0
4516.3 2871.7 -8.7 182 0 8.1 16.5 2.5 2.5 2 1 1 3 3
4507.3 3119.9 -3.5 12 0 9.5 12.1 7.5 2.5 2 1 3 1 1
4491.8 3222.4 -10.6 34 0 9.9 8.9 5.0 2.5 2 0 2 4 4
4358.5 3013.9 -3.3 213 0 8.8 10.6 7.5 2.5 2 1 3 3 3
4355.6 3003.0 -3.8 219 0 5.5 8.9 2.5 2.5 2 1 1 1 1
4334.0 2973.0 -5.2 170 0 7.0 13.3 5.0 0.0 0 1 2 5 5
4340.9 2979.9 -4.7 159 0 4.3 9.9 7.5 2.5 2 1 3 3 3
4760.7 3051.9 -10.8 353 0 13.1 13.2 5.0 2.5 2 1 2 0 0
4808.1 3001.9 -9.7 3 0 8.4 11.4 5.0 0.0 0 1 2 1 1
4325.7 3004.6 -3.7 122 0 7.5 9.2 5.0 2.5 2 1 2 4 4
4341.0 3014.8 -3.4 35 0 8.0 10.9 7.5 2.5 2 1 3 3 3
4536.4 3233.4 -8.2 214 0 14.5 15.4 7.5 2.5 2 1 3 1 1
4554.9 3240.5 -7.7 213 0 4.8 8.7 7.5 0.0 0 1 3 4 4
4558.4 3357.7 -13.7 355 0 11.8 9.3 2.5 2.5 2 0 1 5 5
4546.1 3352.4 -14.3 350 0 9.2 13.7 5.0 0.0 0 1 2 0 0
4520.2 3355.8 -14.9 175 0 8.2 9.9 7.5 2.5 2 1 3 3 3
4536.8 3413.8 -15.6 253 0 13.3 11.1 5.0 2.5 2 0 2 5 5
4647.0 3398.9 -20.2 74 0 8.7 11.6 5.0 2.5 2 1 2 2 2
4664.5 3338.5 -18.6 170 0 12.6 9.3 5.0 0.0 0 0 2 0 0
4667.7 3312.4 -17.0 178 0 7.6 5.5 7.5 2.5 4 0 3 0 0
4675.0 3303.8 -17.7 179 0 11.9 8.8 2.5 0.0 0 0 1 0 0
4673.4 3273.5 -16.4 172 0 7.3 9.2 5.0 2.5 2 1 2 0 0
4664.6 3281.0 -15.4 164 0 6.5 8.9 5.0 2.5 2 1 2 4 4
4660.1 3244.6 -16.2 176 0 9.1 9.7 7.5 2.5 2 1 3 5 5
4642.1 3351.5 -16.6 18 0 13.4 8.5 2.5 2.5 2 0 1 2 2
4765.3 3699.5 -15.5 266 0 11.8 10.6 2.5 2.5 2 0 1 3 3
4767.2 3737.5 -17.0 357 0 15.2 11.8 5.0 2.5 2 0 2 0 0
4808.4 3724.6 -15.2 93 0 7.4 12.9 5.0 2.5 2 1 2 3 3
4817.6 3795.3 -12.5 194 0 11.6 8.6 5.0 2.5 2 0 2 1 1
4811.0 3876.3 -17.3 285 0 9.1 6.8 7.5 2.5 2 0 3 5 5
4776.3 3783.3 -17.8 34 0 5.5 10.2 5.0 2.5 4 1 2 5 5
4870.6 3499.0 -15.7 360 0 9.9 24.2 7.5 2.5 2 1 3 0 0
5968.6 1436.5 -12.4 267 0 11.5 8.3 5.0 2.5 4 0 2 0 0
5944.4 1441.7 -11.6 179 0 4.4 8.5 7.5 2.5 2 1 3 5 5
5942.9 1435.4 -11.8 179 0 6.9 10.1 7.5 2.5 2 1 3 3 3
5958.0 1462.3 -11.7 267 0 10.1 8.5 7.5 2.5 2 0 3 2 2
5966.8 1461.3 -11.9 268 0 5.9 15.0 7.5 2.5 2 1 3 1 1
6009.8 1179.0 -19.8 19 0 5.2 9.9 7.5 2.5 2 1 3 5 5
5989.3 1222.6 -19.4 264 0 14.4 7.4 7.5 2.5 2 0 3 2 2
5968.9 1230.8 -20.0 261 0 8.8 12.1 7.5 0.0 0 1 3 3 3
5963.8 1284.9 -18.2 224 0 7.2 11.6 5.0 2.5 2 1 2 4 4
5973.5 1297.5 -17.5 222 0 9.2 16.4 7.5 2.5 2 1 3 0 0
5968.9 1291.0 -17.8 223 0 4.6 13.0 7.5 2.5 4 1 3 4 4
5945.8 1305.7 -15.6 175 0 11.8 6.3 7.5 0.0 0 0 3 5 5
5935.0 1355.4 -12.9 179 0 12.3 11.8 7.5 2.5 2 0 3 3 3
5964.6 1380.4 -13.2 179 0 10.2 11.1 7.5 2.5 2 1 3 3 3
5965.2 1424.2 -12.4 175 0 4.9 9.4 7.5 2.5 2 1 3 3 3
6008.6 1456.3 -11.9 270 0 10.1 8.6 7.5 2.5 2 0 3 3 3
6043.9 1386.7 -13.4 84 0 11.5 7.0 7.5 0.0 0 0 3 5 5
6046.0 1413.2 -13.4 356 0 7.8 16.5 7.5 2.5 4 1 3 0 0
5923.5 1459.3 -10.7 13 0 10.9 6.3 7.5 2.5 2 0 3 4 4
5923.7 1400.2 -11.7 1 0 18.5 21.7 10.0 2.5 2 1 4 1 1
5897.7 1455.2 -10.2 358 0 16.1 12.5 7.5 2.5 2 0 3 0 0
5908.8 1482.3 -9.9 21 0 6.6 38.5 7.5 2.5 2 1 3 3 3
5855.5 1469.6 -9.2 198 0 11.2 13.1 2.5 2.5 2 1 1 5 5
5836.4 1436.8 -9.6 197 0 14.4 26.0 7.5 2.5 2 1 3 3 3
5898.9 1354.7 -11.7 357 0 6.4 7.5 5.0 2.5 2 1 2 0 0
5883.5 1284.7 -12.5 8 0 12.2 13.8 7.5 2.5 2 1 3 4 4
5877.3 1307.3 -12.0 1 0 12.6 9.4 7.5 2.5 2 0 3 4 4
5862.4 1307.3 -11.6 4 0 6.4 10.2 5.0 2.5 2 1 2 2 2
5867.8 1320.5 -11.6 5 0 13.2 12.8 5.0 2.5 2 0 2 2 2
5846.3 1285.2 -11.8 188 0 12.1 8.3 7.5 2.5 4 0 3 5 5
5850.6 1195.5 -15.0 101 0 7.7 8.3 5.0 2.5 2 1 2 2 2
5849.0 1184.4 -15.4 102 0 6.5 7.4 5.0 0.0 0 1 2 3 3
5821.1 1173.6 -14.0 22 0 7.4 10.2 5.0 2.5 2 1 2 0 0
5821.8 1130.7 -16.6 93 0 7.3 9.9 7.5 2.5 2 1 3 5 5
5795.3 1128.8 -14.7 37 0 8.2 12.9 7.5 2.5 2 1 3 5 5
5966.8 1185.3 -21.0 89 0 7.7 9.5 5.0 2.5 2 1 2 0 0
6059.5 1111.7 -20.6 70 0 12.0 8.0 5.0 2.5 2 0 2 2 2
6030.2 1230.0 -18.1 270 0 9.0 13.0 5.0 2.5 2 1 2 4 4
5928.8 1184.9 -20.7 90 0 8.9 6.7 7.5 2.5 2 0 3 2 2
5885.3 1161.3 -19.6 173 0 6.0 9.3 7.5 2.5 2 1 3 0 0
5832.1 1095.8 -19.9 216 0 9.0 10.8 5.0 2.5 2 1 2 3 3
5817.7 1086.7 -19.2 225 0 10.1 8.2 2.5 0.0 0 0 1 2 2
5786.2 1064.3 -18.3 203 0 8.4 7.0 7.5 2.5 2 0 3 5 5
5787.7 1088.0 -16.7 360 0 10.9 10.1 5.0 2.5 2 0 2 1 1
5765.4 1066.6 -16.5 93 0 9.1 10.7 5.0 2.5 2 1 2 1 1
5762.1 1033.5 -17.6 177 0 11.5 7.9 7.5 0.0 0 0 3 4 4
5668.4 975.4 -12.5 181 0 13.1 15.5 5.0 2.5 2 1 2 0 0
5663.9 935.3 -12.9 183 0 9.8 10.6 7.5 2.5 2 1 3 3 3
5641.9 994.3 -11.5 359 0 7.8 10.1 5.0 2.5 2 1 2 5 5
5645.2 1011.1 -11.6 2 0 12.9 16.4 10.0 2.5 2 1 4 1 1
5673.4 1009.4 -11.4 86 0 15.4 11.7 7.5 2.5 4 0 3 2 2
5655.2 1074.6 -11.6 102 0 7.5 7.7 7.5 2.5 2 1 3 5 5
5652.0 1133.1 -11.6 265 0 7.5 9.4 5.0 2.5 2 1 2 3 3
5655.7 1156.8 -11.5 263 0 11.2 9.9 5.0 2.5 2 0 2 0 0
5693.7 1132.9 -11.4 271 0 12.3 9.8 7.5 2.5 2 0 3 5 5
5739.3 1096.2 -13.0 16 0 11.4 13.2 7.5 2.5 2 1 3 5 5
5743.0 1112.9 -12.3 15 0 10.1 7.4 7.5 2.5 4 0 3 2 2
5761.3 1102.9 -14.1 8 0 8.8 15.1 5.0 2.5 2 1 2 3 3
5779.9 1199.4 -11.7 179 0 9.6 15.0 2.5 2.5 2 1 1 0 0
5795.7 1223.8 -11.5 204 0 10.8 7.3 7.5 0.0 0 0 3 5 5
5794.2 1249.2 -11.2 207 0 11.2 14.6 5.0 2.5 2 1 2 3 3
5820.1 1268.5 -11.4 193 0 8.4 10.1 5.0 2.5 4 1 2 5 5
5822.1 1277.6 -11.3 195 0 7.6 10.0 7.5 2.5 2 1 3 1 1
5822.6 1286.7 -11.3 194 0 8.7 13.0 2.5 2.5 2 1 1 1 1
5829.5 1319.1 -10.9 187 0 13.7 9.3 5.0 2.5 2 0 2 0 0
5799.3 1328.6 -10.2 180 0 12.5 16.9 7.5 2.5 2 1 3 1 1
5745.8 1333.3 -10.3 220 0 4.7 9.2 7.5 2.5 2 1 3 0 0
5770.5 1359.3 -10.1 221 0 5.5 8.0 5.0 2.5 2 1 2 5 5
5845.4 1494.2 -9.3 30 0 19.2 12.7 7.5 2.5 2 0 3 4 4
5819.8 1452.9 -9.6 35 0 19.4 13.0 7.5 2.5 2 0 3 1 1
5799.8 1432.0 -9.8 36 0 36.1 5.8 2.5 2.5 2 0 1 3 3
5765.4 1382.0 -10.2 22 0 9.9 27.6 7.5 2.5 2 1 3 3 3
5644.1 1369.2 -11.0 351 0 16.0 15.3 10.0 2.5 2 0 4 0 0
5648.3 1455.1 -10.1 109 0 7.3 26.7 7.5 0.0 0 1 3 4 4
5640.6 1471.4 -9.3 198 0 25.6 6.8 5.0 2.5 2 0 2 5 5
5651.2 1501.8 -5.9 286 0 13.4 15.7 2.5 2.5 2 1 1 2 2
5761.6 1426.6 -10.0 204 0 15.1 14.3 5.0 2.5 2 0 2 3 3
5657.3 1269.9 -11.2 41 0 15.3 8.9 5.0 2.5 2 0 2 4 4
5595.1 1184.2 -11.7 207 0 11.2 14.4 7.5 0.0 0 1 3 3 3
5559.7 1151.1 -11.8 221 0 8.8 9.0 7.5 2.5 2 1 3 0 0
5537.4 1102.3 -11.9 186 0 7.3 11.4 7.5 2.5 2 1 3 0 0
5506.8 1069.8 -12.0 178 0 6.4 10.5 2.5 2.5 2 1 1 2 2
5564.7 1020.0 -11.8 181 0 12.5 11.0 5.0 2.5 2 0 2 0 0
5604.1 1072.4 -11.7 180 0 6.7 5.1 5.0 2.5 2 0 2 2 2
5579.2 1207.0 -11.8 42 0 15.3 14.6 5.0 0.0 0 0 2 5 5
5517.1 1165.3 -12.0 97 0 7.5 26.7 7.5 2.5 2 1 3 0 0
5486.7 1190.3 -12.1 272 0 9.2 13.0 7.5 2.5 2 1 3 3 3
5428.0 1148.7 -12.3 86 0 8.8 8.6 2.5 2.5 2 0 1 0 0
5410.0 1135.6 -12.3 92 0 7.4 9.7 5.0 2.5 2 1 2 1 1
5352.8 980.7 -12.6 37 0 9.2 6.3 5.0 2.5 2 0 2 5 5
5324.2 954.0 -12.7 39 0 19.5 11.3 5.0 2.5 2 0 2 5 5
5314.3 938.7 -12.8 38 0 8.0 19.6 2.5 2.5 4 1 1 4 4
5297.7 923.8 -12.8 35 0 11.1 7.9 7.5 2.5 2 0 3 3 3
5281.6 903.3 -12.8 40 0 6.6 7.8 7.5 2.5 2 1 3 5 5
5268.5 904.5 -12.9 38 0 9.8 8.7 2.5 2.5 2 0 1 4 4
5250.1 882.1 -13.7 55 0 4.1 8.5 7.5 2.5 2 1 3 1 1
5249.8 896.8 -13.3 88 0 5.4 6.4 7.5 2.5 2 1 3 5 5
5243.1 878.2 -13.6 54 0 9.9 7.9 5.0 2.5 2 0 2 4 4
5230.4 920.7 -12.8 88 0 8.3 8.0 7.5 2.5 2 0 3 1 1
5167.5 860.2 -12.8 176 0 7.8 22.4 7.5 2.5 2 1 3 0 0
5176.1 837.8 -13.7 269 0 16.6 15.3 5.0 2.5 2 0 2 0 0
5192.4 817.2 -14.6 259 0 14.7 12.5 7.5 2.5 2 0 3 5 5
5219.9 812.0 -15.4 246 0 14.4 17.1 5.0 0.0 0 1 2 1 1
5250.1 858.2 -14.5 238 0 9.8 5.3 7.5 2.5 2 0 3 3 3
5266.7 855.2 -14.3 273 0 13.4 10.9 10.0 2.5 2 0 4 5 5
5288.9 855.1 -12.7 270 0 10.3 13.6 5.0 2.5 2 1 2 0 0
5410.2 878.2 -12.2 284 0 8.5 9.9 5.0 2.5 2 1 2 3 3
5431.4 859.4 -12.1 280 0 13.6 19.7 7.5 2.5 2 1 3 4 4
5470.2 816.0 -11.9 5 0 9.0 13.8 5.0 2.5 2 1 2 0 0
5448.2 740.9 -11.9 360 0 13.9 24.4 7.5 2.5 2 1 3 1 1
5395.1 746.1 -12.0 90 0 10.2 16.2 7.5 2.5 4 1 3 5 5
5384.6 767.9 -12.1 90 0 14.0 10.3 5.0 2.5 2 0 2 5 5
5387.0 823.2 -12.2 261 0 9.8 11.2 2.5 2.5 2 1 1 1 1
5342.4 846.4 -12.4 265 0 7.0 8.8 7.5 2.5 2 1 3 0 0
5326.2 762.8 -12.3 183 0 7.2 11.6 2.5 2.5 2 1 1 1 1
5326.0 774.0 -12.3 178 0 7.9 11.1 7.5 2.5 4 1 3 5 5
5366.2 724.2 -12.1 88 0 9.1 10.3 7.5 2.5 2 1 3 0 0
5441.4 807.0 -12.0 357 0 7.2 12.4 5.0 2.5 2 1 2 2 2
5483.6 788.6 -11.7 188 0 17.0 12.2 2.5 2.5 2 0 1 0 0
5480.1 754.4 -11.6 191 0 9.7 17.3 7.5 0.0 0 1 3 3 3
5466.3 724.6 -11.7 179 0 13.5 10.4 7.5 0.0 0 0 3 4 4
5450.9 652.3 -11.6 89 0 14.9 20.4 7.5 2.5 2 1 3 1 1
5482.4 641.0 -11.4 128 0 13.1 16.3 2.5 0.0 0 1 1 4 4
5539.2 707.8 -11.3 93 0 11.3 8.9 2.5 2.5 2 0 1 0 0
5554.9 754.8 -11.4 268 0 10.8 11.7 5.0 2.5 2 1 2 0 0
5599.3 809.6 -11.3 358 0 13.4 10.0 5.0 2.5 4 0 2 0 0
5414.5 668.4 -11.8 179 0 9.1 10.1 5.0 2.5 2 1 2 3 3
5346.6 648.0 -12.5 6 0 9.9 6.7 5.0 2.5 2 0 2 4 4
5335.1 654.6 -13.3 274 0 7.9 10.8 7.5 2.5 2 1 3 4 4
5324.0 653.9 -14.3 276 0 7.8 8.9 2.5 2.5 4 1 1 1 1
5222.7 729.6 -17.4 360 0 9.0 14.2 7.5 2.5 2 1 3 0 0
5139.7 908.3 -12.4 354 0 8.9 8.9 7.5 2.5 2 1 3 1 1
5102.3 939.4 -12.1 346 0 9.9 11.0 7.5 2.5 2 1 3 3 3
5101.6 949.9 -12.1 349 0 8.1 11.8 7.5 2.5 2 1 3 2 2
5094.1 959.0 -12.0 2 0 12.0 7.0 2.5 2.5 2 0 1 5 5
5049.9 865.4 -12.0 89 0 8.6 18.7 7.5 2.5 2 1 3 5 5
5035.8 855.6 -11.9 92 0 13.1 14.8 7.5 2.5 2 1 3 3 3
5047.0 826.6 -12.1 258 0 11.1 8.4 7.5 2.5 2 0 3 2 2
5060.4 772.8 -12.6 176 0 11.6 13.9 2.5 2.5 2 1 1 0 0
5063.8 757.1 -12.9 174 0 9.7 6.6 7.5 2.5 2 0 3 5 5
5079.7 787.5 -12.5 276 0 9.0 7.6 5.0 2.5 2 0 2 4 4
5054.8 782.6 -12.2 176 0 5.5 8.7 5.0 2.5 2 1 2 4 4
5082.9 812.1 -12.3 290 0 9.0 9.2 7.5 2.5 2 1 3 1 1
5105.3 758.4 -13.7 87 0 10.2 9.6 5.0 2.5 2 0 2 2 2
5123.0 816.5 -12.7 266 0 4.8 7.2 5.0 2.5 2 1 2 1 1
5133.9 827.2 -12.8 268 0 11.6 11.7 5.0 2.5 2 1 2 0 0
5180.3 968.4 -10.3 131 0 6.1 8.1 7.5 2.5 2 1 3 4 4
5184.5 1013.0 -5.6 184 0 9.6 10.9 2.5 2.5 2 1 1 1 1
5227.4 1008.7 -4.6 191 0 7.7 9.8 5.0 2.5 2 1 2 2 2
5231.2 1033.5 -3.5 268 0 11.5 9.1 7.5 2.5 2 0 3 0 0
5268.9 1065.0 -6.3 289 0 6.8 10.0 2.5 2.5 2 1 1 0 0
5282.6 1148.3 -3.2 293 0 8.5 7.5 7.5 2.5 2 0 3 2 2
5290.9 1145.2 -4.5 291 0 6.3 7.9 7.5 2.5 2 1 3 1 1
5415.0 1006.8 -12.4 223 0 12.6 8.4 7.5 2.5 2 0 3 3 3
5427.3 1019.2 -12.3 223 0 10.2 9.9 2.5 2.5 2 0 1 1 1
5457.3 1046.4 -12.2 208 0 16.6 15.7 10.0 2.5 2 0 4 5 5
5529.4 982.8 -12.0 93 0 14.4 12.5 7.5 0.0 0 0 3 2 2
5500.6 1125.5 -12.1 17 0 5.6 7.4 7.5 2.5 2 1 3 4 4
4909.7 675.7 -11.7 357 0 12.2 12.5 2.5 2.5 2 1 1 1 1
4916.5 573.2 -16.3 113 0 8.8 23.1 7.5 2.5 2 1 3 3 3
4965.5 749.2 -11.8 192 0 17.7 7.4 5.0 2.5 2 0 2 1 1
4974.3 772.7 -11.8 192 0 5.7 10.0 5.0 2.5 2 1 2 4 4
4999.8 813.2 -11.9 271 0 11.2 14.3 5.0 2.5 2 1 2 0 0
4994.3 648.3 -14.3 268 0 6.2 8.2 5.0 2.5 2 1 2 1 1
5008.2 596.0 -16.0 93 0 14.7 15.8 7.5 2.5 2 1 3 0 0
5008.2 552.6 -18.4 182 0 9.0 11.8 7.5 2.5 2 1 3 5 5
5008.0 563.4 -17.6 171 0 9.3 9.3 7.5 2.5 2 1 3 4 4
4868.9 573.1 -16.5 53 0 7.5 5.8 7.5 2.5 2 0 3 3 3
4874.0 566.7 -16.9 55 0 8.5 6.9 5.0 2.5 2 0 2 1 1
4940.0 790.1 -11.6 347 0 9.1 10.3 5.0 0.0 0 1 2 0 0
4911.2 908.8 -11.2 212 0 9.4 12.9 2.5 0.0 0 1 1 3 3
4941.3 943.9 -11.3 287 0 7.0 11.8 7.5 0.0 0 1 3 0 0
4904.0 947.6 -11.1 194 0 11.9 9.5 5.0 2.5 2 0 2 0 0
5160.9 678.9 -17.7 183 0 5.8 13.0 7.5 2.5 2 1 3 0 0
5161.1 645.1 -18.3 22 0 7.2 6.7 5.0 2.5 2 0 2 1 1
5057.9 650.4 -15.6 359 0 10.2 11.1 7.5 2.5 2 1 3 0 0
5694.2 863.5 -18.4 179 0 13.6 22.3 10.0 2.5 2 1 4 5 5
5698.6 850.8 -17.5 86 0 8.6 3.9 5.0 2.5 2 0 2 5 5
5735.1 903.3 -18.7 357 0 9.9 5.7 5.0 2.5 2 0 2 4 4
5594.8 859.6 -11.4 88 0 12.6 10.2 7.5 2.5 2 0 3 2 2
5474.3 894.6 -12.0 107 0 10.0 19.6 2.5 2.5 2 1 1 3 3
5391.6 1254.7 -12.3 272 0 11.9 10.4 7.5 0.0 0 0 3 5 5
5415.4 1264.0 -12.3 271 0 12.0 11.7 5.0 2.5 2 0 2 3 3
5186.4 1259.6 18.4 11 0 6.2 6.3 2.5 2.5 2 1 1 5 5
5557.4 1229.7 -11.9 328 0 9.0 9.5 5.0 2.5 2 1 2 1 1
5731.3 1149.7 -11.1 294 0 10.2 9.2 5.0 2.5 2 0 2 1 1
6007.1 1329.3 -16.1 354 0 15.4 15.2 5.0 2.5 2 0 2 1 1
5862.9 1125.0 -20.2 209 0 5.7 9.7 5.0 2.5 2 1 2 5 5
5760.2 995.2 -18.9 178 0 10.7 12.4 5.0 2.5 2 1 2 2 2
5272.5 403.3 -26.5 31 0 19.9 17.3 10.0 2.5 4 0 4 4 4
5214.0 678.6 -18.6 90 0 7.4 7.8 5.0 2.5 2 1 2 3 3
5087.4 830.1 -12.3 278 0 9.6 10.1 7.5 2.5 2 1 3 3 3
5001.7 841.1 -11.8 24 0 7.1 9.0 2.5 2.5 2 1 1 1 1
5207.8 1040.2 -1.4 201 0 8.6 7.1 5.0 2.5 2 0 2 1 1
5286.1 1408.9 3.7 33 0 9.8 10.8 2.5 0.0 0 1 1 4 4
5170.9 1398.2 13.5 79 0 12.2 11.5 5.0 2.5 2 0 2 5 5
4976.9 1154.1 -0.4 300 0 5.8 7.4 5.0 2.5 2 1 2 0 0
4948.4 1184.1 -0.7 301 0 8.3 8.0 7.5 2.5 2 0 3 4 4
4950.9 1240.7 4.0 116 0 7.5 8.5 7.5 2.5 2 1 3 1 1
4972.5 1264.0 6.4 16 0 9.6 10.2 2.5 2.5 2 1 1 5 5
4869.8 1238.2 0.1 125 0 9.6 8.4 7.5 2.5 2 0 3 3 3
4896.3 1227.8 -1.1 121 0 8.0 7.3 7.5 2.5 2 0 3 4 4
4911.1 1263.1 2.0 213 0 9.5 7.6 5.0 2.5 2 0 2 0 0
5342.2 1607.2 -0.5 177 0 7.8 7.2 5.0 2.5 2 0 2 5 5
5274.5 1633.0 -0.4 17 0 7.7 7.7 5.0 2.5 2 0 2 2 2
5098.1 1610.4 12.7 355 0 6.1 14.3 7.5 2.5 2 1 3 2 2
4929.5 2664.1 0.4 199 0 10.9 26.6 10.0 2.5 2 1 4 3 3
4958.1 2692.7 0.4 288 0 13.0 27.9 10.0 2.5 2 1 4 0 0
5179.6 -4955.7 -24.2 350 0 45.9 106.8 2.5 0.0 0 1 1 4 4
5258.3 3077.3 4.5 283 0 11.1 10.3 5.0 2.5 2 0 2 1 1
5282.4 3042.9 10.2 360 0 6.8 5.3 7.5 0.0 0 0 3 1 1
5195.5 3070.2 -0.4 286 0 6.3 9.2 2.5 2.5 2 1 1 0 0
5242.9 3229.8 -7.0 0 0 16.9 12.0 10.0 2.5 2 0 4 4 4
5187.6 3038.1 2.1 180 0 8.0 9.2 2.5 2.5 2 1 1 0 0
5059.5 3187.4 -18.2 108 0 11.7 17.3 7.5 2.5 2 1 3 4 4
5887.6 1838.1 7.3 90 0 8.9 21.7 7.5 2.5 2 1 3 2 2
5981.0 1644.8 -4.9 210 0 13.4 12.8 5.0 2.5 2 0 2 4 4
5972.4 1631.1 -5.7 213 0 18.3 21.9 7.5 2.5 2 0 3 4 4
5937.5 1613.1 -6.3 35 0 20.2 13.0 10.0 2.5 4 0 4 1 1
6026.1 1732.2 -2.0 17 0 8.9 16.5 5.0 2.5 2 1 2 3 3
5944.5 1967.0 -1.2 112 0 12.1 18.5 7.5 2.5 2 1 3 5 5
5962.4 1692.1 -3.6 290 0 12.4 16.0 5.0 2.5 2 1 2 5 5
5980.0 1954.5 -5.0 107 0 12.1 16.0 7.5 2.5 2 1 3 1 1
5988.6 1909.8 -3.8 99 0 7.8 11.6 5.0 2.5 2 1 2 2 2
6011.2 1507.9 -10.1 181 0 13.8 11.7 5.0 2.5 2 0 2 0 0
6025.8 1638.9 -5.7 274 0 7.7 13.1 5.0 2.5 2 1 2 1 1
6685.3 -6718.9 -6.4 88 0 8.8 12.1 2.5 2.5 2 1 1 0 0
