6143.0 -708.8 -8.2 94 0 59.8 16.4 7.5 2.5 2 0 3 5 5
6069.9 -713.9 -11.9 89 0 60.5 58.3 2.5 0.0 0 0 1 2 2
5768.7 -701.3 -16.0 184 0 25.6 15.1 10.0 0.0 0 0 4 4 4
3829.4 -3280.3 -7.8 291 0 10.0 35.3 12.5 2.5 2 1 5 3 3
3808.3 -3305.3 -5.2 16 0 7.8 13.3 5.0 2.5 2 1 2 5 5
5897.7 -644.7 -16.9 263 0 22.3 46.6 10.0 2.5 2 1 4 1 1
5738.2 -730.5 -10.8 278 0 11.1 20.8 7.0 2.5 4 1 2 2 2
5775.7 -669.9 -16.0 268 0 8.9 14.2 7.5 2.5 2 1 3 3 3
6214.5 -768.9 -4.2 15 0 9.0 20.7 7.5 0.0 0 1 3 0 0
6188.7 -756.9 -6.0 282 0 8.6 32.6 7.5 2.5 2 1 3 5 5
6163.5 -821.4 -9.6 8 0 19.3 9.6 7.5 2.5 2 0 3 2 2
6255.9 -902.0 -10.9 272 0 41.3 10.5 10.0 2.5 2 0 4 1 1
6209.1 -878.2 -11.4 356 0 22.6 12.1 7.5 2.5 2 0 3 2 2
6285.8 -657.1 -0.9 186 0 20.2 10.1 10.5 2.5 2 0 3 2 2
6295.3 -661.4 -0.4 188 0 13.7 18.8 7.5 2.5 2 0 3 2 2
6333.1 -623.4 0.3 286 0 22.2 39.5 12.5 0.0 0 1 5 4 4
6297.0 -607.5 -1.0 272 0 6.5 37.6 7.5 2.5 2 1 3 0 0
5838.9 -794.1 -14.1 2 0 12.4 28.3 17.5 0.0 0 1 7 1 1
6294.7 -582.7 -1.4 178 0 18.4 7.3 10.5 2.5 2 0 3 1 1
6297.7 -507.9 -1.9 183 0 8.4 15.3 10.5 2.5 2 1 3 1 1
6153.8 2370.4 -7.9 4 0 10.4 51.7 12.5 2.5 2 1 5 3 3
6081.4 2345.3 -4.8 288 0 17.2 28.1 12.5 2.5 2 1 5 5 5
6269.0 -978.2 -10.5 256 0 10.3 43.3 10.0 2.5 2 1 4 1 1
6242.6 -891.7 -10.7 91 0 14.7 12.2 3.5 2.5 2 0 1 5 5
6224.2 -890.6 -11.0 90 0 9.4 11.9 3.5 2.5 2 1 1 1 1
6219.1 -906.3 -11.2 180 0 10.3 9.3 10.5 0.0 0 0 3 0 0
6312.1 -901.0 -9.6 268 0 8.0 16.1 10.5 2.5 2 1 3 3 3
6289.4 -891.0 -9.9 94 0 20.9 8.4 10.5 2.5 2 0 3 3 3
6291.9 -826.2 -6.4 283 0 24.5 11.2 10.0 2.5 2 0 4 2 2
6218.8 -838.8 -8.7 181 0 10.3 19.7 3.5 2.5 2 1 1 4 4
6256.3 -717.1 -1.6 218 0 9.0 15.1 3.5 2.5 2 1 1 3 3
6263.3 -704.8 -1.6 224 0 21.0 16.8 12.5 2.5 4 0 5 3 3
6204.6 -742.9 -4.1 275 0 20.8 12.4 12.5 2.5 2 0 5 0 0
6145.6 -728.8 -7.7 91 0 49.9 18.3 12.5 2.5 2 0 5 1 1
6147.7 -686.4 -7.1 93 0 13.1 17.6 10.5 0.0 0 1 3 3 3
6105.4 -701.5 -8.7 91 0 6.9 13.3 7.0 2.5 2 1 2 3 3
6100.8 -857.5 -13.1 194 0 22.3 15.1 12.5 2.5 2 0 5 4 4
6141.3 -740.9 -7.1 270 0 28.2 7.3 7.0 2.5 2 0 2 5 5
6063.2 -791.8 -10.1 194 0 14.7 19.2 10.0 0.0 0 1 4 0 0
6204.2 -626.9 -5.3 270 0 19.6 20.1 12.5 2.5 4 1 5 4 4
6172.8 -382.1 -8.6 196 0 15.5 17.1 7.5 0.0 0 1 3 3 3
-177.2 -6253.0 -8.8 273 0 70.7 81.1 12.5 0.0 0 1 5 3 3
5655.5 -772.0 -3.0 270 0 17.0 20.0 7.5 2.5 2 1 3 0 0
5604.4 -794.7 -2.4 154 0 20.7 21.1 10.0 0.0 0 1 4 2 2
5634.1 -725.2 -4.8 264 0 20.8 10.7 7.5 0.0 0 0 3 2 2
5548.4 -751.0 -4.3 67 0 40.8 14.2 10.0 0.0 0 0 4 3 3
5502.9 -844.8 -1.8 354 0 15.2 8.7 7.5 2.5 2 0 3 3 3
5550.3 -938.0 -5.4 4 0 21.3 10.8 5.0 2.5 2 0 2 4 4
5395.9 -1059.3 -9.8 270 0 14.6 18.5 10.0 2.5 2 1 4 5 5
6053.8 -441.1 -12.7 48 0 9.2 7.8 7.5 2.5 2 0 3 5 5
6226.7 -531.7 -5.2 252 0 12.0 13.7 2.5 0.0 0 1 1 4 4
6288.1 -449.8 -3.3 16 0 16.6 8.6 5.0 0.0 0 0 2 4 4
6290.4 -2038.0 5.9 269 0 11.5 23.1 15.0 0.0 0 1 6 1 1
6256.3 -2015.5 9.7 81 0 12.0 28.3 12.5 2.5 4 1 5 3 3
5778.3 -579.5 -16.4 269 0 9.7 21.7 7.5 2.5 2 1 3 1 1
6029.5 -508.4 -13.0 177 0 8.5 12.2 2.5 2.5 2 1 1 2 2
488.2 -439.2 14.1 100 0 31.0 23.1 12.5 0.0 0 0 5 3 3
5097.5 -1374.5 -5.7 22 0 12.1 27.4 12.5 2.5 2 1 5 3 3
