3015.8 -6614.5 -338.9 86 0 23.2 22.2 5.0 2.5 2 0 2 4 4
3823.1 851.0 -41.9 188 0 5.3 8.0 7.5 2.5 2 1 3 3 3
3784.2 845.9 -44.3 110 0 8.5 8.3 7.5 2.5 2 0 3 2 2
27.8 -6085.3 -129.1 226 0 17.1 12.0 2.5 2.5 4 0 1 4 4
53.5 -6116.2 -128.5 48 0 14.8 10.8 2.5 2.5 2 0 1 4 4
185.5 -5992.0 -136.0 325 0 5.9 12.8 7.5 2.5 2 1 3 0 0
559.5 -6102.8 -167.1 7 0 7.5 7.6 5.0 2.5 2 1 2 4 4
553.3 -6062.2 -167.1 276 0 7.7 7.9 5.0 2.5 2 1 2 5 5
597.6 -6227.3 -177.7 89 0 20.3 11.1 7.5 2.5 2 0 3 0 0
440.9 -5629.5 -120.4 106 0 7.6 9.1 7.5 0.0 0 1 3 1 1
459.1 -5599.8 -105.2 283 0 12.7 12.4 5.0 2.5 2 0 2 5 5
485.2 -5605.4 -93.7 281 0 11.6 11.4 5.0 2.5 2 0 2 1 1
452.9 -5732.4 -147.2 97 0 17.9 11.4 7.5 2.5 2 0 3 2 2
491.9 -5716.3 -139.1 21 0 11.5 6.4 7.5 2.5 2 0 3 5 5
417.7 -5717.2 -153.6 207 0 6.0 15.9 2.5 0.0 0 1 1 0 0
478.8 -5101.3 -51.0 157 0 39.0 18.9 12.5 2.5 2 0 5 1 1
357.3 -4950.1 -35.9 52 0 20.1 30.1 10.0 0.0 0 1 4 1 1
406.3 -4865.0 -39.6 240 0 10.2 17.5 2.5 2.5 2 1 1 1 1
368.3 -4655.7 -37.1 357 0 13.7 19.0 12.5 2.5 2 1 5 4 4
371.8 -4786.9 -40.9 7 0 57.0 16.3 12.5 2.5 2 0 5 0 0
374.3 -4725.5 -40.7 277 0 10.1 20.0 5.0 2.5 2 1 2 1 1
321.7 -4776.6 -34.5 187 0 14.6 14.7 7.5 2.5 2 1 3 0 0
332.1 -4797.2 -35.0 99 0 7.0 7.8 7.5 0.0 0 1 3 3 3
327.9 -4743.5 -35.8 191 0 11.7 23.2 10.0 2.5 2 1 4 3 3
293.6 -4701.7 -41.3 211 0 13.4 8.7 2.5 2.5 4 0 1 5 5
313.8 -4688.1 -41.4 57 0 13.0 7.7 7.5 2.5 4 0 3 4 4
326.8 -4676.9 -39.4 147 0 7.7 13.0 5.0 2.5 2 1 2 3 3
351.1 -4586.3 -44.7 178 0 25.4 14.9 7.5 0.0 0 0 3 2 2
408.5 -4568.3 -41.7 41 0 8.5 9.2 2.5 2.5 2 1 1 0 0
453.6 -4567.9 -46.7 87 0 15.2 10.0 10.0 2.5 2 0 4 1 1
470.2 -4497.1 -47.6 355 0 11.4 13.5 5.0 2.5 4 1 2 2 2
468.7 -4482.5 -47.5 355 0 11.4 13.5 10.0 0.0 0 1 4 5 5
437.8 -4516.0 -45.3 175 0 11.4 13.5 5.0 2.5 4 1 2 2 2
436.6 -4500.6 -45.5 175 0 11.4 13.5 10.0 2.5 2 1 4 5 5
435.1 -4471.4 -47.9 175 0 11.4 13.5 5.0 2.5 4 1 2 3 3
433.7 -4456.6 -49.1 175 0 11.4 13.5 5.0 0.0 0 1 2 0 0
450.3 -4395.7 -51.7 190 0 9.2 12.4 5.0 0.0 0 1 2 5 5
296.4 -4832.5 -30.0 136 0 21.2 11.3 5.0 2.5 4 0 2 1 1
290.9 -4761.1 -37.1 351 0 10.3 20.0 2.5 0.0 0 1 1 2 2
-249.5 4546.1 295.7 315 0 25.8 11.1 10.0 2.5 2 0 4 5 5
-288.2 4578.5 299.2 225 0 11.1 25.8 12.5 2.5 2 1 5 4 4
-362.1 4618.8 307.7 188 0 14.2 14.1 10.0 2.5 4 0 4 5 5
-323.1 4611.4 306.7 13 0 18.4 11.0 5.0 2.5 2 0 2 1 1
-318.4 4640.1 307.2 13 0 18.4 11.0 5.0 2.5 2 0 2 3 3
-313.5 4666.1 307.9 13 0 18.4 11.0 7.5 2.5 2 0 3 0 0
-309.8 4695.5 309.0 13 0 18.4 11.0 7.5 2.5 2 0 3 4 4
-304.6 4723.9 310.6 13 0 18.4 11.0 7.5 2.5 4 0 3 1 1
-299.9 4751.0 312.3 13 0 18.4 11.0 5.0 2.5 2 0 2 5 5
-296.8 4778.2 314.3 13 0 18.4 11.0 2.5 2.5 4 0 1 1 1
-272.0 4747.1 308.8 13 0 18.4 11.0 2.5 2.5 2 0 1 2 2
-266.1 4773.5 310.4 13 0 18.4 11.0 5.0 2.5 2 0 2 1 1
-260.4 4811.6 313.0 13 0 18.4 11.0 5.0 2.5 2 0 2 0 0
-345.9 4766.6 315.1 188 0 14.2 14.1 7.5 0.0 0 0 3 0 0
-334.6 4823.9 316.4 188 0 14.2 14.1 7.5 0.0 0 0 3 1 1
-327.8 4849.1 317.3 188 0 14.2 14.1 5.0 2.5 2 0 2 2 2
-322.4 4872.3 318.0 188 0 14.2 14.1 2.5 2.5 2 0 1 4 4
-282.8 4837.8 317.8 8 0 14.2 14.1 5.0 0.0 0 0 2 5 5
-288.7 4816.3 316.7 8 0 14.2 14.1 2.5 2.5 2 0 1 4 4
-317.5 4896.6 318.6 188 0 14.2 14.1 2.5 2.5 4 0 1 2 2
-303.7 4938.8 320.6 188 0 14.2 14.1 7.5 2.5 2 0 3 3 3
-284.9 4979.9 323.4 278 0 14.1 14.2 7.5 2.5 2 1 3 0 0
-267.6 5053.4 329.0 188 0 14.2 14.1 10.0 2.5 2 0 4 3 3
-215.8 4946.2 314.8 8 0 14.2 14.1 2.5 2.5 2 0 1 5 5
-205.7 5041.7 327.9 26 0 13.2 7.6 7.5 2.5 4 0 3 2 2
-230.7 5119.9 332.7 205 0 27.2 8.3 7.5 2.5 2 0 3 5 5
-159.2 5254.2 330.0 206 0 13.2 7.6 5.0 2.5 4 0 2 3 3
-596.1 -6408.8 -182.3 214 0 8.7 8.6 2.5 2.5 2 0 1 2 2
-574.1 -6483.4 -170.1 104 0 11.6 7.2 7.5 2.5 2 0 3 4 4
3563.3 388.5 -47.2 311 0 5.0 6.7 5.0 2.5 2 1 2 4 4
3620.5 638.3 -49.9 43 0 10.6 8.6 7.5 2.5 4 0 3 3 3
987.4 4383.7 -116.2 108 0 7.2 11.1 7.5 2.5 2 1 3 3 3
968.3 4396.5 -113.9 194 0 7.5 12.6 5.0 0.0 0 1 2 0 0
932.5 4382.0 -107.0 102 0 5.4 11.6 7.5 2.5 2 1 3 4 4
939.6 4467.9 -110.1 344 0 6.2 6.4 2.5 2.5 2 1 1 0 0
868.1 4445.3 -95.3 4 0 10.7 12.4 2.5 2.5 2 1 1 3 3
898.8 4370.5 -102.8 86 0 6.8 24.4 5.0 2.5 2 1 2 5 5
800.4 3919.1 -100.6 87 0 7.8 8.7 5.0 2.5 4 1 2 2 2
734.5 4007.7 -87.1 207 0 7.3 6.0 5.0 2.5 2 0 2 4 4
756.4 4054.9 -92.1 207 0 7.3 6.0 5.0 2.5 2 0 2 2 2
821.0 3986.4 -102.1 270 0 8.0 9.2 2.5 2.5 2 1 1 0 0
819.3 4007.1 -101.3 270 0 6.0 6.3 7.5 2.5 2 1 3 0 0
851.6 3970.8 -107.5 12 0 7.9 7.2 5.0 0.0 0 0 2 1 1
834.4 3999.0 -104.2 262 0 8.4 7.1 7.5 2.5 2 0 3 5 5
829.1 4597.9 -97.3 267 0 7.8 19.1 5.0 2.5 2 1 2 4 4
854.9 4599.0 -102.4 266 0 8.6 19.9 7.5 2.5 2 1 3 4 4
953.7 4634.4 -110.9 224 0 12.2 15.6 2.5 0.0 0 1 1 0 0
793.5 4588.1 -91.4 177 0 10.6 11.3 7.5 2.5 2 1 3 5 5
888.4 4720.5 -107.8 358 0 53.1 24.8 7.5 2.5 2 0 3 2 2
803.5 4610.5 -94.3 86 0 11.1 19.4 7.5 2.5 2 1 3 4 4
809.3 4671.5 -97.6 358 0 18.5 11.3 7.5 2.5 2 0 3 0 0
768.9 4577.4 -84.7 266 0 11.7 11.0 5.0 0.0 0 0 2 1 1
776.0 4595.9 -86.5 358 0 17.1 13.4 2.5 2.5 4 0 1 3 3
689.5 4606.0 -68.5 78 0 6.1 7.2 5.0 2.5 2 1 2 4 4
998.0 4617.5 -112.0 288 0 10.0 35.3 7.5 2.5 2 1 3 5 5
1005.8 4567.3 -112.8 107 0 13.5 48.8 7.5 2.5 2 1 3 3 3
110.4 4723.0 160.6 2 0 17.7 13.1 7.5 2.5 2 0 3 2 2
