6466.9 -5304.4 -19.2 9 0 19.8 19.3 14.0 3.5 2 0 4 1 1
3144.7 -3707.8 -9.8 266 0 28.6 26.7 10.5 0.0 0 0 3 1 1
4491.5 -3972.7 -15.0 177 0 39.6 46.0 17.5 0.0 0 1 5 0 0
4923.5 -4089.3 -5.3 171 0 27.3 49.9 14.0 0.0 0 1 4 2 2
4880.9 -4178.2 -6.6 23 0 15.2 19.1 17.5 0.0 0 1 5 3 3
4841.8 -4183.2 -7.3 100 0 11.0 28.5 17.5 3.5 2 1 5 5 5
4810.7 -3855.8 -6.3 168 0 20.2 26.7 17.5 3.5 2 1 5 1 1
4908.8 -4100.2 -4.4 348 0 30.5 33.0 17.5 0.0 0 1 5 5 5
4945.5 -4249.0 -6.0 259 0 27.4 21.2 14.0 3.5 2 0 4 3 3
4936.5 -4136.1 -6.1 170 0 24.8 49.1 14.0 0.0 0 1 4 3 3
4844.2 -4123.3 -6.0 345 0 21.8 34.9 17.5 0.0 0 1 5 4 4
4912.1 -4141.6 -5.4 350 0 42.7 18.5 17.5 3.5 2 0 5 0 0
4991.8 -3503.4 -4.3 32 0 17.8 14.1 14.0 3.5 2 0 4 0 0
4420.1 -3372.4 -6.7 277 0 30.9 36.4 14.0 0.0 0 1 4 0 0
2948.5 -4629.8 -15.1 206 0 19.2 24.0 14.0 3.5 2 1 4 2 2
2991.4 -4705.0 -14.1 35 0 24.2 12.5 14.0 3.5 2 0 4 1 1
3031.7 -4660.2 -14.3 40 0 26.1 17.6 14.0 3.5 4 0 4 1 1
2981.9 -4694.5 -14.9 32 0 18.2 28.5 14.0 3.5 2 1 4 4 4
3007.7 -4682.4 -14.3 37 0 24.6 17.5 14.0 3.5 2 0 4 5 5
4412.9 -3332.6 -5.1 5 0 48.5 37.6 17.5 0.0 0 0 5 4 4
4567.6 -3844.6 -14.8 23 0 33.1 24.3 14.0 0.0 0 0 4 4 4
4727.1 -4004.9 -2.7 284 0 20.8 29.0 17.5 3.5 2 1 5 3 3
5146.5 -3083.7 -2.8 176 0 18.8 37.1 14.0 0.0 0 1 4 0 0
5234.6 -3073.5 -4.8 305 0 13.4 28.5 14.0 3.5 4 1 4 2 2
5141.1 -3180.6 -1.7 108 0 12.5 27.7 17.5 3.5 2 1 5 1 1
4894.3 -3349.9 -2.3 94 0 24.2 37.2 17.5 0.0 0 1 5 2 2
5658.8 -3283.9 -7.2 263 0 11.5 18.7 14.0 0.0 0 1 4 0 0
4545.6 -3703.7 -14.9 92 0 31.8 46.1 14.0 0.0 0 1 4 0 0
4451.8 -3832.8 -15.2 114 0 25.5 32.1 17.5 0.0 0 1 5 1 1
5134.7 -4784.1 -8.3 270 0 16.6 42.5 7.5 2.5 2 1 3 3 3
2626.3 -4420.1 -19.0 14 0 36.4 17.1 17.5 2.5 2 0 7 5 5
2387.7 -4500.2 -16.4 262 0 13.5 60.8 5.0 0.0 0 1 2 4 4
2182.6 -4819.2 -20.4 83 0 20.6 35.4 7.5 0.0 0 1 3 3 3
2320.8 -4535.5 -16.3 76 0 20.0 26.3 12.5 2.5 2 1 5 0 0
6344.0 -5317.1 -20.2 11 0 9.0 15.2 10.5 3.5 2 1 3 0 0
4815.5 -4066.0 -3.3 6 0 14.8 30.3 17.5 3.5 2 1 5 3 3
4524.2 -3933.1 -14.8 255 0 9.4 5.9 10.5 3.5 2 0 3 4 4
4871.2 -3904.4 -4.0 270 0 24.9 13.2 17.5 3.5 2 0 5 4 4
4833.0 -3939.6 -3.7 179 0 39.0 8.3 10.5 3.5 2 0 3 0 0
4581.0 -3882.1 -13.7 198 0 16.5 29.2 17.5 3.5 2 1 5 5 5
4891.6 -3805.2 -6.3 173 0 10.6 41.3 17.5 3.5 2 1 5 4 4
4925.2 -4017.2 -4.4 163 0 21.1 14.0 14.0 3.5 2 0 4 4 4
4923.6 -3909.5 -3.8 359 0 12.6 37.8 17.5 0.0 0 1 5 1 1
4760.1 -3293.5 -3.8 13 0 32.8 29.5 17.5 0.0 0 0 5 5 5
3648.2 -3560.7 -4.4 15 0 10.2 30.2 14.0 3.5 2 1 4 1 1
3646.3 -3507.6 -4.4 289 0 16.7 9.2 10.5 3.5 2 0 3 2 2
4116.0 -3747.3 -13.0 65 0 20.8 50.7 17.5 3.5 2 1 5 3 3
3595.8 -3550.6 -4.7 189 0 11.4 21.3 14.0 0.0 0 1 4 0 0
4046.9 -3778.8 -13.2 65 0 32.2 15.2 17.5 3.5 4 0 5 4 4
4091.0 -3755.2 -12.9 72 0 24.2 25.8 17.5 0.0 0 1 5 2 2
4150.2 -3726.3 -12.9 68 0 16.0 48.9 17.5 3.5 2 1 5 1 1
3979.8 -3732.1 -12.0 192 0 21.1 21.7 17.5 3.5 2 1 5 4 4
3611.2 -3517.5 -4.6 192 0 53.2 15.9 14.0 3.5 2 0 4 3 3
3352.1 -3716.1 -6.1 77 0 14.1 25.1 14.0 3.5 2 1 4 1 1
4967.9 -2931.7 -3.4 289 0 13.3 21.5 17.5 3.5 2 1 5 5 5
4930.6 -2871.6 -3.8 291 0 20.3 18.5 14.0 3.5 2 0 4 5 5
5229.7 -2990.1 -2.6 359 0 20.1 34.4 17.5 0.0 0 1 5 0 0
5329.3 -3329.4 -6.2 171 0 7.5 18.6 10.5 3.5 2 1 3 4 4
5449.9 -3373.1 -7.1 279 0 8.9 21.2 10.5 3.5 2 1 3 2 2
5464.9 -3310.2 -8.3 172 0 46.4 8.6 10.5 3.5 2 0 3 0 0
4905.2 -3218.0 -0.6 4 0 28.9 10.2 17.5 0.0 0 0 5 4 4
4908.2 -3171.9 -1.7 4 0 35.0 10.6 17.5 3.5 2 0 5 4 4
4885.2 -3158.5 -2.9 93 0 12.3 39.0 17.5 0.0 0 1 5 4 4
4867.0 -3263.0 -2.2 96 0 32.5 19.2 17.5 0.0 0 0 5 4 4
5032.8 -3171.3 -0.1 358 0 18.5 26.0 17.5 3.5 2 1 5 4 4
3413.3 -3667.7 -6.0 260 0 24.1 24.4 14.0 3.5 4 1 4 0 0
3366.5 -3709.3 -5.9 73 0 12.2 23.6 14.0 3.5 2 1 4 3 3
4968.8 -4204.5 -6.4 69 0 24.8 28.3 14.0 0.0 0 1 4 3 3
5028.2 -4159.8 -7.4 358 0 24.7 29.8 14.0 0.0 0 1 4 0 0
5016.3 -4206.0 -7.7 179 0 34.9 13.9 14.0 3.5 2 0 4 5 5
3930.6 -3815.3 -12.7 87 0 13.2 40.8 14.0 0.0 0 1 4 3 3
3946.1 -3818.2 -13.1 91 0 17.8 26.0 14.0 3.5 2 1 4 2 2
3251.1 -3726.6 -6.4 170 0 27.5 19.1 10.5 3.5 2 0 3 2 2
3916.3 -3167.8 -1.8 278 0 7.1 5.4 10.5 3.5 2 0 3 5 5
5314.1 -3957.3 -10.0 261 0 27.8 22.8 14.0 0.0 0 0 4 0 0
5330.3 -3935.0 -9.7 177 0 21.9 27.8 14.0 0.0 0 1 4 2 2
-1283.7 -5091.5 -1.4 94 0 106.8 283.6 15.0 0.0 0 1 6 0 0
-1039.0 -4785.0 4.2 3 0 80.5 46.0 12.5 0.0 0 0 5 2 2
-1149.6 -4712.5 4.5 274 0 71.1 99.7 12.5 0.0 0 1 5 1 1
-1372.0 -5086.1 3.9 91 0 114.9 341.8 10.0 0.0 0 1 4 5 5
-1352.1 -4504.7 1.1 262 0 100.9 184.4 15.0 0.0 0 1 6 5 5
-1428.9 -4491.2 -4.2 78 0 91.5 60.9 12.5 0.0 0 0 5 5 5
2264.8 4454.0 10.3 267 0 25.5 32.2 12.5 0.0 0 1 5 0 0
-664.4 -5753.0 -4.3 88 0 39.0 82.1 14.0 0.0 0 1 4 4 4
-700.4 -5616.3 -3.6 265 0 39.3 23.7 14.0 0.0 0 0 4 5 5
4522.8 -2626.0 -10.1 18 0 31.1 7.8 10.5 3.5 2 0 3 2 2
4531.9 -2724.5 -8.4 199 0 10.1 41.7 14.0 3.5 2 1 4 1 1
6741.9 3959.8 14.9 86 0 17.2 12.3 10.5 2.5 2 0 3 0 0
4286.1 -5456.6 -9.8 176 0 20.2 13.4 14.0 3.5 2 0 4 2 2
4285.6 -5433.0 -9.5 178 0 21.5 13.0 14.0 3.5 2 0 4 4 4
4285.3 -5409.7 -8.6 177 0 22.0 12.5 14.0 3.5 2 0 4 2 2
3965.7 -5336.3 -14.5 276 0 46.1 32.0 14.0 0.0 0 0 4 5 5
4222.3 -1510.4 -0.8 86 0 26.0 23.7 10.0 0.0 0 0 4 1 1
650.0 -5006.3 -12.7 4 0 45.9 26.0 10.0 0.0 0 0 4 5 5
492.3 -5034.9 -14.3 93 0 14.9 16.4 5.0 0.0 0 1 2 3 3
1526.1 6629.3 15.1 359 0 35.2 28.6 7.5 0.0 0 0 3 5 5
-1999.8 -767.4 -4.5 249 0 14.9 14.3 5.0 2.5 2 0 2 3 3
5745.6 -6676.5 -19.3 186 0 5.6 12.3 7.5 2.5 2 1 3 5 5
5040.3 -3652.0 -4.5 108 0 58.7 27.4 7.5 0.0 0 0 3 1 1
5023.8 -3592.6 -4.1 199 0 39.0 18.9 10.0 2.5 2 0 4 1 1
5094.1 -3585.8 -4.3 26 0 23.8 58.7 10.0 2.5 2 1 4 0 0
4806.9 -5448.7 -15.6 190 0 44.1 24.9 10.5 0.0 0 0 3 5 5
4313.9 -5007.3 -6.6 268 0 17.7 41.3 14.0 3.5 2 1 4 3 3
4070.6 -4356.5 -13.3 23 0 79.1 78.9 17.5 0.0 0 0 5 0 0
2843.6 -5079.3 -19.3 111 0 20.7 17.5 15.0 0.0 0 0 6 2 2
3031.3 -4704.7 -13.3 124 0 12.8 16.2 10.5 3.5 2 1 3 1 1
3036.8 -3977.0 -12.3 65 0 31.1 16.4 10.0 2.5 2 0 4 0 0
3030.4 -3815.9 -10.2 154 0 19.0 23.2 14.0 3.5 2 1 4 1 1
2845.5 -4507.7 -17.3 33 0 26.5 22.1 14.0 3.5 2 0 4 0 0
2127.5 -4457.5 -18.2 168 0 13.0 25.2 12.5 2.5 2 1 5 2 2
1754.8 -5269.5 -18.4 86 0 28.1 21.3 12.5 2.5 2 0 5 2 2
1795.5 -4920.2 -15.9 96 0 37.4 21.2 7.5 0.0 0 0 3 4 4
2188.2 -6388.9 -20.6 182 0 24.2 17.8 10.0 2.5 2 0 4 3 3
2234.8 -6374.6 -21.1 282 0 13.2 19.9 10.0 2.5 2 1 4 4 4
-141.7 -5508.0 0.9 357 0 19.5 12.4 14.0 3.5 2 0 4 3 3
-415.0 -5443.1 4.4 172 0 52.7 29.5 14.0 0.0 0 0 4 2 2
1108.7 -4689.1 -18.7 239 0 29.5 102.0 10.0 0.0 0 1 4 0 0
-1550.9 -837.2 -4.4 205 0 23.0 53.7 7.5 2.5 2 1 3 5 5
-908.9 -1975.8 14.4 5 0 85.5 38.4 10.0 0.0 0 0 4 1 1
-1149.9 -2171.6 6.8 18 0 35.5 27.2 12.5 0.0 0 0 5 2 2
-442.2 -1576.6 -6.7 1 0 52.5 30.9 12.5 0.0 0 0 5 2 2
4638.9 -5687.9 -11.1 105 0 14.2 104.5 14.0 3.5 2 1 4 0 0
4818.3 -5672.6 -14.0 26 0 37.4 10.2 14.0 3.5 2 0 4 5 5
4677.9 -5550.9 -10.5 287 0 11.5 25.4 14.0 3.5 2 1 4 2 2
4638.4 -5604.8 -10.4 195 0 21.4 12.1 14.0 3.5 2 0 4 2 2
2213.9 -1888.8 -11.4 4 0 63.4 46.2 12.5 0.0 0 0 5 0 0
2104.1 -3155.9 -18.1 187 0 17.7 16.6 12.5 0.0 0 0 5 2 2
3550.5 -4612.9 -8.5 77 0 31.4 20.9 7.5 0.0 0 0 3 3 3
3445.7 -4697.2 -7.2 170 0 20.2 24.7 14.0 3.5 2 1 4 3 3
3449.9 -4715.7 -7.6 172 0 15.0 24.2 14.0 3.5 2 1 4 5 5
3289.0 -4875.8 -14.0 269 0 14.6 24.8 14.0 3.5 2 1 4 3 3
3696.5 -5750.6 -21.2 8 0 46.1 13.7 10.0 2.5 2 0 4 3 3
5169.3 -3248.9 1.4 184 0 13.7 4.1 10.5 3.5 2 0 3 2 2
3325.1 -4843.2 -12.7 0 0 22.6 19.8 14.0 3.5 2 0 4 1 1
5132.2 -4838.2 -8.5 272 0 23.0 14.9 7.5 2.5 2 0 3 3 3
5101.1 -4836.8 -8.1 272 0 23.0 14.9 7.5 2.5 2 0 3 5 5
3693.7 2760.3 11.4 91 0 20.2 33.4 7.5 0.0 0 1 3 3 3
4463.0 679.3 4.9 161 0 12.6 17.5 5.0 2.5 2 1 2 2 2
4476.0 642.2 6.1 165 0 14.4 15.9 2.5 2.5 2 1 1 4 4
4584.1 115.7 6.5 169 0 34.6 54.3 10.0 0.0 0 1 4 2 2
4733.2 112.9 9.8 189 0 33.9 20.7 10.0 0.0 0 0 4 0 0
4563.1 -175.1 0.8 357 0 70.2 74.1 10.0 0.0 0 1 4 5 5
4467.1 -285.0 4.2 185 0 19.0 22.6 10.0 2.5 2 1 4 3 3
4456.9 -324.5 4.6 190 0 30.1 24.8 12.5 0.0 0 0 5 0 0
4453.7 -355.9 5.4 189 0 12.7 11.9 5.0 2.5 4 0 2 3 3
4473.5 -684.1 3.7 99 0 49.9 25.1 10.0 0.0 0 0 4 4 4
4441.1 -757.5 1.2 172 0 40.5 23.0 10.0 0.0 0 0 4 1 1
4519.7 -732.2 2.0 256 0 17.2 18.3 10.0 2.5 2 1 4 4 4
4586.1 331.3 7.2 225 0 28.7 13.4 7.5 2.5 2 0 3 2 2
4371.3 474.0 11.6 180 0 12.3 15.0 7.5 2.5 4 1 3 2 2
4448.8 442.9 10.6 358 0 21.5 41.5 10.0 2.5 2 1 4 0 0
4456.6 348.1 11.9 268 0 34.2 25.3 10.0 0.0 0 0 4 0 0
4471.7 255.9 10.3 4 0 29.7 25.8 10.0 0.0 0 0 4 2 2
4466.0 164.0 6.5 7 0 20.9 30.6 12.5 0.0 0 1 5 5 5
4418.7 -40.3 6.0 97 0 35.8 19.8 5.0 0.0 0 0 2 2 2
4435.1 -81.0 5.8 9 0 22.9 32.8 5.0 0.0 0 1 2 2 2
4433.4 -106.6 6.3 7 0 14.0 21.2 5.0 2.5 2 1 2 3 3
4330.6 1053.3 3.4 334 0 29.6 16.7 12.5 2.5 2 0 5 4 4
4184.2 1438.6 1.0 172 0 20.0 41.7 10.0 2.5 4 1 4 5 5
4006.6 2267.8 8.2 168 0 24.7 23.6 7.5 0.0 0 0 3 3 3
4003.6 2307.8 7.4 180 0 16.2 21.9 10.0 2.5 2 1 4 1 1
3524.8 2896.2 6.9 303 0 30.8 16.9 7.5 2.5 2 0 3 5 5
2530.6 3614.3 2.7 142 0 31.5 28.8 12.5 0.0 0 0 5 3 3
2420.8 3773.7 7.1 187 0 13.3 28.5 7.5 2.5 2 1 3 2 2
1987.5 4885.8 4.3 248 0 20.3 34.1 12.5 0.0 0 1 5 3 3
5602.4 -1939.1 -7.3 159 0 54.0 50.4 14.0 0.0 0 0 4 0 0
6009.2 -2463.2 -11.2 93 0 28.3 35.4 14.0 0.0 0 1 4 5 5
4530.8 1985.9 -4.7 0 0 30.1 31.4 10.0 0.0 0 1 4 2 2
4799.1 -2000.6 -4.1 192 0 35.5 20.9 14.0 0.0 0 0 4 4 4
4921.1 -1757.7 1.7 270 0 35.0 28.5 10.0 0.0 0 0 4 3 3
4808.4 -2183.4 -1.0 140 0 15.8 12.2 10.5 3.5 2 0 3 2 2
4723.2 447.7 4.7 226 0 36.4 39.1 10.0 0.0 0 1 4 5 5
1156.5 -5406.0 -11.9 84 0 21.4 28.7 12.5 0.0 0 1 5 0 0
3708.6 -3198.1 -4.8 181 0 19.6 26.3 14.0 3.5 2 1 4 0 0
5724.5 -3864.9 -9.3 78 0 44.8 64.7 17.5 0.0 0 1 5 5 5
5558.0 -3004.7 -12.7 70 0 15.5 40.7 14.0 3.5 2 1 4 5 5
4408.8 -5210.6 -12.0 181 0 31.3 39.4 7.0 0.0 0 1 2 3 3
1053.6 -6474.4 -18.7 264 0 7.7 9.0 5.0 2.5 4 1 2 2 2
1056.1 -6531.2 -17.7 0 0 11.4 8.3 7.5 0.0 0 0 3 4 4
1031.3 -6510.6 -17.7 181 0 9.5 10.0 5.0 2.5 2 1 2 5 5
1024.8 -6522.4 -17.3 189 0 10.2 16.6 5.0 2.5 2 1 2 5 5
1057.3 -6462.8 -18.3 92 0 9.4 9.9 5.0 0.0 0 1 2 1 1
992.5 -6469.1 -17.0 79 0 14.1 11.9 5.0 2.5 2 0 2 0 0
4402.7 -5220.6 -11.5 0 0 6.1 14.0 7.0 3.5 4 1 2 1 1
444.0 -6525.5 -2.3 102 0 6.8 31.8 10.5 3.5 2 1 3 4 4
436.1 -6524.0 -2.2 102 0 6.8 31.8 10.5 0.0 0 1 3 5 5
848.6 -6462.7 -12.4 203 0 10.4 23.8 7.5 2.5 2 1 3 3 3
858.2 -6446.0 -13.5 203 0 18.1 32.8 10.0 2.5 2 0 4 0 0
376.8 -6024.8 -1.3 197 0 20.5 56.5 14.0 3.5 2 1 4 1 1
431.3 -5978.1 -4.8 286 0 151.9 21.7 14.0 0.0 0 0 4 0 0
562.5 -6018.7 -8.6 286 0 102.1 21.7 14.0 0.0 0 0 4 1 1
559.0 -6050.8 -8.1 286 0 114.3 21.7 14.0 0.0 0 0 4 5 5
564.3 -6092.0 -6.9 286 0 80.9 24.7 14.0 0.0 0 0 4 2 2
510.3 -6126.1 -5.7 196 0 24.7 80.9 14.0 0.0 0 1 4 2 2
545.0 -6208.9 -2.8 204 0 6.4 15.4 10.5 3.5 2 0 3 3 3
560.8 -6187.9 -4.3 204 0 27.2 14.0 14.0 3.5 2 0 4 4 4
476.0 -6193.7 -1.3 198 0 83.4 22.4 14.0 0.0 0 0 4 0 0
513.8 -6205.1 -2.9 198 0 83.4 22.4 14.0 0.0 0 0 4 4 4
450.2 -6308.0 1.6 205 0 9.5 7.8 10.5 3.5 2 0 3 1 1
457.3 -6311.3 0.9 205 0 9.4 27.9 10.5 3.5 2 0 3 5 5
430.5 -6399.7 -0.2 115 0 7.6 42.7 10.5 3.5 2 1 3 3 3
458.0 -6376.2 -1.1 205 0 63.4 23.8 14.0 3.5 2 0 4 2 2
544.1 -6492.9 -3.8 115 0 8.5 43.3 10.5 3.5 2 1 3 2 2
538.1 -6482.7 -3.6 115 0 8.5 38.9 10.5 3.5 2 1 3 3 3
621.1 -6325.0 -6.9 115 0 8.5 43.1 10.5 3.5 4 1 3 0 0
611.7 -6321.0 -6.4 115 0 8.5 43.4 10.5 3.5 2 1 3 4 4
601.8 -6367.1 -5.5 115 0 8.5 45.0 10.5 3.5 2 1 3 1 1
592.4 -6363.1 -5.1 115 0 8.5 45.0 10.5 3.5 4 1 3 4 4
634.4 -6206.1 -6.9 295 0 23.2 83.1 14.0 0.0 0 1 4 2 2
570.8 -6317.8 -4.8 205 0 64.8 22.7 14.0 3.5 2 0 4 3 3
508.8 -6480.8 -3.3 115 0 23.3 130.5 14.0 0.0 0 1 4 2 2
567.2 -6524.5 -4.5 115 0 23.1 65.6 14.0 3.5 2 1 4 5 5
605.2 -6542.3 -3.8 115 0 23.1 65.6 14.0 3.5 2 1 4 2 2
641.3 -6560.2 -3.9 115 0 23.1 65.6 14.0 3.5 2 1 4 1 1
600.7 -6450.2 -7.5 115 0 24.2 127.5 14.0 0.0 0 1 4 0 0
638.9 -6468.8 -8.6 115 0 24.2 127.5 14.0 0.0 0 1 4 0 0
676.8 -6486.0 -9.6 115 0 24.2 127.5 14.0 0.0 0 1 4 5 5
715.2 -6502.7 -10.7 115 0 24.2 127.5 14.0 0.0 0 1 4 1 1
1932.2 5231.0 5.9 340 0 94.1 85.0 10.0 0.0 0 0 4 3 3
2301.5 -4517.2 -16.0 176 0 30.2 7.5 2.5 2.5 2 0 1 4 4
1548.8 -5552.0 -22.3 177 0 16.2 15.0 7.5 2.5 2 0 3 3 3
