3394.2 6540.3 169.7 147 0 12.3 28.2 7.5 2.5 2 1 3 0 0
3376.5 6580.6 172.2 229 0 12.6 25.7 12.5 2.5 2 1 5 5 5
3353.2 6453.4 150.7 72 0 31.8 11.2 10.0 2.5 2 0 4 5 5
3397.0 6483.2 163.0 151 0 32.3 12.6 10.0 0.0 0 0 4 3 3
3198.9 6584.9 151.0 84 0 11.4 28.4 10.0 0.0 0 1 4 2 2
2640.3 6550.1 76.9 271 0 38.2 10.4 10.0 2.5 2 0 4 4 4
2577.0 6634.4 69.1 327 0 11.8 24.6 12.5 2.5 2 1 5 5 5
2554.1 6503.3 72.2 25 0 25.1 12.6 10.0 2.5 2 0 4 5 5
3244.4 4127.7 -1.1 138 0 6.4 5.1 7.5 2.5 2 0 3 1 1
3298.1 4071.3 13.4 272 0 8.2 7.6 7.5 2.5 2 0 3 0 0
2753.9 6657.2 80.2 47 0 23.4 27.5 10.0 0.0 0 1 4 1 1
3160.2 6553.2 140.5 306 0 26.1 12.5 17.5 0.0 0 0 7 4 4
3171.0 6558.0 144.6 127 0 25.5 12.3 10.0 2.5 2 0 4 5 5
3214.6 6457.1 137.0 241 0 14.4 17.9 10.0 2.5 2 1 4 3 3
3238.8 6498.9 146.5 47 0 12.2 21.5 12.5 2.5 2 1 5 0 0
3264.9 6522.1 153.2 149 0 20.8 16.3 12.5 2.5 2 0 5 1 1
3253.9 6543.4 154.6 144 0 22.6 16.4 10.0 2.5 2 0 4 0 0
3297.0 6534.8 157.7 48 0 14.8 20.7 12.5 2.5 2 1 5 1 1
3279.5 6566.4 158.2 323 0 24.3 13.5 12.5 2.5 2 0 5 5 5
3248.9 6478.4 144.8 201 0 20.4 10.2 10.0 0.0 0 0 4 2 2
3264.9 6511.3 148.7 286 0 9.3 21.3 5.0 2.5 2 1 2 2 2
3308.1 6485.3 150.5 302 0 11.6 20.1 2.5 2.5 2 1 1 3 3
3275.4 6506.3 151.0 252 0 10.5 13.7 5.0 2.5 2 1 2 4 4
3274.9 6482.0 147.0 297 0 5.6 16.9 7.5 2.5 2 1 3 0 0
2825.7 6578.2 97.7 64 0 10.5 14.2 2.5 0.0 0 1 1 4 4
2703.5 6467.9 89.9 300 0 10.1 7.3 5.0 2.5 4 0 2 1 1
2691.5 6474.3 87.9 289 0 9.6 8.4 2.5 2.5 2 0 1 5 5
2694.0 6544.3 84.6 9 0 10.5 28.1 15.0 0.0 0 1 6 3 3
2678.1 6529.4 85.8 68 0 7.1 6.3 7.5 2.5 4 0 3 2 2
2587.3 6425.6 77.1 139 0 34.0 11.6 15.0 0.0 0 0 6 2 2
2852.3 6448.2 112.8 211 0 19.1 12.3 2.5 2.5 2 0 1 3 3
3287.1 6480.6 149.2 300 0 10.8 10.3 2.5 2.5 2 0 1 0 0
3251.1 6456.2 142.8 226 0 10.5 24.6 10.0 2.5 2 1 4 4 4
3226.6 6608.9 157.1 338 0 17.5 10.9 2.5 2.5 4 0 1 1 1
2652.2 6796.5 94.0 294 0 11.7 7.4 7.5 2.5 4 0 3 4 4
2620.3 6820.8 98.7 94 0 8.5 9.3 5.0 2.5 2 1 2 2 2
3335.4 6496.5 155.7 240 0 22.2 11.3 7.5 0.0 0 0 3 3 3
3372.2 6486.6 156.9 333 0 18.1 11.0 2.5 2.5 2 0 1 2 2
3304.0 6518.1 155.7 238 0 11.7 23.3 7.5 0.0 0 1 3 5 5
3321.3 6526.7 158.6 241 0 20.7 8.7 7.5 2.5 2 0 3 2 2
3333.5 6547.9 161.4 54 0 40.0 9.7 7.5 2.5 2 0 3 1 1
3345.5 6545.6 163.5 229 0 25.8 9.9 7.5 0.0 0 0 3 0 0
3391.7 6535.0 163.5 304 0 11.7 29.6 12.5 2.5 2 1 5 0 0
2763.1 6292.7 88.0 129 0 6.9 18.5 5.0 2.5 2 1 2 5 5
3166.0 5933.4 78.9 214 0 8.2 36.5 7.5 2.5 2 1 3 1 1
3271.2 5844.0 73.9 57 0 11.9 26.9 10.0 2.5 2 1 4 3 3
3244.0 6406.6 136.1 52 0 11.2 34.5 12.5 2.5 2 1 5 4 4
3141.1 6375.2 114.6 143 0 13.9 11.8 5.0 2.5 2 0 2 3 3
3154.8 6419.0 119.6 262 0 10.8 19.3 5.0 2.5 2 1 2 4 4
3048.6 6443.2 114.3 320 0 8.5 5.3 7.5 2.5 4 0 3 0 0
3074.4 6400.4 114.2 328 0 11.6 7.3 5.0 2.5 2 0 2 2 2
2922.4 6359.1 112.5 78 0 18.3 11.1 7.5 2.5 2 0 3 2 2
2835.9 6107.3 80.4 65 0 12.9 15.9 7.5 2.5 2 1 3 5 5
2891.6 6095.8 80.7 331 0 10.7 12.1 5.0 2.5 2 1 2 3 3
2986.7 6130.7 87.7 211 0 10.7 9.3 2.5 2.5 4 0 1 1 1
3093.2 6082.0 87.4 330 0 8.1 6.3 7.5 2.5 2 0 3 4 4
3104.5 6043.2 83.8 334 0 12.1 10.0 5.0 2.5 2 0 2 2 2
3114.4 6006.8 80.7 321 0 10.3 9.6 7.5 2.5 4 0 3 5 5
3106.7 5950.7 79.5 337 0 18.2 10.1 2.5 2.5 4 0 1 3 3
3038.6 5901.1 78.6 62 0 7.5 13.2 7.5 2.5 2 1 3 1 1
3063.7 5904.2 82.4 332 0 10.0 10.3 7.5 0.0 0 1 3 0 0
3200.2 5555.4 67.5 74 0 9.3 35.9 7.5 2.5 2 1 3 1 1
2854.8 5993.0 71.8 351 0 10.7 8.7 2.5 0.0 0 0 1 0 0
2852.5 6024.8 75.8 354 0 13.0 12.1 5.0 0.0 0 0 2 3 3
2867.6 5949.2 64.5 347 0 10.3 8.9 5.0 0.0 0 0 2 1 1
3165.0 5607.9 73.5 128 0 40.7 9.9 7.5 2.5 2 0 3 5 5
3205.1 5641.8 74.7 335 0 13.8 19.6 10.0 2.5 2 1 4 3 3
3195.3 5620.7 75.1 334 0 11.0 10.7 7.5 2.5 4 0 3 0 0
3180.3 5554.3 64.2 162 0 30.3 7.9 7.5 2.5 2 0 3 5 5
3210.7 5581.8 70.5 343 0 25.1 8.7 5.0 0.0 0 0 2 2 2
3170.1 5622.8 75.8 160 0 9.3 10.4 7.5 2.5 2 1 3 5 5
3142.8 5761.2 86.5 177 0 18.7 12.3 5.0 2.5 4 0 2 2 2
3132.8 5698.7 82.1 246 0 12.4 17.6 10.0 2.5 2 1 4 5 5
3156.5 5737.2 82.8 178 0 21.8 12.8 10.0 2.5 4 0 4 0 0
3173.0 5774.5 80.8 265 0 9.0 46.2 7.5 0.0 0 1 3 4 4
3191.5 5735.2 79.4 355 0 11.4 8.6 5.0 2.5 2 0 2 4 4
3282.0 4175.1 -8.1 101 0 9.3 9.9 5.0 2.5 2 1 2 2 2
3328.3 4147.1 2.6 307 0 10.1 6.1 7.5 2.5 2 0 3 2 2
3321.4 4166.9 -2.6 112 0 7.2 7.9 2.5 2.5 2 1 1 1 1
3336.8 4162.4 -0.5 114 0 8.7 9.0 5.0 2.5 2 1 2 5 5
3816.7 5941.2 170.3 152 0 8.2 16.0 2.5 2.5 2 1 1 5 5
3830.6 5978.9 172.4 160 0 8.6 19.3 7.5 2.5 2 1 3 5 5
4145.9 5286.3 134.3 95 0 23.6 22.5 15.0 0.0 0 0 6 5 5
4554.6 384.9 -211.5 162 0 4.9 6.9 2.5 2.5 2 1 1 1 1
4588.4 403.0 -213.8 42 0 7.1 8.3 2.5 2.5 2 1 1 2 2
4605.7 414.1 -215.0 331 0 7.8 6.8 5.0 0.0 0 0 2 4 4
4600.4 420.8 -214.7 330 0 5.6 6.6 7.5 2.5 2 1 3 1 1
4597.5 411.3 -214.4 330 0 5.6 6.6 7.5 2.5 2 1 3 0 0
3577.0 4022.1 33.9 248 0 9.1 8.5 5.0 2.5 2 0 2 1 1
3423.6 3933.0 32.6 33 0 16.4 8.4 7.5 2.5 2 0 3 1 1
3429.4 3985.0 34.4 207 0 8.2 15.1 5.0 2.5 2 1 2 1 1
3957.0 -32.6 -191.9 121 0 9.9 9.3 7.5 0.0 0 0 3 3 3
3983.8 -2.2 -194.2 301 0 5.5 6.6 7.5 2.5 2 1 3 0 0
3739.9 89.5 -146.2 106 0 7.4 9.4 2.5 2.5 2 1 1 2 2
3865.9 61.1 -175.7 180 0 8.5 7.0 5.0 2.5 2 0 2 4 4
3887.8 -69.6 -181.5 141 0 6.9 8.6 5.0 2.5 2 1 2 4 4
3895.4 -76.0 -183.0 142 0 5.9 10.5 2.5 2.5 2 1 1 2 2
3897.6 -86.3 -183.4 147 0 7.7 8.5 5.0 0.0 0 1 2 3 3
4113.6 -16.7 -206.7 211 0 16.0 7.9 7.5 2.5 2 0 3 4 4
4127.9 -112.1 -191.2 60 0 8.6 7.4 5.0 0.0 0 0 2 1 1
4134.7 -100.0 -191.6 246 0 8.8 6.5 2.5 2.5 4 0 1 4 4
4151.9 -97.0 -192.4 344 0 6.9 7.5 5.0 2.5 2 1 2 0 0
4106.9 -165.3 -192.1 347 0 7.3 8.8 2.5 2.5 2 1 1 0 0
4189.6 -146.8 -198.6 249 0 8.4 7.3 5.0 2.5 2 0 2 2 2
4238.5 -503.2 -189.8 87 0 8.0 6.7 5.0 2.5 2 0 2 3 3
4401.2 67.1 -217.5 10 0 6.4 6.5 5.0 2.5 2 1 2 5 5
4320.1 235.3 -193.3 233 0 7.8 7.0 7.5 2.5 2 0 3 5 5
4229.3 285.5 -196.0 207 0 4.5 7.4 5.0 2.5 2 1 2 3 3
4288.4 51.6 -213.5 167 0 5.7 8.1 7.5 2.5 2 1 3 4 4
4307.6 66.0 -211.7 62 0 7.8 5.5 5.0 2.5 2 0 2 3 3
4303.2 98.8 -206.7 315 0 4.4 7.9 7.5 2.5 4 1 3 3 3
4301.1 114.8 -204.1 304 0 7.6 6.2 7.5 2.5 2 0 3 4 4
4296.0 132.5 -200.9 344 0 15.5 5.1 7.5 2.5 2 0 3 0 0
4265.1 111.2 -201.4 166 0 5.3 6.6 7.5 2.5 2 1 3 1 1
4286.7 127.3 -200.2 343 0 6.0 6.5 7.5 2.5 2 1 3 2 2
4262.0 139.5 -197.2 253 0 7.2 8.0 7.5 2.5 2 1 3 5 5
4265.5 151.1 -195.5 234 0 6.4 7.8 7.5 2.5 2 1 3 0 0
4258.1 161.5 -193.0 235 0 6.7 7.2 7.5 0.0 0 1 3 3 3
4254.3 180.6 -189.5 242 0 7.4 6.5 5.0 2.5 2 0 2 3 3
4279.7 153.8 -195.2 338 0 6.2 5.3 7.5 2.5 2 0 3 5 5
4234.7 130.1 -197.7 199 0 7.3 16.5 7.5 0.0 0 1 3 4 4
4235.7 147.1 -193.5 185 0 6.6 7.7 7.5 2.5 4 1 3 2 2
3902.2 -214.8 -183.2 281 0 8.0 9.1 7.5 2.5 2 1 3 1 1
3385.1 4047.4 27.0 299 0 9.9 8.5 7.5 2.5 4 0 3 4 4
3368.9 4078.1 18.7 86 0 9.9 6.9 5.0 2.5 2 0 2 5 5
3379.5 4155.0 7.2 151 0 6.4 10.3 7.5 2.5 2 1 3 4 4
3429.2 4099.0 22.2 129 0 9.4 11.8 7.5 2.5 2 1 3 1 1
3467.8 4088.3 28.1 93 0 17.2 7.6 2.5 2.5 2 0 1 1 1
3486.6 4087.5 31.0 92 0 10.4 7.8 2.5 2.5 2 0 1 3 3
3469.0 4115.0 24.5 112 0 7.2 10.3 7.5 0.0 0 1 3 4 4
3444.5 4138.7 18.6 249 0 8.5 7.9 2.5 2.5 2 0 1 0 0
3490.5 4174.1 26.7 206 0 8.9 7.2 5.0 2.5 2 0 2 0 0
3535.2 4224.6 37.6 208 0 10.9 9.0 7.5 0.0 0 0 3 4 4
3537.7 4180.9 35.0 117 0 10.6 12.1 2.5 2.5 2 1 1 1 1
3525.2 4088.2 32.4 88 0 7.4 6.9 5.0 2.5 2 0 2 2 2
3561.6 4091.3 34.4 100 0 7.3 5.9 2.5 2.5 2 0 1 1 1
3581.1 4093.5 35.4 96 0 9.0 6.5 7.5 2.5 4 0 3 1 1
3607.4 4088.9 34.5 104 0 12.9 6.7 2.5 2.5 4 0 1 2 2
3669.5 4114.1 38.9 113 0 21.8 13.5 12.5 2.5 2 0 5 5 5
3735.1 4189.4 57.3 35 0 32.1 9.8 7.5 0.0 0 0 3 1 1
3758.8 4235.7 63.1 304 0 7.7 30.7 5.0 2.5 2 1 2 2 2
3782.0 4251.7 61.0 137 0 10.3 31.6 12.5 2.5 4 1 5 4 4
3827.9 4323.8 62.6 305 0 9.7 30.0 7.5 2.5 2 1 3 2 2
3841.8 4313.4 55.7 303 0 10.1 42.2 15.0 0.0 0 1 6 0 0
3835.6 4346.7 67.9 210 0 37.3 7.5 7.5 2.5 2 0 3 2 2
3794.2 4393.7 75.1 69 0 26.3 7.9 2.5 2.5 2 0 1 1 1
3822.1 4403.5 74.9 66 0 23.4 8.7 5.0 2.5 2 0 2 5 5
3875.9 4384.8 68.1 195 0 19.1 8.6 5.0 2.5 2 0 2 4 4
3872.5 4364.4 65.3 302 0 9.7 15.9 2.5 2.5 2 1 1 2 2
3843.8 4416.9 74.9 154 0 9.5 7.3 2.5 2.5 2 0 1 1 1
3827.6 4456.0 78.2 346 0 5.8 26.1 5.0 2.5 2 1 2 5 5
3789.8 4446.7 78.1 254 0 5.9 5.5 7.5 2.5 2 0 3 2 2
3766.2 4443.3 78.2 259 0 10.8 6.7 7.5 2.5 2 0 3 4 4
3754.9 4440.2 78.4 257 0 6.7 6.3 7.5 2.5 2 0 3 4 4
3530.3 5127.1 83.2 2 0 12.8 11.1 7.5 2.5 2 0 3 0 0
3755.3 5164.8 95.6 250 0 33.5 8.5 7.5 0.0 0 0 3 4 4
3778.1 5227.3 104.3 133 0 7.7 40.0 7.5 2.5 4 1 3 5 5
3790.2 5208.4 101.7 155 0 20.2 10.6 2.5 2.5 2 0 1 1 1
3808.4 5242.2 105.4 240 0 7.2 15.9 7.5 2.5 2 1 3 4 4
3822.0 5247.4 107.4 307 0 9.1 6.2 5.0 2.5 2 0 2 4 4
3816.4 5263.5 107.8 203 0 10.9 29.8 15.0 0.0 0 1 6 1 1
3706.9 5024.4 99.0 219 0 13.5 15.2 10.0 2.5 2 1 4 1 1
3710.8 4957.9 101.8 134 0 14.3 5.0 2.5 2.5 2 0 1 5 5
3754.5 4927.8 99.4 38 0 5.3 12.4 5.0 2.5 2 1 2 4 4
3758.4 4904.2 99.0 220 0 8.8 6.1 7.5 2.5 2 0 3 5 5
3758.8 4922.6 98.8 124 0 10.3 17.1 7.5 2.5 2 1 3 4 4
3764.9 4878.5 98.8 7 0 27.6 10.1 7.5 2.5 2 0 3 2 2
3792.1 4901.6 97.0 225 0 5.0 9.4 5.0 2.5 2 1 2 4 4
3796.6 4927.8 96.7 217 0 10.7 40.8 12.5 2.5 4 1 5 0 0
3784.1 4924.7 98.3 34 0 12.3 12.1 10.0 2.5 2 0 4 0 0
3861.5 4594.8 88.0 17 0 6.6 6.8 7.5 2.5 2 1 3 0 0
3848.1 4568.9 85.7 236 0 12.5 6.7 5.0 2.5 2 0 2 0 0
3834.5 4563.9 84.8 253 0 12.0 6.1 7.5 2.5 2 0 3 5 5
3797.0 4568.9 83.7 290 0 6.6 5.6 2.5 2.5 2 0 1 4 4
3808.3 4502.0 80.7 331 0 7.4 9.4 7.5 2.5 2 1 3 2 2
3768.1 4459.2 79.6 80 0 8.7 8.9 7.5 0.0 0 1 3 5 5
3738.7 4453.9 79.3 76 0 17.3 14.0 10.0 0.0 0 0 4 1 1
3715.0 4447.8 78.8 74 0 8.9 26.1 7.5 2.5 2 1 3 4 4
3687.2 4477.0 75.6 258 0 26.5 8.7 7.5 2.5 2 0 3 3 3
3680.5 4432.2 75.0 72 0 11.5 25.2 12.5 2.5 2 1 5 4 4
3684.1 4418.1 75.9 64 0 6.3 6.2 7.5 2.5 2 0 3 5 5
3715.1 4437.0 78.5 67 0 9.7 4.4 5.0 2.5 2 0 2 0 0
3833.4 4463.9 78.0 83 0 5.7 8.6 5.0 2.5 2 1 2 3 3
3830.6 4943.7 96.7 230 0 24.2 8.8 2.5 0.0 0 0 1 5 5
3812.1 4952.1 95.0 137 0 8.2 40.0 7.5 0.0 0 1 3 4 4
3856.5 4963.0 92.5 171 0 11.1 41.8 10.0 2.5 2 1 4 2 2
4245.5 5327.4 133.0 245 0 7.8 14.9 2.5 2.5 2 1 1 5 5
3853.7 5298.5 112.1 251 0 9.2 24.1 5.0 2.5 2 1 2 2 2
3840.1 5273.1 112.8 76 0 10.3 26.4 10.0 2.5 2 1 4 3 3
3794.5 5318.6 113.2 57 0 11.6 35.6 12.5 2.5 2 1 5 1 1
3776.3 5299.4 109.2 53 0 10.1 34.9 12.5 2.5 2 1 5 5 5
3762.5 5291.1 106.2 52 0 12.2 23.7 10.0 2.5 2 1 4 3 3
3689.7 5362.7 98.7 215 0 7.6 15.6 7.5 0.0 0 1 3 2 2
4098.6 5921.9 190.8 104 0 11.1 6.7 5.0 2.5 2 0 2 3 3
3818.1 6014.9 170.0 75 0 13.6 18.5 10.0 0.0 0 1 4 0 0
3779.3 6018.0 166.2 149 0 8.4 27.3 5.0 2.5 2 1 2 5 5
3732.4 5901.4 159.0 140 0 11.6 29.6 10.0 2.5 2 1 4 0 0
3756.5 6016.8 161.3 53 0 26.8 11.2 12.5 2.5 2 0 5 1 1
3759.2 6009.6 162.3 231 0 28.2 9.1 7.5 2.5 2 0 3 3 3
3780.9 6005.7 163.8 300 0 11.9 28.8 10.0 0.0 0 1 4 3 3
3711.8 5879.2 154.9 243 0 28.1 10.8 10.0 2.5 2 0 4 3 3
3702.6 5890.0 153.1 243 0 41.7 10.2 10.0 2.5 2 0 4 3 3
3702.4 5900.1 153.0 60 0 34.7 10.6 10.0 2.5 2 0 4 1 1
3674.4 5910.5 151.9 152 0 9.3 21.8 5.0 2.5 2 1 2 2 2
3702.1 5981.7 155.3 113 0 18.0 11.1 5.0 2.5 2 0 2 4 4
3563.4 5897.6 131.4 303 0 13.0 19.4 10.0 2.5 2 1 4 1 1
3597.8 6170.1 154.5 143 0 8.2 6.6 7.5 0.0 0 0 3 2 2
3644.8 6164.3 158.3 333 0 26.2 9.8 7.5 2.5 2 0 3 5 5
3624.3 6151.6 155.7 154 0 4.2 8.3 2.5 2.5 2 1 1 2 2
3680.1 6152.0 164.4 65 0 11.3 27.7 10.0 2.5 2 1 4 5 5
3698.3 6149.4 168.4 133 0 19.2 12.1 7.5 2.5 2 0 3 2 2
3729.8 6132.4 168.9 94 0 20.8 10.0 7.5 2.5 4 0 3 3 3
3751.7 6124.8 171.6 92 0 14.9 16.0 5.0 2.5 2 1 2 1 1
3758.5 6168.5 177.9 272 0 12.6 18.0 10.0 2.5 2 1 4 2 2
3777.8 6129.5 177.3 96 0 13.4 22.5 10.0 2.5 4 1 4 4 4
3841.0 6247.0 211.7 125 0 5.5 7.8 7.5 2.5 2 1 3 4 4
3306.2 6185.4 111.6 139 0 21.7 19.6 10.0 2.5 2 0 4 0 0
3307.7 6168.7 110.0 334 0 7.7 6.1 7.5 2.5 2 0 3 2 2
3462.3 6067.8 131.7 309 0 15.0 16.7 12.5 2.5 2 1 5 1 1
3781.4 4887.4 96.9 164 0 6.6 10.7 7.5 2.5 2 1 3 3 3
