3457.5 -3735.3 -21.8 18 0 14.7 43.4 5.0 2.5 2 1 2 3 3
3945.0 4815.1 -10.9 264 0 83.4 59.0 14.0 0.0 0 0 4 0 0
2443.4 6768.7 -8.0 53 0 23.4 26.5 14.0 0.0 0 1 4 2 2
5750.0 -4257.9 -50.1 127 0 52.2 32.4 14.0 0.0 0 0 4 3 3
5740.8 -4001.7 -36.6 203 0 24.3 37.0 10.0 0.0 0 1 4 3 3
5882.3 -3937.2 -45.1 265 0 71.3 35.2 7.5 0.0 0 0 3 3 3
5409.9 4297.5 -14.8 100 0 69.4 64.6 15.0 0.0 0 0 6 5 5
6443.8 4053.7 -26.2 271 0 38.7 43.5 12.5 0.0 0 1 5 2 2
4433.7 5466.2 -25.9 248 0 20.9 26.2 14.0 3.5 2 1 4 0 0
6271.2 -4004.3 -52.1 15 0 20.6 13.7 10.0 2.5 2 0 4 5 5
4635.9 6706.0 -39.4 262 0 35.4 51.5 17.5 0.0 0 1 5 4 4
4245.7 5629.8 -28.2 5 0 24.7 25.1 14.0 0.0 0 1 4 3 3
-808.5 4899.2 -7.6 90 0 26.4 32.1 10.0 0.0 0 1 4 1 1
3957.7 4840.1 -9.1 95 0 12.1 63.5 10.5 3.5 2 1 3 2 2
3047.4 1280.9 2.6 37 0 35.6 32.8 12.5 0.0 0 0 5 3 3
3964.1 -2442.7 -22.0 276 0 39.8 31.4 12.5 0.0 0 0 5 2 2
5074.3 -4165.4 -23.9 88 0 18.3 11.9 14.0 3.5 2 0 4 1 1
5004.0 -4183.7 -20.9 179 0 15.4 18.0 14.0 3.5 2 1 4 3 3
4999.9 -4136.6 -18.3 178 0 11.5 15.3 14.0 3.5 4 1 4 0 0
5017.4 -4097.7 -18.0 270 0 17.6 19.1 14.0 3.5 2 1 4 2 2
4020.3 4867.6 -8.7 273 0 15.8 39.7 10.5 3.5 4 1 3 3 3
4179.4 1501.7 0.1 180 0 18.2 37.2 10.0 2.5 2 1 4 3 3
4204.9 1450.8 1.2 179 0 14.4 17.6 10.0 2.5 2 1 4 2 2
4275.6 1522.2 -6.5 190 0 13.7 56.4 15.0 2.5 2 1 6 1 1
4369.1 1506.2 -8.5 356 0 13.4 28.8 12.5 2.5 4 1 5 2 2
4359.0 1562.5 -8.9 274 0 23.1 48.7 10.0 2.5 2 1 4 4 4
4336.3 1564.5 -7.4 276 0 15.5 17.6 12.5 2.5 2 1 5 0 0
3363.0 1445.1 -2.0 353 0 43.8 58.8 12.5 0.0 0 1 5 1 1
3373.6 1384.8 -1.1 2 0 27.1 62.2 10.0 0.0 0 1 4 5 5
3341.3 1659.8 -3.5 90 0 13.7 43.3 10.0 2.5 2 1 4 5 5
3377.4 2413.3 -5.7 278 0 52.9 44.6 10.0 0.0 0 0 4 0 0
3464.0 2434.7 -4.1 14 0 43.6 39.1 7.5 0.0 0 0 3 0 0
4576.1 4855.2 -22.1 90 0 30.9 27.0 10.0 0.0 0 0 4 5 5
4370.6 5595.0 -21.0 181 0 18.8 26.4 14.0 3.5 2 1 4 2 2
5255.6 -4738.9 -35.1 18 0 26.2 28.9 14.0 0.0 0 1 4 4 4
5377.7 -4619.5 -34.1 0 0 31.8 17.3 14.0 3.5 2 0 4 3 3
4871.7 -4582.6 -13.2 288 0 34.6 29.9 10.0 0.0 0 0 4 4 4
4666.0 -5554.3 -21.1 18 0 51.4 30.5 15.0 0.0 0 0 6 1 1
6761.5 -4365.8 -59.6 270 0 84.5 98.0 12.5 0.0 0 1 5 4 4
4400.8 6690.9 -36.5 185 0 15.4 47.9 17.5 3.5 4 1 5 0 0
4415.9 6526.0 -40.7 83 0 10.6 15.5 14.0 3.5 2 1 4 3 3
4377.3 6555.2 -40.0 288 0 18.6 15.7 17.5 3.5 2 0 5 4 4
4381.6 5956.3 -34.2 185 0 21.8 29.6 14.0 0.0 0 1 4 3 3
3475.6 -3359.5 -25.6 203 0 20.6 30.5 12.5 0.0 0 1 5 4 4
3458.4 -3553.9 -18.9 292 0 14.9 13.2 7.5 2.5 2 0 3 5 5
5800.7 -3947.8 -37.2 53 0 20.8 14.1 10.0 2.5 2 0 4 3 3
4341.5 6677.5 -35.7 162 0 23.5 37.5 17.5 0.0 0 1 5 4 4
4396.3 6717.4 -35.6 187 0 15.5 33.2 17.5 0.0 0 1 5 1 1
4387.6 6749.5 -34.1 173 0 23.5 42.3 17.5 0.0 0 1 5 3 3
4354.2 6797.8 -29.9 5 0 14.8 22.1 17.5 3.5 2 1 5 2 2
4353.0 6782.7 -30.5 3 0 12.5 33.4 17.5 3.5 2 1 5 0 0
4356.0 6756.5 -31.8 1 0 9.1 11.8 10.5 3.5 2 1 3 3 3
4398.4 6668.8 -36.5 171 0 6.4 15.4 10.5 3.5 2 1 3 5 5
4389.2 6625.0 -37.8 351 0 22.1 16.0 17.5 3.5 2 0 5 0 0
4404.9 6615.6 -38.4 180 0 12.8 16.9 17.5 3.5 2 1 5 4 4
4415.2 6595.2 -38.7 84 0 15.5 13.0 17.5 3.5 4 0 5 4 4
4429.2 6596.7 -38.8 84 0 6.9 25.2 10.5 3.5 2 1 3 4 4
4456.5 6662.9 -37.5 273 0 11.9 11.2 17.5 3.5 2 0 5 4 4
4519.6 6659.4 -38.2 183 0 13.6 12.6 17.5 3.5 2 0 5 5 5
4556.8 6606.3 -40.3 96 0 21.0 35.4 17.5 3.5 2 1 5 4 4
4524.1 6589.9 -41.7 280 0 20.9 34.4 14.0 0.0 0 1 4 1 1
4499.1 6582.7 -41.0 275 0 10.2 19.6 14.0 3.5 2 1 4 0 0
4412.4 6583.3 -40.1 268 0 13.9 37.3 14.0 3.5 2 1 4 3 3
4362.3 6566.5 -38.8 327 0 16.6 16.5 17.5 3.5 2 0 5 1 1
4354.4 6582.3 -37.7 340 0 15.6 16.3 17.5 0.0 0 1 5 1 1
4349.7 6603.1 -36.8 350 0 19.2 16.1 17.5 3.5 2 0 5 1 1
4317.5 6729.6 -31.8 290 0 19.1 22.9 17.5 3.5 2 1 5 1 1
4174.8 6719.7 -26.0 180 0 16.9 17.2 14.0 0.0 0 1 4 1 1
4422.0 6471.4 -42.7 92 0 13.7 19.0 14.0 3.5 2 1 4 0 0
4422.4 6519.6 -42.0 268 0 10.9 27.3 14.0 3.5 2 1 4 3 3
4445.9 6528.6 -41.6 270 0 15.9 15.5 14.0 3.5 2 0 4 0 0
4249.8 6535.1 -36.8 266 0 15.1 20.4 17.5 3.5 2 1 5 5 5
4279.5 6534.3 -37.5 274 1 13.9 14.5 17.5 3.5 2 1 5 3 3
4277.1 6542.9 -37.0 203 1 11.1 11.8 17.5 0.0 0 1 5 1 1
4287.8 6564.0 -35.9 35 0 21.1 37.3 17.5 0.0 0 1 5 5 5
4367.7 6573.5 -39.1 155 1 15.0 11.9 17.5 3.5 2 0 5 1 1
4391.1 6584.2 -38.9 0 0 22.4 7.3 10.5 3.5 2 0 3 4 4
4246.3 6751.1 -27.3 261 0 20.4 14.9 14.0 0.0 0 0 4 2 2
4284.7 6732.5 -29.3 359 0 17.8 17.6 14.0 3.5 2 0 4 2 2
4215.4 6687.9 -28.2 94 0 18.1 19.4 14.0 3.5 2 1 4 5 5
4256.2 6723.0 -28.2 3 0 18.6 37.3 14.0 3.5 2 1 4 0 0
4264.0 6694.1 -29.6 2 0 11.3 22.4 14.0 3.5 4 1 4 0 0
4275.3 6677.3 -30.8 3 0 15.8 16.6 14.0 3.5 2 1 4 3 3
4184.6 6739.7 -25.6 181 0 13.3 21.0 14.0 3.5 2 1 4 4 4
4199.2 6766.7 -24.8 272 1 20.4 12.0 14.0 3.5 2 0 4 3 3
4217.6 6768.2 -25.2 270 0 9.8 10.6 10.5 3.5 2 1 3 4 4
4328.8 6738.7 -31.7 91 0 16.7 24.1 17.5 3.5 4 1 5 2 2
4256.6 6813.3 -25.8 268 0 14.7 16.2 17.5 3.5 2 1 5 2 2
4258.9 6836.8 -24.5 268 0 16.9 9.1 10.5 3.5 2 0 3 4 4
4293.8 6820.0 -27.1 270 0 14.4 18.0 17.5 3.5 2 1 5 3 3
4227.7 6834.6 -22.8 15 1 22.2 10.1 17.5 3.5 2 0 5 0 0
4209.1 6795.2 -23.4 112 1 10.7 14.9 17.5 3.5 4 1 5 5 5
6521.4 6834.7 -3.9 28 0 49.3 10.3 10.0 2.5 2 0 4 4 4
6527.0 6834.3 -4.1 204 0 51.0 12.1 12.5 2.5 2 0 5 4 4
6470.8 6751.4 -2.5 100 0 12.8 13.8 14.0 2.5 2 1 4 4 4
6489.7 6757.5 -1.3 93 0 14.2 12.5 7.0 0.0 0 0 2 3 3
3654.6 6834.3 -20.2 78 0 19.6 45.6 14.0 3.5 2 1 4 0 0
4439.0 6819.6 -32.2 270 0 11.2 18.6 17.5 3.5 2 1 5 3 3
5862.2 -4414.9 -45.0 281 0 16.3 51.9 14.0 3.5 2 1 4 1 1
4303.5 -3382.3 -22.6 264 0 63.7 23.1 10.0 2.5 2 0 4 1 1
4702.6 -3883.7 -26.7 100 0 31.0 28.6 12.5 0.0 0 0 5 4 4
4183.9 -3215.2 -27.2 87 0 10.4 33.9 10.0 2.5 2 1 4 4 4
3995.6 -3507.6 -19.3 62 0 22.7 17.3 12.5 2.5 2 0 5 4 4
3941.2 -3666.7 -10.9 179 0 13.9 29.3 12.5 2.5 2 1 5 0 0
3940.2 -3691.1 -7.9 179 0 10.8 24.1 10.0 2.5 2 1 4 0 0
3966.7 -3641.2 -12.8 258 0 17.6 15.8 10.0 2.5 2 0 4 4 4
4058.3 -3625.8 -5.7 269 0 25.4 15.1 10.0 2.5 2 0 4 0 0
3368.4 -3506.2 -16.0 294 0 34.8 23.1 10.0 0.0 0 0 4 2 2
3035.7 -4474.7 -27.5 351 0 17.4 15.1 10.0 0.0 0 0 4 4 4
3078.6 -4426.4 -26.6 86 0 33.5 27.9 7.5 0.0 0 0 3 2 2
2999.8 -5114.2 -20.7 274 0 61.8 17.0 10.0 0.0 0 0 4 3 3
2715.6 -6518.5 -46.8 294 0 47.1 12.8 12.5 2.5 2 0 5 2 2
4549.9 2669.2 -23.9 270 0 47.2 46.8 10.0 0.0 0 0 4 3 3
4663.5 6755.0 -39.1 121 0 15.4 10.5 14.0 3.5 2 0 4 5 5
4546.7 6716.7 -37.7 279 0 9.0 12.4 10.5 3.5 2 1 3 3 3
4560.5 6714.4 -37.7 282 0 10.3 12.1 17.5 3.5 2 1 5 4 4
4578.3 6713.6 -38.0 282 0 11.0 16.3 17.5 3.5 2 1 5 4 4
4636.3 6732.5 -38.4 25 0 14.6 15.7 14.0 3.5 2 1 4 3 3
4652.9 6763.7 -38.9 20 0 15.5 15.2 14.0 3.5 2 0 4 0 0
4594.0 6783.8 -37.6 200 0 12.6 15.3 14.0 0.0 0 1 4 1 1
4644.6 6777.4 -38.6 106 0 11.7 16.4 14.0 3.5 4 1 4 2 2
4643.8 6724.3 -38.8 213 0 18.4 14.1 17.5 3.5 2 0 5 3 3
4683.5 6740.3 -38.9 295 0 11.1 16.6 17.5 3.5 2 1 5 1 1
4696.4 6727.4 -39.0 270 0 13.1 11.4 17.5 3.5 2 0 5 4 4
4704.0 6712.1 -38.7 267 0 10.9 12.4 17.5 3.5 2 1 5 4 4
4749.7 6724.7 -39.4 357 0 13.4 15.2 17.5 3.5 2 1 5 5 5
4714.3 6762.1 -39.8 178 0 13.6 15.8 17.5 3.5 4 1 5 5 5
4675.5 6683.8 -39.0 357 0 20.8 12.7 17.5 3.5 2 0 5 3 3
4687.3 6804.4 -39.5 4 0 12.1 11.7 14.0 3.5 2 0 4 0 0
4659.1 6773.1 -39.1 113 0 9.2 9.8 10.5 0.0 0 1 3 3 3
4625.5 6798.1 -38.3 292 0 14.7 15.2 14.0 3.5 2 1 4 2 2
4584.5 6779.8 -37.5 108 0 9.6 12.3 10.5 3.5 2 1 3 5 5
4594.7 6811.2 -37.4 289 0 12.9 14.3 14.0 3.5 4 1 4 1 1
4629.9 6832.8 -37.0 91 0 14.9 12.2 14.0 3.5 2 0 4 0 0
4664.0 6816.8 -39.1 274 0 14.4 10.9 14.0 3.5 4 0 4 5 5
4656.5 6832.5 -38.3 268 0 15.5 11.6 14.0 3.5 2 0 4 3 3
4687.6 6831.5 -39.0 338 0 14.1 13.0 14.0 3.5 2 0 4 2 2
4078.1 5379.4 -13.3 281 0 18.7 8.9 10.5 0.0 0 0 3 2 2
4101.3 5376.8 -14.5 284 0 21.3 9.8 10.5 3.5 2 0 3 0 0
-1592.7 3774.0 3.7 216 0 11.8 22.0 10.0 0.0 0 1 4 2 2
-1633.9 3710.8 3.1 128 0 12.3 33.7 10.0 2.5 2 1 4 2 2
-1673.6 3731.5 0.6 218 0 15.5 33.4 17.5 0.0 0 1 7 2 2
-1640.7 3740.9 1.9 226 0 33.5 12.8 10.0 2.5 2 0 4 2 2
-6812.6 -1709.3 -2.3 149 0 28.1 43.1 12.5 0.0 0 1 5 3 3
-2867.1 -845.8 12.7 111 0 20.4 18.8 15.0 0.0 0 0 6 5 5
-3210.5 -6336.6 -23.9 148 0 127.3 94.0 12.5 0.0 0 0 5 5 5
-3008.3 -6709.4 -33.4 329 0 33.6 39.8 10.0 0.0 0 1 4 0 0
-2549.5 -6544.1 -32.8 66 0 36.6 23.8 7.5 0.0 0 0 3 1 1
910.2 4604.8 -28.8 270 0 56.0 65.1 12.5 0.0 0 1 5 1 1
2224.6 3944.0 -6.8 336 0 45.9 10.0 10.0 2.5 2 0 4 2 2
2230.2 5104.3 -20.5 87 0 22.5 19.4 10.0 2.5 4 0 4 5 5
322.3 -3548.6 -27.4 86 0 13.9 16.9 14.0 2.5 2 1 4 3 3
350.7 -3546.5 -26.3 79 0 14.9 17.3 12.5 2.5 2 1 5 2 2
-5184.4 6379.6 -2.7 89 0 13.0 21.6 7.5 2.5 2 1 3 2 2
-5129.4 6411.5 -1.9 9 0 32.6 13.1 12.5 2.5 2 0 5 5 5
-5201.6 6433.8 -1.1 187 0 10.7 49.2 10.0 2.5 2 1 4 3 3
-5153.9 6374.8 -2.7 87 0 10.9 15.9 10.5 2.5 2 1 3 4 4
-5133.9 6376.0 -3.3 356 0 32.7 11.8 12.5 2.5 2 0 5 5 5
1927.4 5582.6 -20.9 89 0 13.6 61.3 14.0 3.5 2 1 4 0 0
3607.8 6834.6 -16.1 4 0 17.1 19.7 14.0 3.5 2 1 4 1 1
3553.0 6768.5 -17.7 82 1 12.7 17.0 14.0 3.5 2 1 4 3 3
3548.3 6786.9 -16.8 69 0 27.6 17.5 14.0 3.5 2 0 4 1 1
3551.1 6739.9 -19.5 264 0 19.7 18.8 14.0 3.5 2 0 4 3 3
3621.6 6719.4 -17.6 358 0 17.4 14.9 14.0 3.5 2 0 4 5 5
5028.6 -1409.3 -32.6 3 0 35.5 30.9 12.5 0.0 0 0 5 3 3
3642.6 -3533.2 -21.1 18 0 65.7 76.5 12.5 0.0 0 1 5 4 4
3600.5 -3246.0 -25.7 292 0 50.5 53.6 10.0 0.0 0 1 4 2 2
3559.7 -3156.6 -31.2 194 0 72.6 51.8 10.0 0.0 0 0 4 0 0
4277.5 -3167.2 -34.4 183 0 34.7 61.3 10.0 0.0 0 1 4 4 4
4782.2 -3083.1 -43.0 0 0 26.6 20.6 10.0 2.5 2 0 4 1 1
4770.5 -3020.5 -38.1 342 0 7.6 14.7 5.0 2.5 4 1 2 0 0
5097.5 -4640.6 -28.3 101 0 10.6 20.7 14.0 3.5 2 1 4 2 2
5782.2 -4122.9 -44.4 9 0 37.8 27.1 14.0 0.0 0 0 4 5 5
5049.4 -4929.4 -27.3 20 0 16.0 14.8 5.0 2.5 2 0 2 4 4
5034.1 -5445.8 -37.9 92 0 24.4 23.4 7.5 0.0 0 0 3 3 3
4826.7 -6390.4 -40.3 273 0 32.5 41.4 12.5 0.0 0 1 5 1 1
3792.0 -6108.3 -39.0 92 0 17.8 22.4 12.5 2.5 4 1 5 4 4
5446.2 -5505.5 -42.9 89 0 23.6 23.8 10.0 2.5 2 1 4 4 4
4336.4 5575.7 -21.9 29 0 29.7 21.4 14.0 0.0 0 0 4 0 0
4356.6 5785.8 -28.5 272 0 19.9 19.8 14.0 3.5 4 0 4 1 1
4082.2 -73.1 -14.0 276 0 16.0 63.0 10.0 2.5 2 1 4 1 1
4114.5 -64.5 -15.6 274 0 38.9 10.2 12.5 2.5 2 0 5 1 1
4111.0 -147.0 -14.1 2 0 12.3 50.0 12.5 2.5 4 1 5 0 0
4041.1 -149.8 -13.3 92 0 13.0 49.1 12.5 0.0 0 1 5 1 1
4099.2 -437.8 -30.8 11 0 16.9 14.4 5.0 2.5 2 0 2 0 0
4036.5 -582.0 -35.2 90 0 17.2 13.8 5.0 2.5 4 0 2 3 3
2889.3 -5137.1 -24.5 182 0 18.0 27.0 10.0 0.0 0 1 4 0 0
2939.0 -5150.4 -23.3 94 0 18.9 38.3 15.0 2.5 2 1 6 2 2
2989.5 -5155.4 -22.6 95 0 76.1 12.9 10.0 2.5 2 0 4 5 5
2802.7 -5077.8 -24.0 109 0 16.6 34.5 10.0 2.5 4 1 4 1 1
-3243.3 -252.0 -12.4 11 0 22.2 13.9 12.5 0.0 0 0 5 2 2
-2651.3 -648.3 23.3 191 0 18.1 20.0 10.0 2.5 2 1 4 2 2
3169.4 923.3 19.5 191 0 15.6 43.8 10.0 0.0 0 1 4 3 3
3264.4 867.7 20.6 157 0 12.2 18.3 10.0 2.5 2 1 4 4 4
3038.6 873.1 18.6 187 0 13.6 42.2 12.5 2.5 2 1 5 3 3
3010.4 1233.8 2.8 108 0 33.5 24.9 12.5 0.0 0 0 5 5 5
2601.8 -2172.9 26.5 120 0 32.8 74.6 12.5 0.0 0 1 5 0 0
2592.7 -2024.4 40.7 276 0 15.8 32.5 12.5 2.5 2 1 5 5 5
2580.3 -2085.9 34.5 211 0 16.4 33.8 10.0 2.5 2 1 4 0 0
2556.7 -2139.4 34.6 214 0 19.4 18.2 10.0 2.5 2 0 4 1 1
2636.1 -2030.5 32.8 272 0 14.6 30.2 10.0 2.5 2 1 4 2 2
2651.7 -2100.9 27.9 26 0 14.0 27.3 10.0 2.5 2 1 4 3 3
2543.3 -2034.4 43.8 204 0 45.4 23.7 10.0 0.0 0 0 4 4 4
2582.1 -1924.1 53.7 216 0 55.6 20.7 12.5 2.5 2 0 5 3 3
2568.2 -1996.5 50.3 211 0 21.6 10.0 5.0 2.5 2 0 2 1 1
2616.7 -1969.9 42.4 285 0 11.4 48.1 10.0 2.5 2 1 4 3 3
4381.5 5927.8 -34.0 179 0 17.3 24.7 14.0 3.5 4 1 4 4 4
3715.0 6815.2 -14.2 2 0 15.5 40.2 14.0 3.5 2 1 4 4 4
3684.6 6794.2 -15.1 90 0 10.8 9.3 10.5 3.5 4 0 3 2 2
3385.1 6723.8 -19.9 266 0 11.1 14.7 14.0 3.5 2 1 4 2 2
4269.7 5292.5 -14.7 291 0 30.0 29.6 14.0 0.0 0 0 4 1 1
6786.6 -3989.8 -43.6 88 0 22.5 31.3 7.5 0.0 0 1 3 2 2
5865.8 -2638.3 -45.1 87 0 21.3 28.0 12.5 2.5 2 1 5 5 5
-2265.9 -2556.7 -19.8 87 0 48.1 38.6 12.5 0.0 0 0 5 5 5
-286.4 -1400.6 -26.5 1 0 36.7 25.9 10.0 0.0 0 0 4 0 0
-5419.5 -2520.5 -41.6 270 0 41.0 25.3 10.0 0.0 0 0 4 2 2
-5396.1 -2129.1 -35.5 276 0 28.2 32.7 10.0 0.0 0 1 4 0 0
4376.6 5841.4 -30.7 178 0 11.0 7.7 10.5 3.5 2 0 3 3 3
6724.5 6744.0 -6.7 298 0 10.5 31.4 14.0 3.5 2 1 4 0 0
6757.5 6728.3 -7.3 297 0 11.0 32.6 14.0 3.5 2 1 4 1 1
6748.4 6734.5 -7.1 297 0 7.2 32.0 10.5 3.5 2 1 3 4 4
6719.4 6506.9 -8.4 253 0 33.2 45.1 10.0 0.0 0 1 4 1 1
4443.9 5840.8 -33.7 274 0 12.4 11.5 10.5 3.5 4 0 3 1 1
4382.2 5985.8 -34.2 183 0 10.3 30.0 14.0 3.5 2 1 4 5 5
4318.0 -884.3 -37.0 87 0 14.0 23.8 10.0 2.5 2 1 4 1 1
5648.1 6147.4 -41.6 181 0 33.4 23.8 10.5 0.0 0 0 3 5 5
5537.7 6175.4 -43.6 356 0 18.9 14.1 12.5 2.5 2 0 5 1 1
1492.9 -4645.5 -45.1 360 0 37.8 25.5 10.0 0.0 0 0 4 2 2
5746.4 -4992.3 -49.3 210 0 57.8 67.1 10.0 0.0 0 1 4 5 5
5102.0 1213.8 -35.4 273 0 23.9 41.3 7.5 0.0 0 1 3 3 3
3537.3 -3830.5 -21.3 277 0 52.4 46.4 10.0 0.0 0 0 4 4 4
5177.3 -5338.1 -43.1 186 0 18.0 16.0 10.0 2.5 2 0 4 0 0
5526.5 -3493.0 -47.5 93 0 26.7 38.9 12.5 0.0 0 1 5 5 5
5314.9 -2235.6 -29.9 90 0 16.7 22.6 10.0 2.5 4 1 4 0 0
4774.6 -679.3 -23.3 83 0 51.7 37.3 10.0 0.0 0 0 4 3 3
4166.8 -336.7 -26.5 110 0 42.5 29.5 12.5 0.0 0 0 5 1 1
4247.9 2823.1 -11.3 98 0 22.0 26.3 10.0 0.0 0 1 4 5 5
3933.5 -2292.1 -33.0 90 0 16.5 23.6 10.0 0.0 0 1 4 1 1
-2151.1 1355.0 5.4 0 0 26.1 32.3 10.0 0.0 0 1 4 4 4
-3492.2 -3652.1 -5.9 1 0 55.9 37.1 10.0 0.0 0 0 4 0 0
6730.7 4468.3 -21.8 355 0 10.7 13.5 7.5 2.5 2 1 3 1 1
6744.7 4552.8 -26.1 177 0 11.8 9.7 7.5 2.5 4 0 3 2 2
6807.9 4449.0 -23.5 355 0 9.5 7.4 7.5 2.5 2 0 3 4 4
6729.7 4516.7 -23.7 1 0 8.2 10.2 5.0 2.5 2 1 2 2 2
6708.0 4541.4 -24.0 279 0 13.0 9.7 7.5 2.5 2 0 3 5 5
6717.6 4550.0 -24.8 92 0 7.6 5.6 5.0 2.5 2 0 2 5 5
6729.5 4576.6 -26.1 1 0 5.2 8.1 2.5 2.5 2 1 1 5 5
6724.7 4609.0 -27.3 2 0 7.3 6.8 5.0 2.5 2 0 2 2 2
6635.9 4516.3 -24.2 182 0 7.6 10.1 7.5 2.5 2 1 3 3 3
6726.8 4626.4 -28.1 0 0 8.1 7.3 7.5 0.0 0 0 3 3 3
6557.6 4546.8 -30.5 0 0 7.9 8.0 7.5 2.5 2 1 3 2 2
6538.3 4567.5 -31.6 273 0 5.7 7.6 2.5 2.5 2 1 1 3 3
6453.9 4623.4 -35.9 183 0 14.9 18.4 10.0 2.5 2 1 4 2 2
6635.5 4571.7 -26.1 90 0 11.7 11.9 7.5 2.5 2 1 3 1 1
6894.5 5487.6 -47.0 359 0 12.6 11.9 5.0 2.5 2 0 2 3 3
6845.5 5428.6 -37.6 174 0 11.7 9.8 5.0 2.5 2 0 2 2 2
6912.3 5560.6 -42.7 177 0 6.7 6.1 5.0 2.5 2 0 2 5 5
6895.0 5514.2 -46.2 359 0 7.6 10.8 5.0 2.5 2 1 2 4 4
6913.2 5677.1 -40.8 4 0 10.1 9.2 7.5 2.5 2 0 3 4 4
6519.8 4808.7 -41.8 94 0 9.2 7.6 5.0 2.5 2 0 2 3 3
6527.5 4862.6 -42.7 273 0 10.6 8.2 7.5 2.5 2 0 3 4 4
6489.5 4793.3 -42.0 89 0 8.8 6.6 2.5 2.5 2 0 1 0 0
6573.6 4863.5 -41.6 271 0 11.0 8.7 5.0 2.5 2 0 2 0 0
6554.9 4861.7 -42.2 272 0 13.0 9.8 5.0 2.5 4 0 2 4 4
6580.4 4731.5 -33.7 84 0 15.3 9.1 2.5 2.5 2 0 1 5 5
6669.4 4912.8 -42.2 189 0 10.0 12.5 2.5 2.5 2 1 1 2 2
6586.6 4882.9 -41.8 270 0 10.1 13.5 7.5 2.5 2 1 3 4 4
6686.4 4799.1 -34.7 273 0 6.6 10.0 2.5 2.5 2 1 1 5 5
6701.6 4904.5 -42.0 10 0 9.5 11.8 5.0 2.5 2 1 2 4 4
6663.0 4799.6 -34.4 270 0 11.1 8.3 7.5 2.5 2 0 3 4 4
6639.4 4766.4 -32.2 84 0 8.8 9.7 5.0 2.5 2 1 2 2 2
6648.8 4825.6 -35.9 266 0 9.7 9.4 7.5 2.5 2 0 3 2 2
6690.4 4772.1 -33.0 269 0 6.6 9.4 5.0 2.5 2 1 2 5 5
6637.6 4694.9 -28.5 179 0 8.8 15.2 5.0 2.5 2 1 2 0 0
6730.6 4769.6 -34.2 8 0 13.4 7.6 2.5 0.0 0 0 1 3 3
6742.1 4753.7 -33.3 359 0 8.4 8.0 5.0 2.5 2 0 2 0 0
6729.2 4696.7 -30.3 357 0 5.5 9.1 5.0 2.5 2 1 2 2 2
6732.5 4692.9 -30.2 270 0 6.2 8.7 2.5 0.0 0 1 1 2 2
6761.3 4676.2 -30.6 89 0 5.8 7.5 7.5 2.5 2 1 3 5 5
6701.6 4688.0 -29.6 89 0 13.3 8.6 7.5 0.0 0 0 3 2 2
6788.4 4806.3 -37.1 177 0 7.9 8.3 5.0 2.5 2 1 2 2 2
6860.6 4784.9 -38.0 92 0 12.5 17.0 7.5 2.5 2 1 3 2 2
6890.6 4665.1 -34.0 89 0 10.0 18.9 2.5 2.5 4 1 1 5 5
6911.1 4716.7 -36.9 181 0 9.8 11.2 5.0 0.0 0 1 2 5 5
6261.8 4723.3 -30.3 96 0 10.6 8.4 7.5 2.5 2 0 3 5 5
6229.0 4803.5 -35.7 279 0 16.8 12.1 5.0 2.5 2 0 2 2 2
6202.7 4827.9 -36.6 273 0 6.0 9.0 7.5 2.5 2 1 3 1 1
6141.8 4638.6 -26.9 178 0 17.4 10.3 7.5 2.5 2 0 3 1 1
6144.4 4690.9 -27.5 270 0 7.8 7.5 5.0 2.5 2 0 2 4 4
6176.6 4761.7 -30.1 91 0 15.2 19.1 12.5 2.5 2 1 5 1 1
6098.6 4571.8 -29.7 184 0 15.1 13.9 5.0 2.5 2 0 2 0 0
6190.7 4506.5 -23.3 4 0 11.6 13.5 5.0 2.5 2 1 2 4 4
6109.6 4487.3 -28.5 93 0 13.4 16.5 7.5 2.5 2 1 3 3 3
6180.0 4450.3 -22.7 178 0 12.8 13.6 7.5 2.5 2 1 3 5 5
6216.6 4366.2 -23.3 78 0 9.6 15.0 5.0 2.5 2 1 2 2 2
6258.8 4349.3 -25.8 92 0 13.6 16.8 10.0 2.5 2 1 4 5 5
6058.2 4303.9 -30.6 89 0 9.0 13.7 7.5 2.5 4 1 3 1 1
5910.9 3791.2 -34.8 91 0 15.3 14.3 7.5 2.5 2 0 3 5 5
5863.9 3538.7 -22.9 104 0 9.4 12.2 2.5 2.5 2 1 1 0 0
5808.1 3645.8 -38.9 199 0 6.2 8.6 5.0 2.5 2 1 2 5 5
5798.1 3386.3 -20.4 2 0 12.6 10.9 7.5 2.5 2 0 3 3 3
5642.7 3306.4 -21.9 180 0 14.6 20.1 10.0 2.5 4 1 4 2 2
5675.1 3403.0 -28.9 91 0 11.2 13.4 10.0 2.5 2 1 4 2 2
5645.8 3276.8 -20.1 179 0 15.3 10.4 7.5 2.5 2 0 3 3 3
5655.0 3233.6 -16.9 182 0 13.9 11.8 7.5 2.5 2 0 3 3 3
5662.7 3171.4 -14.4 5 0 10.3 13.9 5.0 0.0 0 1 2 3 3
5603.9 3216.7 -21.9 262 0 12.3 17.9 7.5 2.5 2 1 3 5 5
5671.1 3139.7 -11.5 18 0 15.7 9.9 7.5 2.5 2 0 3 0 0
5575.0 3058.7 -20.0 89 0 10.8 15.1 7.5 2.5 2 1 3 4 4
5585.6 3122.4 -18.9 182 0 13.6 9.6 7.5 2.5 2 0 3 5 5
5625.6 3084.6 -15.0 89 0 9.3 12.5 5.0 2.5 2 1 2 4 4
5182.2 2865.0 -10.0 85 0 15.4 15.6 5.0 2.5 2 1 2 1 1
5106.5 2917.5 -6.9 267 0 13.4 9.4 5.0 2.5 2 0 2 2 2
5030.8 2996.6 -9.4 102 0 16.2 17.6 10.0 0.0 0 1 4 5 5
5289.5 2811.4 -14.3 263 0 22.1 23.8 12.5 2.5 2 1 5 5 5
5148.4 2734.6 -4.1 270 0 13.2 20.1 10.0 2.5 2 1 4 1 1
5226.2 2746.4 -8.7 268 0 11.8 17.7 7.5 2.5 4 1 3 5 5
5212.7 2743.5 -7.7 268 0 6.9 14.7 5.0 2.5 2 1 2 4 4
5234.1 2612.1 -9.7 95 0 12.3 17.1 2.5 2.5 2 1 1 5 5
5606.9 2745.9 -18.3 96 0 10.7 12.2 7.5 2.5 2 1 3 3 3
5691.7 2721.2 -10.5 280 0 18.1 14.3 10.0 2.5 2 0 4 5 5
6000.4 6278.6 -34.1 2 0 11.2 7.2 10.5 3.5 2 0 3 2 2
6010.3 6277.6 -34.0 2 0 11.2 7.2 10.5 3.5 2 0 3 4 4
6033.4 6315.4 -31.7 92 0 7.2 11.2 10.5 3.5 2 1 3 2 2
6029.3 6305.1 -32.3 90 0 11.4 8.1 10.5 0.0 0 0 3 1 1
6003.9 6723.8 -20.2 268 0 7.4 13.3 10.5 3.5 2 1 3 5 5
6014.8 6724.7 -19.7 268 0 7.4 13.3 10.5 3.5 2 1 3 4 4
5958.1 6791.7 -26.8 183 0 7.9 8.2 10.5 3.5 4 1 3 1 1
5819.1 6717.2 -24.9 272 0 11.8 14.5 14.0 3.5 2 1 4 2 2
5836.5 6691.6 -24.6 2 0 14.5 11.8 14.0 3.5 2 0 4 0 0
5822.6 6409.8 -30.6 272 0 11.8 14.5 14.0 3.5 2 1 4 3 3
5721.8 6507.8 -35.2 272 0 11.8 14.5 14.0 3.5 4 1 4 1 1
5767.3 6352.9 -33.9 272 0 11.8 14.5 10.5 3.5 2 1 3 5 5
5740.2 6391.7 -32.2 268 0 12.5 10.7 14.0 3.5 2 0 4 2 2
5854.1 6347.6 -33.1 272 0 11.8 14.5 10.5 3.5 2 1 3 5 5
5882.3 6293.8 -34.5 92 0 11.8 14.5 10.5 3.5 2 1 3 4 4
5955.0 6360.6 -31.3 272 0 11.8 14.5 10.5 3.5 2 1 3 1 1
5969.0 6302.5 -33.8 272 0 11.8 14.5 14.0 3.5 2 1 4 5 5
5910.1 6279.0 -35.6 272 0 11.8 14.5 14.0 3.5 2 1 4 2 2
5959.0 6426.8 -28.2 272 0 11.8 14.5 14.0 3.5 2 1 4 5 5
5935.6 6505.7 -24.5 2 0 14.5 11.8 14.0 3.5 2 0 4 0 0
5854.1 6520.1 -25.1 272 0 11.8 14.5 14.0 3.5 2 1 4 1 1
5749.8 6352.9 -34.1 272 0 11.8 14.5 10.5 3.5 2 1 3 2 2
5800.7 6349.0 -33.7 271 0 18.3 14.0 10.5 3.5 2 0 3 1 1
-3656.1 5788.7 42.3 2 0 24.8 35.2 10.0 0.0 0 1 4 5 5
5480.6 -4863.7 -41.7 180 0 15.0 39.6 7.5 2.5 2 0 3 2 2
-4164.3 3718.6 1.6 275 0 16.3 29.9 10.0 0.0 0 1 4 3 3
-4525.3 3625.4 -3.4 270 0 8.8 9.1 5.0 2.5 2 0 2 2 2
-4490.0 3600.7 0.0 90 0 8.8 19.7 5.0 2.5 2 1 2 2 2
-4525.2 3575.9 -3.9 90 0 8.3 5.3 7.5 2.5 2 0 3 2 2
-4525.3 3631.1 -3.3 270 0 8.8 5.7 5.0 2.5 2 0 2 4 4
-4231.7 3481.6 3.2 94 0 7.4 7.2 2.5 2.5 2 0 1 2 2
-4285.7 3481.6 5.5 183 0 8.8 25.8 2.5 2.5 2 1 1 3 3
-4274.8 3531.6 6.3 179 0 8.4 29.2 7.5 2.5 2 1 3 0 0
6126.2 -4714.6 -49.1 91 0 15.1 23.8 10.0 2.5 2 1 4 3 3
5663.7 6545.5 -39.1 348 0 7.6 4.8 10.5 3.5 2 0 3 0 0
5677.5 6528.9 -39.0 357 0 12.7 6.5 10.5 3.5 2 0 3 5 5
5671.3 6568.7 -37.9 1 0 7.9 6.3 10.5 3.5 2 0 3 4 4
5645.1 6549.2 -39.8 181 0 8.7 10.2 10.5 3.5 2 1 3 4 4
5643.2 6559.7 -39.5 183 0 7.5 12.4 10.5 3.5 2 1 3 4 4
5651.0 6608.0 -37.3 177 0 14.4 10.6 14.0 3.5 2 0 4 0 0
5614.3 6807.7 -38.8 178 0 8.8 3.8 2.5 2.5 2 0 1 3 3
5629.7 6810.7 -38.9 358 0 7.2 10.2 7.5 2.5 2 1 3 1 1
5624.1 6834.1 -41.5 88 0 18.2 14.7 10.0 0.0 0 0 4 4 4
6025.3 6791.1 -23.5 1 0 7.6 9.2 10.5 3.5 2 1 3 0 0
5924.9 6430.1 -27.7 88 0 8.7 5.7 10.5 3.5 2 0 3 5 5
5961.5 6436.9 -26.9 90 0 6.1 6.9 10.5 3.5 2 1 3 3 3
5966.4 6367.5 -30.3 53 0 12.0 11.0 14.0 3.5 2 0 4 4 4
5996.2 6390.9 -28.8 4 0 5.2 8.6 10.5 3.5 2 1 3 2 2
6019.4 6423.3 -27.4 290 0 13.4 10.0 14.0 3.5 2 0 4 3 3
5987.3 6408.0 -28.3 271 0 7.9 6.9 10.5 3.5 4 0 3 0 0
5977.6 6374.0 -29.7 90 0 9.2 8.1 10.5 3.5 2 0 3 1 1
5996.7 6379.6 -29.4 359 0 7.6 9.9 10.5 3.5 2 1 3 1 1
6048.5 6393.7 -28.4 89 0 6.1 9.5 10.5 0.0 0 1 3 1 1
6034.4 6398.4 -28.0 100 0 6.5 8.9 10.5 3.5 4 1 3 2 2
6019.2 6389.5 -28.6 1 0 5.0 7.5 10.5 3.5 4 1 3 3 3
6026.9 6359.4 -29.9 177 0 8.1 4.1 10.5 3.5 2 0 3 4 4
6020.0 6269.0 -34.2 0 0 4.7 6.7 10.5 3.5 2 1 3 3 3
6051.6 6248.4 -34.8 0 0 6.0 9.6 10.5 3.5 2 1 3 1 1
6033.6 6235.2 -35.7 182 0 12.8 7.7 10.5 3.5 4 0 3 2 2
6015.2 6254.9 -35.0 359 0 10.3 8.2 10.5 3.5 2 0 3 5 5
5996.1 6306.6 -32.9 268 0 11.2 6.5 10.5 3.5 2 0 3 1 1
5967.2 6267.8 -34.8 180 0 5.6 10.9 10.5 3.5 2 1 3 0 0
5977.8 6224.0 -36.6 89 0 11.7 8.7 10.5 3.5 2 0 3 3 3
5905.9 6222.3 -37.6 87 0 7.6 5.0 10.5 3.5 4 0 3 2 2
5878.0 6225.5 -37.7 92 0 9.3 10.4 10.5 0.0 0 1 3 5 5
5852.4 6247.6 -37.2 178 0 10.9 10.4 14.0 3.5 2 0 4 1 1
5938.9 6420.4 -28.5 271 0 12.4 11.1 14.0 3.5 2 0 4 2 2
5930.4 6352.3 -31.8 269 0 12.2 11.6 10.5 3.5 2 0 3 5 5
5817.7 6367.6 -31.9 87 0 9.2 11.7 10.5 3.5 2 1 3 0 0
5824.2 6351.9 -32.9 299 0 7.0 9.1 10.5 3.5 2 1 3 0 0
5828.6 6281.1 -35.8 93 0 9.5 7.9 10.5 3.5 2 0 3 3 3
5713.4 6618.1 -33.4 176 0 6.8 5.3 10.5 3.5 2 0 3 2 2
5757.1 6548.7 -33.5 87 0 12.8 7.6 10.5 3.5 2 0 3 1 1
5865.4 6815.0 -33.3 270 0 6.1 7.3 10.5 3.5 2 1 3 1 1
5696.2 6745.9 -30.3 88 0 11.9 9.4 10.5 3.5 2 0 3 4 4
5756.3 6637.9 -31.0 359 0 12.3 11.5 14.0 3.5 2 0 4 1 1
5757.0 6731.0 -27.9 88 0 12.2 10.9 10.5 3.5 2 0 3 3 3
5776.2 6709.0 -26.9 268 0 9.5 8.9 10.5 3.5 2 0 3 0 0
5941.9 6682.3 -20.9 1 0 11.6 11.8 14.0 3.5 2 1 4 1 1
5919.9 6657.3 -20.6 179 0 12.6 9.9 10.5 3.5 2 0 3 4 4
5891.6 6709.9 -23.5 269 0 6.4 11.9 10.5 3.5 2 1 3 3 3
5871.5 6682.7 -22.2 180 0 10.0 7.3 10.5 3.5 2 0 3 5 5
5950.0 6545.7 -22.5 269 0 9.5 10.0 10.5 3.5 2 1 3 3 3
5808.5 6430.9 -29.1 92 0 11.2 9.2 10.5 0.0 0 0 3 3 3
5842.2 6487.5 -26.5 268 0 3.5 9.7 10.5 3.5 2 1 3 3 3
5779.4 6486.8 -30.0 270 0 7.3 10.3 10.5 3.5 2 1 3 3 3
5670.7 6509.3 -39.2 266 0 11.1 10.9 14.0 3.5 2 0 4 3 3
5632.4 6289.4 -37.8 182 0 7.4 4.9 10.5 3.5 2 0 3 0 0
5768.5 6411.9 -30.4 89 0 8.6 7.6 10.5 3.5 2 0 3 0 0
5735.8 6368.5 -32.8 89 0 12.7 9.1 10.5 3.5 4 0 3 4 4
5687.3 6384.9 -35.0 179 0 13.6 9.2 10.5 3.5 2 0 3 1 1
5680.7 6272.4 -38.0 87 0 11.6 16.6 10.5 0.0 0 1 3 5 5
5676.7 6327.8 -36.3 289 0 11.3 18.5 10.5 3.5 2 1 3 2 2
5688.3 6195.5 -40.2 358 0 9.7 9.9 10.5 3.5 2 1 3 0 0
5871.7 5701.2 -39.8 157 0 6.2 14.0 10.5 3.5 2 1 3 2 2
6026.4 5795.9 -37.7 89 0 7.0 12.2 7.5 0.0 0 1 3 4 4
6405.7 4284.2 -19.7 218 0 4.8 13.6 2.5 2.5 2 1 1 1 1
6714.9 4603.3 -26.7 358 0 8.1 7.4 5.0 2.5 2 0 2 0 0
6674.8 4605.0 -25.4 267 0 6.1 5.5 5.0 2.5 2 0 2 5 5
6352.8 4637.4 -34.3 353 0 6.2 6.8 7.5 2.5 2 1 3 0 0
6286.5 4545.0 -30.1 184 0 9.6 14.0 7.5 2.5 2 1 3 5 5
6373.8 4588.3 -35.0 270 0 9.8 7.5 5.0 2.5 2 0 2 5 5
6319.3 4553.2 -32.0 180 0 7.8 11.7 5.0 2.5 2 1 2 1 1
6375.9 4544.4 -33.0 268 0 7.7 7.5 7.5 2.5 2 0 3 1 1
6366.3 4561.0 -33.7 271 0 16.5 8.9 7.5 2.5 2 0 3 5 5
6322.5 4508.7 -31.4 94 0 10.4 10.6 5.0 2.5 2 1 2 2 2
6336.0 4505.4 -32.0 89 0 8.3 10.1 5.0 2.5 4 1 2 2 2
6414.6 4439.0 -27.4 181 0 9.1 12.9 5.0 2.5 2 1 2 1 1
6408.1 4426.8 -26.8 178 0 7.9 6.1 7.5 2.5 2 0 3 0 0
6279.2 4375.1 -26.1 268 0 7.9 17.6 2.5 2.5 2 1 1 3 3
6325.9 4341.8 -24.5 88 0 7.9 14.2 5.0 2.5 2 1 2 4 4
6335.1 4339.4 -23.9 91 0 5.2 7.8 7.5 2.5 2 1 3 4 4
6326.4 4296.3 -21.7 281 0 19.0 21.8 10.0 2.5 2 1 4 2 2
6324.6 4234.8 -19.0 87 0 9.0 10.1 2.5 2.5 2 1 1 1 1
6358.8 4286.2 -20.5 270 0 7.3 6.2 2.5 2.5 2 0 1 0 0
6406.4 4253.8 -18.7 357 0 15.6 12.4 7.5 2.5 2 0 3 0 0
6419.8 4247.3 -18.0 167 0 13.4 16.1 7.5 2.5 2 1 3 2 2
6412.7 4270.2 -19.4 37 0 5.4 9.7 7.5 2.5 4 1 3 2 2
6402.8 4280.8 -20.1 0 0 13.2 14.3 7.5 2.5 2 1 3 3 3
6421.0 4290.1 -20.3 92 0 6.1 11.7 2.5 0.0 0 1 1 5 5
6445.3 4286.9 -20.3 85 0 8.3 22.2 5.0 2.5 4 1 2 4 4
6429.9 4340.3 -22.4 166 0 13.6 16.8 5.0 2.5 2 1 2 4 4
6385.5 4471.4 -29.4 178 0 7.9 13.7 7.5 2.5 2 1 3 4 4
6407.0 4500.8 -30.7 105 0 8.6 7.5 7.5 2.5 2 0 3 2 2
6541.7 4486.4 -27.9 359 0 8.1 12.0 2.5 2.5 2 1 1 3 3
6462.7 4439.7 -26.6 178 0 8.7 14.1 5.0 2.5 2 1 2 5 5
6504.6 4426.2 -25.2 270 0 10.0 11.0 5.0 0.0 0 1 2 1 1
6509.7 4385.4 -23.6 91 0 14.0 9.7 7.5 2.5 2 0 3 2 2
6490.3 4267.4 -17.7 267 0 18.4 15.0 10.0 2.5 2 0 4 3 3
6602.0 4303.7 -17.7 268 0 10.5 24.4 10.0 2.5 2 1 4 2 2
6624.9 4230.7 -14.7 90 0 19.5 18.5 10.0 2.5 2 0 4 1 1
6642.1 4230.5 -14.4 88 0 11.4 18.8 5.0 2.5 2 1 2 1 1
6618.2 4308.4 -17.7 271 0 9.4 4.8 5.0 2.5 4 0 2 3 3
6560.7 4292.1 -17.7 261 0 12.7 8.2 5.0 2.5 2 0 2 0 0
6638.6 4318.1 -18.7 91 0 6.9 17.2 5.0 2.5 2 1 2 1 1
6589.4 4472.0 -26.5 0 0 9.7 12.5 5.0 2.5 2 1 2 1 1
6605.6 4364.7 -21.2 83 0 11.2 11.2 5.0 2.5 2 1 2 5 5
6606.0 4385.9 -21.9 95 0 10.5 4.4 7.5 2.5 2 0 3 1 1
6598.0 4456.6 -25.3 268 0 13.4 7.1 7.5 2.5 2 0 3 1 1
6665.2 4480.2 -21.5 177 0 10.0 6.3 5.0 2.5 2 0 2 5 5
6705.4 4448.7 -20.1 358 0 9.5 10.5 2.5 2.5 2 1 1 0 0
6745.9 4402.7 -19.6 267 0 10.2 6.0 2.5 2.5 2 0 1 4 4
6749.7 4469.4 -22.7 180 0 9.1 8.3 2.5 2.5 2 0 1 4 4
6773.6 4413.6 -20.9 0 0 7.0 8.3 5.0 0.0 0 1 2 1 1
6716.8 4384.0 -17.7 267 0 6.1 6.0 7.5 2.5 2 0 3 0 0
6731.4 4316.3 -16.0 106 0 10.1 11.2 2.5 2.5 4 1 1 2 2
6693.7 4304.4 -15.6 90 0 7.6 7.3 7.5 2.5 2 0 3 5 5
6715.4 4305.2 -15.0 91 0 12.1 10.1 5.0 2.5 2 0 2 5 5
6710.5 4273.2 -13.6 271 0 7.7 5.0 2.5 2.5 2 0 1 0 0
6742.0 4258.2 -13.4 271 0 6.6 5.4 5.0 2.5 2 0 2 3 3
6729.5 4273.7 -13.6 281 0 6.6 17.5 2.5 0.0 0 1 1 5 5
6741.1 4339.0 -17.2 92 0 7.3 10.4 7.5 2.5 2 1 3 2 2
6756.8 4282.9 -15.4 94 0 16.6 8.3 7.5 2.5 2 0 3 4 4
6796.2 4275.0 -16.8 89 0 12.4 12.5 5.0 2.5 2 1 2 4 4
6820.5 4272.0 -18.1 89 0 7.0 4.7 7.5 2.5 2 0 3 0 0
6821.9 4306.5 -18.9 87 0 7.7 11.0 7.5 2.5 2 1 3 4 4
6851.9 4271.7 -20.9 89 0 7.6 8.5 7.5 2.5 2 1 3 0 0
6876.9 4320.1 -23.8 359 0 6.4 8.2 2.5 2.5 2 1 1 5 5
6881.9 4336.3 -24.4 358 0 4.1 7.7 2.5 2.5 2 1 1 0 0
6852.1 4387.3 -22.5 262 0 9.8 10.4 2.5 2.5 4 1 1 5 5
6869.4 4373.0 -23.3 266 0 11.2 17.9 2.5 2.5 2 1 1 0 0
6891.5 4346.4 -25.9 1 0 13.9 15.3 5.0 2.5 2 1 2 0 0
6877.4 4251.5 -26.2 155 0 8.1 6.5 7.5 2.5 2 0 3 5 5
-3942.1 -5483.1 -2.6 0 0 10.7 23.1 12.5 2.5 2 1 5 0 0
