4041.3 937.0 -39.8 301 0 19.8 29.7 10.0 2.5 2 1 4 1 1
-697.2 5537.7 -10.5 319 0 27.1 15.7 7.5 2.5 2 0 3 1 1
-579.1 5408.0 -7.2 2 0 35.5 32.1 10.0 0.0 0 0 4 0 0
-286.8 5026.1 -3.3 75 0 39.0 24.4 7.5 0.0 0 0 3 2 2
2570.3 1982.1 -16.2 83 0 89.7 40.8 7.5 0.0 0 0 3 0 0
2669.8 1993.8 -17.6 83 0 85.7 39.7 10.0 0.0 0 0 4 4 4
1427.5 1222.6 -35.5 269 0 33.8 23.5 7.5 0.0 0 0 3 4 4
1661.7 1747.2 -30.2 355 0 36.2 33.1 12.5 0.0 0 0 5 1 1
-3856.8 2740.4 20.7 96 0 34.0 17.2 10.0 2.5 2 0 4 4 4
-54.8 -1586.0 -40.7 45 0 47.8 17.3 7.5 2.5 2 0 3 1 1
1672.6 508.1 -49.4 2 0 20.2 13.1 5.0 2.5 4 0 2 0 0
1668.4 545.3 -49.2 272 0 12.8 20.2 5.0 2.5 2 1 2 0 0
1704.2 496.4 -49.3 184 0 11.1 13.1 5.0 2.5 2 1 2 5 5
1706.3 523.1 -49.0 184 0 11.1 13.1 5.0 2.5 2 1 2 5 5
1730.2 516.5 -49.0 184 0 20.2 13.1 5.0 2.5 2 0 2 0 0
1729.6 491.7 -49.2 184 0 20.2 13.1 5.0 2.5 2 0 2 1 1
1699.9 498.2 -49.3 4 0 20.2 13.1 5.0 2.5 2 0 2 0 0
1702.8 524.3 -49.1 4 0 20.2 13.1 5.0 2.5 2 0 2 0 0
1643.0 510.1 -49.6 184 0 20.2 13.1 5.0 2.5 4 0 2 2 2
1642.7 536.2 -49.4 184 0 20.2 13.1 5.0 2.5 2 0 2 0 0
-4267.5 5970.3 13.5 179 0 72.2 67.0 10.0 0.0 0 0 4 4 4
-6905.4 6747.9 64.9 175 0 46.1 49.0 7.5 0.0 0 1 3 1 1
1639.7 -5216.4 -74.6 358 0 31.3 21.1 7.5 0.0 0 0 3 2 2
1629.5 -3970.0 -68.4 270 0 16.0 8.9 7.5 2.5 2 0 3 5 5
736.9 -2370.4 -60.1 68 0 71.5 77.7 12.5 0.0 0 1 5 3 3
-779.4 -246.0 -42.7 158 0 43.4 72.4 12.5 0.0 0 1 5 1 1
-1637.6 1753.0 -10.7 254 0 86.4 85.0 12.5 0.0 0 0 5 4 4
-4776.9 5228.0 24.1 63 0 48.4 55.6 12.5 0.0 0 1 5 1 1
-4927.9 5431.2 30.8 67 0 156.9 70.8 10.0 0.0 0 0 4 5 5
-6000.6 6836.1 48.7 174 0 105.9 52.7 12.5 0.0 0 0 5 4 4
-5661.5 2727.5 25.6 358 0 151.1 285.1 10.0 0.0 0 1 4 4 4
