-942.2 2802.1 -41.5 342 0 14.7 17.3 10.5 3.5 2 1 3 4 4
-1962.4 617.2 -35.6 116 0 10.9 24.7 14.0 3.5 2 1 4 2 2
-1941.4 750.6 -34.2 224 0 32.6 12.2 14.0 3.5 2 0 4 2 2
-1929.5 714.8 -32.9 282 0 13.1 33.5 14.0 3.5 2 1 4 1 1
-1855.9 773.7 -46.9 169 0 34.4 12.2 14.0 3.5 2 0 4 5 5
-1961.3 96.6 -69.2 289 0 10.3 21.5 14.0 3.5 2 1 4 5 5
-1901.3 732.5 -36.6 334 0 13.2 10.5 14.0 3.5 2 0 4 5 5
-997.4 2396.6 -13.5 98 0 8.6 75.8 7.5 2.5 4 1 3 5 5
-2048.6 614.5 -46.7 219 0 24.5 13.1 14.0 3.5 2 0 4 1 1
-1883.0 769.9 -40.2 6 0 24.8 11.9 14.0 3.5 2 0 4 2 2
-982.8 2508.3 -13.2 277 0 9.3 31.2 7.5 0.0 0 1 3 4 4
-2008.2 588.5 -46.1 30 0 14.2 25.5 14.0 3.5 4 1 4 1 1
-1920.3 68.4 -68.3 285 0 18.0 14.2 14.0 3.5 2 0 4 0 0
-1988.4 90.1 -69.0 202 0 6.5 10.0 10.5 3.5 2 1 3 1 1
-1150.9 2675.6 -24.6 121 0 7.8 6.9 10.5 3.5 2 0 3 1 1
-1032.2 2812.3 -35.9 63 0 6.9 8.6 10.5 3.5 4 1 3 1 1
-1033.4 2772.8 -34.9 219 0 23.2 11.7 14.0 3.5 2 0 4 3 3
-1984.8 671.3 -33.6 204 0 34.7 10.8 14.0 3.5 2 0 4 0 0
-967.1 2471.4 -10.7 6 0 29.4 9.6 7.5 2.5 4 0 3 2 2
-2009.0 610.0 -41.5 117 0 11.3 28.2 14.0 3.5 2 1 4 4 4
-1966.8 655.6 -31.3 112 0 12.1 25.9 14.0 3.5 2 1 4 4 4
-1709.0 -107.4 -60.4 10 0 30.9 13.1 14.0 3.5 2 0 4 2 2
-2018.4 641.6 -39.9 205 0 25.8 13.4 14.0 3.5 2 0 4 3 3
-2035.9 654.5 -39.9 217 0 24.8 11.9 14.0 3.5 2 0 4 4 4
-1966.6 443.2 -44.3 264 0 17.6 12.5 10.0 2.5 2 0 4 1 1
-1948.6 647.6 -30.4 113 0 11.4 24.9 14.0 0.0 0 1 4 4 4
-1703.4 -110.5 -60.7 189 0 26.9 11.9 14.0 3.5 2 0 4 0 0
-1967.2 725.6 -28.7 284 0 11.3 33.7 14.0 3.5 2 1 4 0 0
-2050.5 567.7 -48.0 112 0 16.8 11.7 14.0 3.5 2 0 4 2 2
-1855.8 35.3 -66.4 105 0 10.0 30.2 14.0 3.5 2 1 4 3 3
-1980.0 625.5 -36.2 113 0 11.7 24.3 14.0 3.5 4 1 4 5 5
-1872.6 726.9 -43.1 168 0 13.8 10.4 14.0 3.5 2 0 4 5 5
-1950.5 721.0 -30.1 284 0 11.7 34.2 14.0 3.5 2 1 4 3 3
-1848.5 747.9 -47.4 260 0 12.5 24.3 14.0 0.0 0 1 4 4 4
-1875.1 84.0 -68.0 285 0 16.6 17.6 14.0 3.5 4 1 4 3 3
-1889.8 655.7 -38.2 339 0 12.1 14.4 14.0 3.5 4 1 4 3 3
-1010.0 2902.4 -40.5 319 0 15.2 12.1 10.5 3.5 2 0 3 4 4
-1968.5 423.1 -43.5 193 0 10.9 13.9 5.0 2.5 2 1 2 0 0
-1293.5 1876.0 -55.6 173 0 8.3 4.7 10.5 3.5 2 0 3 1 1
-753.1 868.7 -23.4 156 0 12.9 16.1 14.0 3.5 2 1 4 2 2
-526.7 978.3 -45.5 167 0 18.1 9.5 7.5 2.5 2 0 3 5 5
-508.3 945.6 -43.2 61 0 9.8 22.8 5.0 2.5 2 1 2 0 0
-415.6 863.4 -27.9 149 0 10.3 22.3 14.0 3.5 2 1 4 3 3
-616.0 838.7 -28.5 275 0 29.6 8.8 10.5 3.5 2 0 3 3 3
-556.9 1015.1 -49.7 178 0 10.0 43.7 7.5 2.5 2 1 3 5 5
-1665.1 120.6 -66.7 243 0 24.7 13.0 10.5 3.5 2 0 3 4 4
-1701.4 184.6 -63.2 145 0 29.7 9.9 10.5 3.5 2 0 3 2 2
-1682.1 157.0 -65.4 144 0 30.8 11.6 10.5 0.0 0 0 3 1 1
-1717.2 304.0 -57.5 207 0 25.7 12.7 10.5 3.5 2 0 3 4 4
-1699.2 341.0 -54.9 212 0 26.3 13.1 10.5 3.5 2 0 3 5 5
6458.2 -1405.5 35.3 148 0 18.9 18.4 10.0 2.5 2 0 4 4 4
6466.2 -1440.0 34.8 167 0 22.7 14.5 10.0 2.5 2 0 4 1 1
6506.8 -1477.9 34.3 77 0 12.0 24.4 10.0 2.5 2 1 4 1 1
6434.2 -1379.1 33.5 167 0 26.4 13.5 10.0 2.5 2 0 4 3 3
6471.5 -1341.2 34.5 257 0 10.2 27.1 10.0 2.5 2 1 4 4 4
6497.9 -1279.3 31.5 221 0 22.5 8.1 5.0 2.5 2 0 2 0 0
6487.2 -1389.3 33.7 346 0 28.1 10.1 10.0 2.5 2 0 4 0 0
6492.3 -1480.1 36.2 79 0 9.2 24.0 2.5 2.5 2 1 1 4 4
6451.0 -1347.7 36.1 257 0 10.6 26.3 10.0 2.5 2 1 4 1 1
6495.6 -1430.3 34.2 346 0 33.6 10.5 12.5 2.5 2 0 5 2 2
6494.5 -1353.2 34.1 345 0 25.9 9.7 7.5 2.5 4 0 3 1 1
-207.2 672.5 -61.5 117 0 24.9 10.2 14.0 3.5 2 0 4 1 1
-263.9 710.9 -56.7 126 0 17.6 13.4 14.0 3.5 2 0 4 2 2
-84.4 748.3 -67.2 256 0 10.9 29.5 14.0 0.0 0 1 4 5 5
-126.0 664.4 -65.5 1 0 11.6 33.3 14.0 3.5 2 1 4 1 1
-211.9 749.8 -59.1 299 0 33.6 11.3 14.0 3.5 2 0 4 2 2
-456.4 736.0 -44.6 215 0 11.2 33.7 10.5 3.5 4 1 3 4 4
-240.0 722.7 -60.0 208 0 12.1 41.5 14.0 3.5 2 1 4 2 2
-313.3 748.6 -52.4 303 0 22.7 10.8 10.5 0.0 0 0 3 0 0
-495.5 674.2 -44.3 123 0 15.7 7.4 10.5 3.5 2 0 3 2 2
-371.0 756.9 -50.1 222 0 12.1 32.6 10.5 3.5 2 1 3 1 1
-458.8 689.3 -46.8 129 0 20.9 11.4 10.5 3.5 2 0 3 5 5
-481.0 664.2 -47.3 128 0 14.1 6.2 10.5 3.5 2 0 3 4 4
-402.7 693.3 -50.2 45 0 11.7 32.0 10.5 0.0 0 1 3 2 2
-489.8 683.1 -43.6 121 0 15.4 7.1 10.5 3.5 2 0 3 1 1
-507.3 695.4 -39.8 118 0 16.2 12.4 10.5 3.5 2 0 3 5 5
-409.9 659.3 -50.3 34 0 26.6 10.8 10.5 3.5 2 0 3 2 2
-143.1 728.4 -64.0 280 0 25.2 11.9 14.0 3.5 4 0 4 4 4
-544.0 707.8 -33.4 113 0 11.9 32.6 10.5 3.5 2 1 3 4 4
-500.5 658.4 -47.7 123 0 34.5 11.9 10.5 3.5 2 0 3 0 0
-181.7 731.5 -61.8 282 0 34.5 11.6 14.0 3.5 2 0 4 4 4
-147.1 673.9 -64.9 91 0 23.6 11.2 14.0 3.5 2 0 4 5 5
-174.8 665.4 -63.0 82 0 11.7 25.5 14.0 0.0 0 1 4 1 1
-525.6 704.8 -36.3 117 0 15.6 11.5 10.5 3.5 2 0 3 4 4
-443.4 654.5 -51.1 127 0 9.5 18.7 10.5 3.5 2 1 3 4 4
-285.5 747.3 -53.7 119 0 26.0 11.0 14.0 0.0 0 0 4 1 1
-107.1 677.1 -65.6 90 0 29.2 11.6 14.0 3.5 2 0 4 1 1
-269.8 771.9 -52.6 300 0 24.5 11.9 14.0 3.5 2 0 4 5 5
-112.1 718.3 -65.8 275 0 29.4 12.4 14.0 3.5 2 0 4 4 4
-545.9 683.2 -38.1 99 0 32.3 10.3 10.5 3.5 2 0 3 5 5
-59.0 759.3 -71.4 260 0 34.9 11.4 14.0 3.5 2 0 4 4 4
-43.5 725.1 -71.1 5 0 35.3 12.1 14.0 3.5 2 0 4 2 2
-463.3 656.5 -50.2 130 0 10.9 29.3 10.5 3.5 2 1 3 4 4
-257.8 725.0 -57.0 124 0 24.7 11.1 14.0 3.5 4 0 4 0 0
-328.8 780.1 -49.9 215 0 11.7 32.4 14.0 3.5 2 1 4 0 0
-530.5 761.6 -29.3 276 0 10.8 20.9 10.5 0.0 0 1 3 0 0
-4229.9 48.2 10.1 191 0 9.8 21.2 5.0 2.5 2 1 2 0 0
-4188.1 67.9 16.1 330 0 13.4 12.0 2.5 2.5 2 0 1 5 5
5433.7 -2036.5 47.3 74 0 10.8 25.3 17.5 0.0 0 1 7 4 4
5081.6 -1776.3 60.6 172 0 10.3 25.6 10.0 2.5 2 1 4 2 2
5189.0 -1921.8 54.5 136 0 10.9 9.6 5.0 2.5 2 0 2 5 5
-4208.7 101.9 16.4 332 0 11.9 9.5 7.5 2.5 2 0 3 1 1
-464.9 527.8 -54.8 346 0 5.8 31.5 10.5 3.5 2 1 3 4 4
-680.2 596.0 -47.5 251 0 10.0 20.1 14.0 3.5 2 1 4 3 3
-403.6 590.2 -48.0 302 0 33.3 11.6 14.0 3.5 2 0 4 4 4
-539.1 621.6 -50.7 266 0 11.1 28.4 14.0 3.5 2 1 4 5 5
-452.2 606.1 -51.1 306 0 14.2 12.3 14.0 0.0 0 0 4 0 0
-681.9 544.2 -51.7 80 0 29.5 10.0 14.0 3.5 2 0 4 3 3
-563.8 605.3 -48.6 166 0 28.9 10.8 14.0 3.5 2 0 4 5 5
-588.9 631.6 -44.1 203 0 10.7 21.5 14.0 0.0 0 1 4 4 4
-649.6 593.9 -47.5 335 0 19.8 10.8 14.0 3.5 2 0 4 2 2
-648.0 552.3 -51.9 90 0 12.6 24.7 14.0 3.5 2 1 4 5 5
-586.4 712.8 -31.9 139 0 33.2 11.1 10.5 3.5 2 0 3 2 2
-459.4 625.9 -52.1 306 0 10.2 15.6 14.0 3.5 2 1 4 3 3
-539.9 469.3 -53.9 296 0 29.2 12.1 14.0 3.5 2 0 4 1 1
-585.8 477.8 -49.9 249 0 14.7 12.0 14.0 3.5 4 0 4 5 5
-633.5 610.8 -45.8 333 0 24.1 11.2 14.0 3.5 2 0 4 3 3
-509.2 452.4 -56.2 299 0 32.5 11.7 14.0 3.5 2 0 4 2 2
-536.5 521.7 -56.4 95 0 17.9 11.7 14.0 3.5 2 0 4 3 3
-622.8 592.8 -50.4 267 0 11.3 25.0 14.0 3.5 2 1 4 0 0
-704.1 587.6 -45.7 163 0 9.5 14.7 10.5 3.5 2 1 3 5 5
-594.3 517.2 -53.1 172 0 20.3 8.3 10.5 3.5 2 0 3 0 0
-699.8 573.3 -47.9 164 0 9.7 15.7 10.5 3.5 2 1 3 1 1
-899.0 -2063.1 -47.7 72 0 12.5 28.8 12.5 2.5 2 1 5 3 3
-867.8 -2076.4 -52.9 211 0 27.3 9.8 7.5 2.5 2 0 3 3 3
-958.9 -2095.5 -49.2 85 0 26.2 13.0 10.0 2.5 2 0 4 3 3
-932.0 -2105.5 -50.3 88 0 12.7 26.3 10.0 2.5 2 1 4 3 3
-924.2 -2067.9 -47.3 74 0 12.1 24.9 10.0 2.5 2 1 4 1 1
-954.9 -2045.6 -48.9 267 0 13.1 25.2 12.5 2.5 2 1 5 2 2
-990.3 -2100.1 -47.2 177 0 27.5 12.7 7.5 0.0 0 0 3 4 4
-958.1 -2111.9 -49.5 85 0 26.7 13.8 12.5 2.5 2 0 5 1 1
-855.5 -2002.3 -48.1 15 0 26.9 7.5 5.0 2.5 2 0 2 2 2
-908.5 -2086.0 -51.0 357 0 17.4 11.8 7.5 2.5 2 0 3 5 5
-991.2 -2062.4 -50.6 177 0 27.6 13.8 10.0 2.5 2 0 4 2 2
-882.3 -2041.0 -48.9 61 0 9.8 36.8 7.5 0.0 0 1 3 5 5
-1286.7 5843.1 83.5 147 0 28.0 10.6 10.0 2.5 2 0 4 2 2
-1237.7 5908.1 98.4 221 0 11.2 26.8 10.0 2.5 2 1 4 3 3
-1211.3 5927.3 105.5 248 0 9.9 28.4 7.5 2.5 2 1 3 1 1
-1266.2 5879.3 90.4 212 0 9.6 26.3 7.5 0.0 0 1 3 2 2
-1180.7 5904.3 109.9 68 0 10.1 30.6 15.0 0.0 0 1 6 4 4
1435.1 3232.2 -15.5 43 0 31.7 9.9 7.5 0.0 0 0 3 4 4
1887.9 4442.3 98.3 62 0 8.6 29.1 7.5 0.0 0 1 3 0 0
1446.9 3363.4 -14.5 252 0 16.2 20.0 12.5 2.5 2 1 5 2 2
127.2 -1476.5 -38.0 181 0 14.2 17.0 12.5 2.5 2 1 5 1 1
106.7 -1577.6 -50.3 169 0 11.0 38.2 15.0 0.0 0 1 6 3 3
1566.0 4679.2 146.4 293 0 9.0 33.9 7.5 2.5 2 1 3 0 0
1507.8 1636.1 -53.0 268 0 29.2 12.0 10.0 2.5 2 0 4 2 2
237.3 -1458.6 -42.5 280 0 15.4 13.1 5.0 2.5 2 0 2 3 3
1563.3 4610.4 139.0 104 0 9.5 27.2 7.5 2.5 2 1 3 1 1
213.0 -1549.3 -49.0 75 0 8.8 14.8 5.0 2.5 2 1 2 1 1
177.9 -1575.1 -51.8 88 0 25.8 12.2 12.5 2.5 2 0 5 0 0
292.7 -1458.3 -46.8 263 0 19.4 12.9 5.0 2.5 2 0 2 0 0
178.8 -1491.8 -41.4 255 0 9.7 14.6 5.0 2.5 2 1 2 2 2
1526.5 1601.7 -48.6 354 0 10.5 29.5 10.0 0.0 0 1 4 3 3
242.1 -1553.9 -50.8 77 0 10.9 25.0 10.0 2.5 2 1 4 4 4
1483.9 4623.3 159.2 194 0 46.0 9.3 7.5 2.5 2 0 3 3 3
349.2 -1464.8 -50.6 353 0 13.1 16.0 2.5 2.5 2 1 1 1 1
285.7 -1490.6 -46.7 353 0 9.9 29.7 7.5 2.5 2 1 3 1 1
1494.3 4674.3 168.4 196 0 37.0 10.0 7.5 2.5 2 0 3 2 2
1547.1 4694.9 154.1 294 0 9.4 32.6 7.5 2.5 4 1 3 4 4
218.6 -1571.5 -52.5 76 0 25.0 12.5 10.0 2.5 2 0 4 5 5
261.8 -1458.0 -44.5 263 0 16.4 13.3 2.5 2.5 2 0 1 2 2
1488.0 1601.6 -53.6 81 0 10.2 33.9 15.0 0.0 0 1 6 1 1
1526.5 1615.7 -50.6 354 0 12.1 30.5 7.5 2.5 2 1 3 1 1
211.8 -1529.6 -46.5 347 0 7.2 10.0 5.0 2.5 2 1 2 3 3
1536.7 4610.0 145.1 113 0 9.4 36.7 7.5 0.0 0 1 3 4 4
317.3 -1457.9 -48.6 262 0 19.6 13.4 17.5 0.0 0 0 7 3 3
296.7 -1506.5 -48.3 352 0 11.0 39.0 12.5 2.5 2 1 5 3 3
289.9 -1531.9 -50.1 359 0 11.1 26.1 10.0 2.5 2 1 4 2 2
1509.3 4610.1 152.2 108 0 9.6 33.3 7.5 0.0 0 1 3 3 3
1582.0 4597.0 132.9 114 0 10.1 31.7 12.5 2.5 2 1 5 0 0
234.2 -1522.1 -45.7 77 0 12.6 17.7 5.0 2.5 4 1 2 0 0
155.8 -1514.3 -43.5 165 0 24.8 11.2 10.0 2.5 2 0 4 3 3
147.4 -1542.0 -46.2 163 0 10.6 26.7 7.5 0.0 0 1 3 4 4
149.6 -1466.1 -38.2 256 0 10.6 26.1 10.0 2.5 2 1 4 3 3
137.8 -1518.4 -43.4 163 0 25.0 11.6 12.5 2.5 2 0 5 1 1
-2527.6 -584.2 -72.0 285 0 12.4 26.7 10.0 2.5 2 1 4 1 1
-2886.7 -946.2 -37.0 18 0 9.3 42.3 7.5 2.5 2 1 3 4 4
-2910.2 -1034.3 -40.2 21 0 8.8 34.0 7.5 2.5 2 1 3 2 2
-2487.8 -575.4 -66.5 284 0 12.0 27.2 10.0 2.5 2 1 4 0 0
-2901.9 -1016.1 -37.3 19 0 10.1 37.5 12.5 2.5 2 1 5 0 0
-2506.3 -571.7 -68.9 284 0 11.9 27.4 7.5 2.5 2 1 3 2 2
-2885.3 -979.2 -36.8 20 0 10.2 42.5 12.5 2.5 2 1 5 3 3
-2607.6 -588.4 -64.8 242 0 12.2 25.4 10.0 2.5 2 1 4 4 4
-2913.6 -1052.5 -43.5 20 0 9.1 37.1 7.5 2.5 2 1 3 5 5
-2975.0 -1011.7 -43.7 110 0 42.9 12.5 10.0 2.5 4 0 4 5 5
-2525.5 -688.6 -75.3 103 0 26.2 12.6 10.0 2.5 2 0 4 3 3
-2997.1 -885.6 -31.8 232 0 9.2 41.6 7.5 2.5 2 1 3 2 2
-2974.6 -975.1 -35.7 178 0 7.8 12.3 5.0 2.5 2 1 2 4 4
-2949.8 -939.1 -35.7 287 0 41.2 10.8 12.5 2.5 4 0 5 0 0
-2498.3 -631.8 -72.9 16 0 13.9 24.7 10.0 2.5 2 1 4 0 0
-2894.8 -998.1 -37.4 20 0 10.7 37.2 10.0 2.5 4 1 4 3 3
-2582.3 -644.5 -67.0 86 0 12.7 26.1 12.5 2.5 4 1 5 1 1
-3032.2 -979.2 -42.1 197 0 8.9 37.5 7.5 2.5 2 1 3 2 2
-2983.1 -1031.9 -50.1 110 0 35.6 8.9 7.5 2.5 2 0 3 5 5
-2551.5 -528.6 -68.2 3 0 25.1 11.7 10.0 2.5 2 0 4 2 2
-2838.9 -484.9 -43.3 51 0 21.2 25.9 10.0 2.5 2 1 4 3 3
-2507.5 -667.6 -75.3 14 0 12.8 24.7 10.0 2.5 2 1 4 2 2
-2494.5 -614.7 -71.1 15 0 12.9 24.9 15.0 0.0 0 1 6 0 0
-2945.8 -923.5 -34.8 287 0 37.5 9.2 7.5 2.5 2 0 3 3 3
-2502.9 -649.5 -73.0 15 0 12.3 25.4 10.0 2.5 2 1 4 0 0
-2582.1 -527.6 -66.1 183 0 24.9 12.2 10.0 2.5 4 0 4 4 4
2516.1 2908.4 -20.3 356 0 13.5 17.7 7.5 2.5 2 1 3 4 4
2449.3 2850.8 -24.7 63 0 10.1 19.5 5.0 2.5 2 1 2 1 1
2410.1 2769.9 -27.8 41 0 16.7 11.8 2.5 2.5 2 0 1 2 2
2447.5 2904.9 -22.6 192 0 15.9 13.0 5.0 2.5 4 0 2 4 4
2450.7 2925.7 -20.0 191 0 13.8 13.0 5.0 2.5 2 0 2 2 2
2423.6 2795.6 -26.8 10 0 17.2 12.2 5.0 2.5 2 0 2 0 0
2431.5 2842.7 -25.2 183 0 9.6 7.3 5.0 2.5 2 0 2 3 3
2489.0 2872.5 -21.6 92 0 12.0 26.0 7.5 2.5 2 1 3 4 4
2460.0 2819.3 -24.3 18 0 27.3 12.4 12.5 2.5 4 0 5 3 3
2432.6 2981.0 -10.9 176 0 31.2 11.4 7.5 2.5 2 0 3 4 4
2360.8 2786.0 -30.3 194 0 11.7 25.3 10.0 2.5 2 1 4 2 2
2379.1 2804.8 -28.9 181 0 12.8 25.6 15.0 0.0 0 1 6 4 4
2441.3 2956.6 -15.6 169 0 24.7 11.6 12.5 2.5 2 0 5 5 5
2403.6 2911.4 -20.1 170 0 34.9 13.4 12.5 2.5 2 0 5 4 4
2482.7 2935.2 -21.5 276 0 11.3 25.2 12.5 2.5 2 1 5 0 0
2356.5 2768.4 -30.7 193 0 12.3 25.1 10.0 2.5 2 1 4 1 1
2347.2 2746.3 -31.4 186 0 11.3 24.7 12.5 2.5 4 1 5 0 0
2416.8 3042.9 -11.7 263 0 32.7 12.8 12.5 2.5 2 0 5 3 3
2451.0 3026.0 -11.5 259 0 11.9 18.0 5.0 2.5 2 1 2 2 2
2473.7 2961.3 -16.0 347 0 18.0 12.2 2.5 2.5 2 0 1 2 2
2400.0 2959.0 -13.1 168 0 30.3 9.8 7.5 2.5 2 0 3 4 4
2459.7 2841.6 -23.5 101 0 10.0 33.1 10.0 2.5 2 1 4 2 2
2506.0 2867.5 -20.4 72 0 10.0 30.0 7.5 2.5 2 1 3 1 1
2501.1 2950.3 -18.8 326 0 10.7 12.1 2.5 2.5 2 1 1 1 1
2413.4 2988.0 -11.2 177 0 44.9 12.1 10.0 2.5 2 0 4 4 4
2443.2 2881.0 -24.4 192 0 16.3 11.5 5.0 2.5 2 0 2 4 4
2401.2 2752.5 -28.6 41 0 15.6 12.5 5.0 2.5 2 0 2 3 3
2331.3 2716.9 -32.7 211 0 10.1 11.0 7.5 2.5 4 1 3 4 4
2404.5 2842.3 -27.1 182 0 14.5 8.4 5.0 2.5 2 0 2 0 0
-1379.9 -1931.6 -61.7 159 0 12.4 29.0 10.0 2.5 2 1 4 0 0
-617.8 -1773.9 -45.8 288 0 14.6 20.2 15.0 0.0 0 1 6 0 0
-1496.6 -1979.9 -59.6 329 0 25.8 12.7 10.0 2.5 2 0 4 1 1
-202.1 -1705.5 -67.2 307 0 20.9 9.1 5.0 2.5 2 0 2 5 5
-367.2 -1129.0 -69.7 167 0 25.5 11.5 10.0 2.5 2 0 4 2 2
-1323.4 -1914.3 -60.3 24 0 16.7 11.7 5.0 2.5 2 0 2 3 3
-385.7 -1056.2 -73.2 268 0 12.1 39.5 10.0 2.5 2 1 4 4 4
-295.2 -1508.0 -71.7 137 0 12.4 8.6 7.5 2.5 2 0 3 3 3
-338.5 -1096.1 -66.0 257 0 11.0 29.9 10.0 2.5 4 1 4 1 1
-365.4 -1111.7 -69.1 109 0 11.1 25.7 12.5 0.0 0 1 5 4 4
-286.9 -1140.8 -59.6 340 0 27.2 10.0 12.5 2.5 2 0 5 4 4
-1314.3 -1927.8 -59.9 56 0 13.7 7.6 5.0 2.5 4 0 2 1 1
-357.5 -1058.4 -69.5 261 0 11.3 25.4 12.5 2.5 2 1 5 2 2
-1368.4 -1827.6 -69.9 217 0 13.4 14.6 5.0 2.5 4 1 2 4 4
-412.9 -1250.4 -77.2 5 0 13.1 40.0 10.0 2.5 2 1 4 2 2
-348.3 -1166.2 -71.2 68 0 12.3 25.8 10.0 2.5 4 1 4 1 1
-1555.9 -2010.6 -49.5 132 0 12.4 10.3 5.0 0.0 0 0 2 3 3
-1313.1 -1882.9 -63.7 331 0 21.7 11.0 5.0 0.0 0 0 2 4 4
-415.0 -1232.6 -77.8 5 0 12.3 41.8 10.0 2.5 4 1 4 5 5
-300.9 -1167.5 -62.9 69 0 12.1 29.1 12.5 2.5 2 1 5 2 2
-387.8 -1128.4 -73.5 163 0 38.7 11.8 10.0 2.5 2 0 4 4 4
-299.5 -1096.8 -62.5 341 0 29.2 11.6 12.5 2.5 2 0 5 2 2
-378.4 -1168.4 -76.1 158 0 21.4 12.4 10.0 2.5 2 0 4 4 4
-324.1 -1159.4 -65.9 77 0 11.3 29.8 10.0 2.5 2 1 4 4 4
-1381.0 -1855.1 -67.7 216 0 13.6 26.4 7.5 2.5 2 1 3 4 4
-1332.2 -1863.5 -66.1 334 0 17.7 12.8 5.0 2.5 2 0 2 3 3
-1342.6 -1843.8 -68.8 331 0 15.5 12.4 5.0 2.5 2 0 2 5 5
-1440.9 -2033.0 -54.8 313 0 13.8 6.7 7.5 0.0 0 0 3 4 4
-1432.2 -2076.9 -56.6 51 0 12.5 15.9 5.0 2.5 2 1 2 2 2
-1868.2 321.7 -56.1 285 0 12.0 34.8 10.0 2.5 2 1 4 3 3
-1887.1 286.3 -55.9 359 0 12.3 31.6 12.5 2.5 2 1 5 0 0
-1902.0 260.9 -59.4 91 0 32.2 12.6 10.0 2.5 2 0 4 2 2
-1889.8 328.2 -49.6 29 0 11.9 32.3 10.0 2.5 2 1 4 2 2
-1924.6 301.2 -53.0 183 0 9.6 14.9 5.0 0.0 0 1 2 5 5
-1941.3 334.5 -47.4 179 0 10.6 15.6 5.0 0.0 0 1 2 0 0
-1963.9 313.4 -52.4 179 0 10.7 18.5 5.0 2.5 2 1 2 3 3
-1975.6 334.3 -49.1 188 0 12.7 19.1 5.0 2.5 2 1 2 4 4
-1924.0 396.2 -42.2 9 0 10.6 14.5 5.0 2.5 2 1 2 2 2
-1928.8 371.5 -41.3 9 0 10.6 14.5 7.5 2.5 2 1 3 5 5
-1931.7 359.0 -42.5 9 0 10.6 14.5 7.5 2.5 2 1 3 5 5
-1961.9 377.3 -42.6 189 0 10.4 14.5 7.5 2.5 2 1 3 5 5
-1960.4 390.4 -42.5 189 0 10.4 14.5 2.5 2.5 2 1 1 0 0
-1977.3 393.0 -43.7 189 0 10.4 14.5 5.0 2.5 4 1 2 4 4
2192.0 -6719.9 -174.2 260 0 8.0 4.5 5.0 2.5 2 0 2 3 3
2310.0 -6720.8 -172.8 109 0 12.3 8.0 7.5 0.0 0 0 3 2 2
2372.7 -6723.0 -170.6 15 0 8.8 7.1 7.5 2.5 2 0 3 5 5
2435.1 -6694.1 -160.3 275 0 5.5 10.0 2.5 2.5 2 1 1 4 4
2407.6 -6738.6 -170.9 287 0 6.6 6.8 2.5 2.5 2 1 1 4 4
2377.1 -6632.7 -149.0 90 0 6.0 7.0 7.5 2.5 2 1 3 1 1
