419.5 -5864.1 -5.7 88 0 8.6 146.7 7.5 2.5 2 1 3 1 1
394.2 -5864.6 -6.2 88 0 8.7 104.1 7.5 2.5 2 1 3 0 0
389.4 -5708.2 -3.0 269 0 6.8 7.6 2.5 2.5 2 1 1 0 0
418.7 -5703.9 -2.2 358 0 5.8 6.1 2.5 0.0 0 1 1 5 5
576.6 -5953.3 -5.2 96 0 5.7 13.0 5.0 2.5 2 1 2 3 3
842.0 -5874.1 -5.0 278 0 12.3 10.1 7.5 2.5 2 0 3 2 2
547.4 -5622.9 0.9 5 0 17.9 12.7 2.5 2.5 2 0 1 3 3
854.1 -5168.4 1.3 101 0 13.3 8.2 2.5 2.5 2 0 1 3 3
676.1 -5095.8 -2.7 89 0 5.6 9.1 5.0 2.5 2 1 2 3 3
759.6 -5100.2 -1.1 88 0 5.4 7.1 5.0 2.5 2 1 2 5 5
753.7 -5101.3 -1.2 88 0 4.7 6.6 5.0 2.5 2 1 2 0 0
751.8 -5060.3 -1.6 270 0 4.5 7.8 5.0 2.5 2 1 2 5 5
763.0 -5072.4 -1.3 269 0 5.9 5.4 7.5 2.5 2 0 3 5 5
746.2 -5072.0 -1.6 271 0 5.2 6.5 5.0 2.5 2 1 2 5 5
732.9 -5071.6 -1.9 270 0 4.9 7.4 5.0 2.5 2 1 2 0 0
735.3 -5101.7 -1.6 88 0 5.4 6.5 7.5 2.5 2 1 3 0 0
709.1 -5102.7 -2.0 90 0 5.0 8.0 5.0 2.5 2 1 2 3 3
715.8 -5101.2 -1.9 87 0 4.6 7.4 7.5 0.0 0 1 3 5 5
682.2 -5103.7 -2.5 90 0 6.2 5.2 7.5 2.5 2 0 3 2 2
827.0 -5878.1 -5.5 269 0 7.8 49.3 7.5 2.5 2 1 3 0 0
