-4134.8 -3458.5 -29.9 201 0 13.4 12.8 7.5 2.5 2 0 3 5 5
-3535.7 4708.9 -47.0 117 0 15.9 26.5 2.5 2.5 2 1 1 3 3
-6012.3 -5031.7 -48.3 80 0 30.7 13.2 7.5 0.0 0 0 3 0 0
-6380.2 -4930.9 -30.7 75 0 19.3 24.1 12.5 2.5 2 1 5 2 2
-6394.2 -4888.9 -32.8 172 0 22.2 29.4 10.0 0.0 0 1 4 1 1
-6235.8 -4009.2 -44.9 284 0 20.2 36.2 10.0 0.0 0 1 4 0 0
-6164.9 -3980.3 -48.2 89 0 15.2 29.1 10.0 2.5 2 1 4 1 1
-6352.1 -5302.8 -37.8 209 0 26.4 13.5 10.0 2.5 2 0 4 0 0
-6252.2 -5689.4 -37.4 107 0 35.6 14.8 10.0 2.5 2 0 4 2 2
-3015.6 4650.0 -53.4 182 0 69.9 77.7 7.5 0.0 0 1 3 2 2
-3182.9 5024.4 -48.5 273 0 19.8 15.2 10.0 2.5 2 0 4 4 4
-1773.2 5206.6 -59.3 271 0 35.6 36.4 10.0 0.0 0 1 4 3 3
-3066.0 4242.8 -52.1 181 0 20.6 35.2 12.5 0.0 0 1 5 4 4
-3005.7 4256.8 -51.7 17 0 34.3 18.5 10.0 0.0 0 0 4 3 3
-3022.1 4803.8 -51.6 116 0 38.7 19.6 7.5 0.0 0 0 3 2 2
-3098.3 5085.3 -49.5 91 0 14.7 17.7 10.0 2.5 2 1 4 0 0
-3286.0 3054.7 -36.8 270 0 12.5 18.6 5.0 2.5 2 1 2 5 5
-3356.3 3244.8 -37.6 91 0 21.6 9.7 7.5 2.5 2 0 3 1 1
-3090.9 5405.5 -52.2 282 0 39.5 18.8 15.0 0.0 0 0 6 2 2
-2947.6 6116.8 -55.5 182 0 29.1 11.9 10.0 2.5 2 0 4 2 2
-2160.8 6122.7 -55.6 93 0 29.8 24.3 10.0 0.0 0 0 4 0 0
-2255.6 6432.4 -59.1 282 0 25.3 31.7 12.5 0.0 0 1 5 5 5
-2230.3 6403.9 -59.4 98 0 23.4 29.8 10.0 0.0 0 1 4 2 2
-1437.8 6092.4 -46.9 274 0 13.5 17.6 5.0 2.5 2 1 2 2 2
-1528.3 -4223.1 -14.6 195 0 33.3 19.5 12.5 0.0 0 0 5 0 0
-3035.7 -5700.6 49.0 219 0 8.1 11.2 2.5 2.5 2 1 1 2 2
-1383.2 -5796.1 -28.7 206 0 3.9 9.3 7.5 2.5 2 1 3 3 3
-1384.6 -5778.0 -31.3 204 0 22.3 14.3 10.0 2.5 2 0 4 3 3
-1342.6 -5863.0 -16.8 119 0 8.9 7.7 5.0 2.5 2 0 2 5 5
-1320.6 -5849.3 -15.4 36 0 8.4 9.5 5.0 2.5 2 1 2 3 3
-1319.2 -5765.5 -23.1 210 0 11.1 19.2 12.5 2.5 2 1 5 3 3
-1300.3 -5726.7 -22.2 205 0 12.5 7.6 7.5 2.5 2 0 3 2 2
-1439.7 -5680.2 -18.6 18 0 8.1 10.5 7.5 2.5 2 1 3 1 1
-1334.9 -5516.4 -13.7 203 0 10.1 9.0 2.5 2.5 2 0 1 3 3
-1296.2 -5471.4 -18.5 270 0 8.5 12.3 7.5 2.5 2 1 3 5 5
-1230.1 -5668.5 -18.2 355 0 13.0 13.1 7.5 2.5 2 1 3 3 3
-1290.8 -5578.8 -24.7 47 0 11.8 11.1 5.0 2.5 2 0 2 2 2
-1259.3 -5490.7 -23.9 82 0 11.4 20.7 5.0 2.5 2 1 2 4 4
-1236.8 -5427.0 -27.3 264 0 17.7 27.1 12.5 2.5 2 1 5 2 2
-939.6 -5547.0 -14.8 20 0 18.9 21.1 12.5 2.5 2 1 5 0 0
-975.2 -5481.3 -25.5 104 0 20.0 22.5 12.5 2.5 4 1 5 5 5
-915.3 -5502.3 -23.0 99 0 12.3 20.3 10.0 2.5 2 1 4 3 3
-826.6 -5531.0 -24.1 102 0 17.6 17.7 12.5 2.5 4 1 5 0 0
-756.6 -5609.8 -17.6 279 0 15.8 17.1 12.5 2.5 2 1 5 3 3
-697.1 -5655.2 -12.9 319 0 15.2 11.9 5.0 2.5 4 0 2 4 4
-628.6 -5727.3 -5.8 274 0 16.0 15.0 5.0 0.0 0 0 2 1 1
-545.9 -5643.8 -16.8 182 0 19.7 11.2 7.5 2.5 2 0 3 4 4
-1516.8 -6300.9 18.4 349 0 13.2 28.0 12.5 2.5 2 1 5 2 2
-1531.0 -6266.0 20.6 14 0 13.7 4.9 5.0 0.0 0 0 2 2 2
-1519.4 -6145.8 1.2 225 0 4.9 10.3 7.5 2.5 4 1 3 0 0
-1515.9 -6083.4 -7.5 109 0 6.6 9.8 2.5 2.5 4 1 1 0 0
-1486.3 -6055.5 -10.4 286 0 7.3 23.0 5.0 2.5 2 1 2 2 2
-1479.5 -6093.8 -8.1 17 0 8.2 6.9 7.5 2.5 2 0 3 5 5
-1480.9 -6086.8 -8.8 107 0 6.5 14.0 7.5 0.0 0 1 3 2 2
-985.4 -6827.3 -49.7 50 0 14.8 12.7 2.5 2.5 2 0 1 2 2
-1052.3 -6666.4 -36.6 304 0 9.7 18.1 7.5 2.5 2 1 3 3 3
-1090.3 -6733.5 -47.1 322 0 11.5 8.7 5.0 0.0 0 0 2 4 4
-1098.2 -6788.0 -54.5 44 0 14.2 14.0 5.0 0.0 0 0 2 5 5
-1154.2 -6721.9 -49.1 210 0 10.4 7.5 2.5 2.5 2 0 1 3 3
-1148.9 -6833.1 -58.4 43 0 6.7 9.3 5.0 2.5 2 1 2 1 1
-1417.2 -5844.3 -24.7 182 0 5.7 5.3 2.5 2.5 2 0 1 5 5
-1215.6 -5497.8 -29.7 92 0 5.3 5.7 7.5 2.5 2 1 3 3 3
-1197.0 -5616.5 -23.9 182 0 5.7 5.3 5.0 2.5 2 0 2 2 2
-1207.5 -6645.8 -41.3 88 0 5.1 7.9 5.0 2.5 4 1 2 3 3
-602.2 -5723.5 -3.8 358 0 7.9 5.1 7.5 2.5 4 0 3 0 0
3425.2 1798.9 1.7 102 0 16.1 10.7 5.0 2.5 2 0 2 5 5
-1252.2 -4925.9 -13.7 167 0 18.1 35.8 10.0 0.0 0 1 4 2 2
-1078.3 -4670.3 -10.4 266 0 9.6 10.0 5.0 2.5 2 1 2 4 4
-1194.0 -4958.9 -19.2 73 0 40.1 9.3 7.5 0.0 0 0 3 3 3
-894.4 -5006.7 -20.1 5 0 11.2 21.4 5.0 2.5 2 1 2 2 2
-970.0 -4828.6 -17.6 3 0 12.9 13.1 5.0 0.0 0 1 2 5 5
-1015.6 -4788.6 -22.4 273 0 13.7 21.2 10.0 2.5 2 1 4 0 0
-982.5 -4860.4 -21.6 0 0 11.2 9.6 7.5 2.5 2 0 3 0 0
-941.2 -4918.0 -14.7 273 0 10.1 10.9 5.0 2.5 2 1 2 5 5
-692.6 -5233.0 -29.7 189 0 20.1 22.2 12.5 2.5 2 1 5 5 5
-637.7 -5067.7 -18.5 94 0 17.4 14.1 5.0 2.5 2 0 2 3 3
-562.5 -5102.9 -21.3 115 0 16.8 19.2 10.0 2.5 2 1 4 2 2
-474.5 -5155.5 -13.4 70 0 17.7 17.1 10.0 2.5 2 0 4 4 4
-4849.6 -4058.0 -29.5 101 0 14.0 20.6 10.0 2.5 2 1 4 5 5
-4731.4 -4209.5 -26.7 358 0 14.4 15.7 7.5 2.5 2 1 3 5 5
-4715.5 -4194.6 -29.2 153 0 19.0 8.3 7.5 2.5 2 0 3 1 1
-4591.5 -4111.2 -24.4 258 0 10.5 16.5 7.5 2.5 2 1 3 0 0
-160.5 -3780.1 8.9 38 0 7.9 51.7 7.5 2.5 4 1 3 1 1
-190.5 -3730.8 8.8 271 0 12.9 13.4 2.5 2.5 2 1 1 4 4
-142.7 -3765.2 6.8 25 0 14.1 29.8 10.0 2.5 2 0 4 5 5
-137.5 -3754.8 6.2 29 0 9.1 32.1 7.5 2.5 2 0 3 3 3
-114.0 -3615.9 3.6 358 0 47.1 10.7 12.5 2.5 2 0 5 0 0
-98.2 -3465.5 -2.7 229 0 23.1 15.5 12.5 2.5 2 0 5 1 1
-164.9 -3514.2 -1.2 284 0 16.0 16.7 7.5 0.0 0 1 3 0 0
-112.9 -3389.2 -1.5 259 0 10.4 13.0 5.0 2.5 4 1 2 1 1
-289.5 -3712.6 15.2 352 0 12.1 12.1 2.5 2.5 2 1 1 5 5
-342.9 -3647.3 15.6 95 0 7.3 11.6 5.0 2.5 2 1 2 2 2
-333.6 -3583.5 8.4 193 0 8.5 10.1 7.5 2.5 2 1 3 2 2
-316.8 -3586.0 9.6 182 0 10.9 10.2 5.0 0.0 0 0 2 3 3
-354.9 -3542.7 1.5 281 0 10.0 10.1 2.5 2.5 4 1 1 4 4
-320.8 -3556.4 4.2 193 0 10.7 8.2 5.0 2.5 2 0 2 0 0
-442.1 -3375.0 -5.7 187 0 15.1 18.8 7.5 2.5 2 1 3 4 4
-447.0 -3336.6 -7.5 173 0 15.0 14.5 2.5 2.5 2 0 1 1 1
-410.2 -3209.5 -11.1 269 0 11.8 11.1 7.5 2.5 2 0 3 5 5
-295.2 -3240.3 -5.4 354 0 45.8 11.0 12.5 2.5 2 0 5 3 3
-426.4 -2928.6 -12.6 277 0 9.2 10.4 5.0 2.5 2 1 2 2 2
-566.4 -2879.7 -6.9 343 0 30.3 13.8 12.5 2.5 2 0 5 2 2
-459.1 -2915.4 -14.7 284 0 14.6 10.1 5.0 2.5 2 0 2 3 3
-224.0 -2670.1 -2.1 181 0 11.8 19.1 5.0 0.0 0 1 2 0 0
-194.8 -2650.4 -3.5 261 0 12.6 18.3 5.0 2.5 2 1 2 4 4
-196.6 -2637.7 -2.0 91 0 14.3 18.5 10.0 2.5 2 1 4 1 1
-417.6 -2678.5 5.7 90 0 17.6 33.5 12.5 2.5 2 1 5 4 4
-396.2 -2645.6 6.8 91 0 17.7 29.2 10.0 2.5 2 1 4 2 2
-375.1 -2618.8 8.3 270 0 6.0 15.7 5.0 2.5 2 1 2 3 3
1008.5 -2693.3 -42.5 78 0 12.8 11.9 5.0 2.5 2 0 2 2 2
389.8 -2772.4 -5.4 63 0 16.3 19.8 17.5 0.0 0 1 7 5 5
-5997.9 -5858.8 -26.2 0 0 9.7 13.2 5.0 0.0 0 1 2 2 2
-6030.4 -5817.4 -25.4 281 0 17.8 12.7 2.5 2.5 2 0 1 1 1
-5916.7 -5941.6 -25.7 261 0 7.1 12.5 5.0 2.5 4 1 2 0 0
-6010.1 -5698.0 -27.2 359 0 14.7 25.3 12.5 2.5 2 1 5 0 0
-6041.2 -5627.1 -29.1 87 0 13.7 14.3 2.5 2.5 4 1 1 5 5
-6051.8 -5512.6 -34.0 101 0 15.0 18.2 7.5 2.5 2 1 3 1 1
-6064.6 -5418.9 -37.9 92 0 18.0 17.9 7.5 2.5 2 0 3 3 3
-6018.2 -5481.6 -35.1 358 0 14.3 12.9 2.5 2.5 2 0 1 4 4
-6037.1 -5447.0 -36.7 177 0 14.1 22.9 7.5 2.5 2 1 3 3 3
-5951.4 -5747.4 -28.4 89 0 19.8 19.7 12.5 2.5 2 0 5 4 4
-5956.2 -6366.3 -7.4 306 0 14.7 10.2 7.5 2.5 2 0 3 0 0
-4894.2 -5587.2 -23.5 1 0 6.5 11.6 5.0 2.5 2 1 2 2 2
-4862.0 -5628.4 -20.3 359 0 9.7 11.6 7.5 2.5 2 1 3 2 2
264.7 -3247.4 -7.8 89 0 9.1 11.2 5.0 2.5 2 1 2 5 5
270.7 -3180.8 -9.3 200 0 12.0 14.3 7.5 2.5 4 1 3 3 3
325.2 -2997.3 -1.4 199 0 10.0 8.5 5.0 2.5 2 0 2 1 1
364.2 -3280.5 7.5 295 0 5.9 7.1 5.0 2.5 2 1 2 4 4
296.4 -3093.8 -11.1 27 0 10.9 13.5 7.5 2.5 4 1 3 2 2
-54.8 -3428.7 -2.6 272 0 8.9 13.5 5.0 2.5 2 1 2 5 5
-762.4 -3719.3 5.6 172 0 7.3 14.7 7.5 2.5 2 1 3 3 3
-721.0 -3699.1 5.4 267 0 14.4 14.9 2.5 2.5 2 1 1 1 1
-792.7 -3776.5 11.8 14 0 8.7 11.9 7.5 2.5 2 1 3 0 0
-860.6 -3671.7 -1.5 303 0 12.6 11.5 2.5 2.5 2 0 1 1 1
-947.2 -3710.8 -1.2 88 0 11.0 9.4 2.5 2.5 2 0 1 0 0
-905.7 -3732.7 1.7 104 0 13.4 9.4 7.5 0.0 0 0 3 3 3
-895.4 -3808.5 5.2 107 0 9.3 12.0 2.5 2.5 2 1 1 1 1
-1069.1 -3856.5 5.9 333 0 9.2 9.9 5.0 2.5 2 1 2 5 5
-1028.5 -3889.8 3.9 315 0 10.3 9.3 7.5 0.0 0 0 3 3 3
-1043.7 -3871.0 3.8 326 0 8.9 8.4 2.5 2.5 2 0 1 0 0
-995.1 -3544.3 -3.3 29 0 34.5 8.1 7.5 2.5 4 0 3 5 5
-1024.3 -3525.8 -0.6 201 0 20.5 12.6 10.0 2.5 2 0 4 2 2
-930.4 -3353.0 -1.0 36 0 16.7 8.2 7.5 2.5 2 0 3 5 5
-1500.4 -3808.9 -13.2 312 0 15.0 13.2 2.5 2.5 4 0 1 2 2
-1509.4 -4177.8 -12.1 180 0 27.0 15.7 12.5 2.5 2 0 5 5 5
-1580.7 -3821.7 -13.7 350 0 16.6 14.1 5.0 2.5 2 0 2 0 0
-1663.3 -4010.9 -13.2 358 0 10.1 23.2 5.0 2.5 2 1 2 4 4
-1694.6 -3942.7 -11.2 271 0 11.1 15.4 7.5 2.5 2 1 3 4 4
-1789.5 -4358.3 -23.0 76 0 12.8 14.6 2.5 2.5 2 1 1 2 2
-2058.7 -4828.3 -14.2 300 0 10.5 14.2 5.0 2.5 2 1 2 2 2
-2104.9 -4790.1 -13.0 274 0 10.3 9.7 2.5 2.5 2 0 1 1 1
-1553.8 -4497.9 -11.9 170 0 15.3 12.8 2.5 2.5 2 0 1 5 5
-1586.2 -4810.3 -22.9 337 0 15.7 35.0 10.0 2.5 4 1 4 5 5
-1562.2 -3335.6 -1.2 351 0 11.5 21.5 12.5 2.5 2 1 5 5 5
-1661.1 -3141.1 -3.5 58 0 30.6 17.1 12.5 2.5 2 0 5 5 5
-1685.6 -3130.0 -1.8 150 0 9.9 31.7 7.5 2.5 2 0 3 1 1
-1799.8 -3008.9 8.5 346 0 11.1 13.7 5.0 2.5 2 1 2 2 2
-1728.4 -2154.4 -9.7 90 0 15.8 14.5 7.5 0.0 0 0 3 4 4
-2873.9 985.9 -34.9 79 0 16.8 15.3 7.5 2.5 2 0 3 1 1
-3185.0 3746.5 -48.3 82 0 9.8 21.7 2.5 2.5 2 1 1 0 0
-3141.0 4122.5 -54.2 351 0 8.1 23.6 7.5 2.5 4 1 3 1 1
-2993.1 4325.0 -53.4 358 0 12.9 14.2 7.5 2.5 2 1 3 1 1
-2907.2 4918.5 -48.0 299 0 16.4 16.4 15.0 0.0 0 1 6 1 1
-2730.3 4910.7 -43.6 91 0 11.9 16.5 10.0 2.5 2 1 4 3 3
-2859.6 6436.1 -61.9 184 0 28.2 9.4 7.5 2.5 2 0 3 0 0
-6632.2 -3009.7 -44.6 170 0 12.9 13.2 5.0 2.5 2 1 2 2 2
-6851.7 -2903.0 -58.9 296 0 9.7 6.8 5.0 2.5 2 0 2 4 4
-6508.2 -2777.6 -31.0 75 0 6.2 7.8 7.5 2.5 2 1 3 4 4
-6857.2 -2720.8 -51.8 8 0 10.9 11.7 2.5 2.5 2 1 1 2 2
-6853.8 -2807.9 -53.6 95 0 7.3 14.6 5.0 2.5 2 1 2 3 3
-4349.1 -2813.3 -4.4 100 0 16.5 15.6 7.5 2.5 2 0 3 4 4
4769.8 -185.8 35.1 172 0 9.2 8.0 7.5 2.5 2 0 3 1 1
4902.6 -122.6 56.2 29 0 10.8 5.4 7.5 2.5 2 0 3 4 4
4952.2 130.7 56.0 301 0 5.4 11.6 2.5 2.5 2 1 1 0 0
2303.8 -1910.8 4.6 268 0 9.1 4.9 7.5 2.5 2 0 3 0 0
2210.0 -1832.3 1.2 289 0 6.1 9.0 7.5 2.5 2 1 3 2 2
2193.7 -1723.7 -9.6 78 0 6.6 8.7 2.5 2.5 2 1 1 3 3
2270.7 -1595.3 -19.7 231 0 9.0 9.8 7.5 2.5 2 1 3 5 5
2414.9 -1644.5 -16.5 242 0 7.6 5.7 5.0 2.5 2 0 2 5 5
2466.1 -1930.9 14.0 243 0 7.8 9.2 2.5 2.5 2 1 1 3 3
2450.4 -1517.4 -14.8 64 0 5.9 11.4 7.5 2.5 2 1 3 4 4
4081.0 -2889.2 -30.5 205 0 4.8 6.8 5.0 2.5 4 1 2 3 3
1894.4 2662.2 -20.6 99 0 7.6 24.6 2.5 2.5 2 1 1 3 3
1871.2 2690.5 -19.9 186 0 21.9 9.5 7.5 2.5 2 0 3 4 4
