-3157.5 1978.9 23.2 98 0 22.4 28.2 7.5 0.0 0 1 3 5 5
-3363.5 2226.4 16.1 273 0 32.7 21.7 10.0 0.0 0 0 4 5 5
-5587.8 -229.1 -3.3 93 0 15.4 17.0 12.5 2.5 2 1 5 2 2
-3453.7 4167.7 13.0 265 0 16.5 11.6 5.0 2.5 2 0 2 4 4
-3049.7 1687.1 20.3 319 0 6.3 8.6 2.5 0.0 0 1 1 1 1
-3147.0 1706.0 21.4 172 0 27.9 6.7 5.0 2.5 2 0 2 4 4
-3123.7 3595.2 14.9 71 0 17.6 34.7 7.5 0.0 0 1 3 0 0
-2764.8 -6653.4 -28.3 7 0 13.1 56.2 10.0 2.5 2 1 4 5 5
-2748.3 -6634.0 -28.3 7 0 62.3 12.8 12.5 2.5 2 0 5 2 2
-2795.7 -5909.0 -26.9 175 0 15.5 17.0 10.0 0.0 0 1 4 5 5
-2828.3 -5536.1 -18.1 346 0 10.0 14.5 5.0 2.5 2 1 2 4 4
-2930.1 -5377.7 -14.7 78 0 13.2 9.4 7.5 2.5 2 0 3 4 4
-2944.8 -5191.5 -14.4 151 0 9.6 14.4 7.5 0.0 0 1 3 1 1
-3237.8 -4771.3 -10.7 147 0 12.6 10.4 5.0 2.5 2 0 2 1 1
-3486.2 -4984.4 -9.3 81 0 19.7 12.9 5.0 2.5 2 0 2 2 2
-3439.9 -4431.5 -8.9 147 0 28.5 14.4 10.0 2.5 2 0 4 1 1
