5215.9 -4230.9 -2.5 343 0 19.8 15.7 7.5 2.5 2 0 3 3 3
5381.9 -4213.6 -2.3 295 0 15.6 9.8 2.5 0.0 0 0 1 2 2
5233.0 -4183.1 -3.8 108 0 12.0 4.4 7.5 2.5 2 0 3 0 0
5192.3 -4167.9 -6.5 310 0 10.5 6.5 2.5 2.5 2 0 1 2 2
5649.7 -4372.7 -7.4 90 0 14.2 12.4 5.0 2.5 2 0 2 3 3
5831.1 -4262.2 -13.4 95 0 9.0 20.9 7.5 0.0 0 1 3 5 5
5241.2 -4256.6 1.0 161 0 14.1 9.0 5.0 2.5 2 0 2 5 5
5584.8 -3796.9 23.7 154 0 12.2 18.9 10.0 2.5 2 1 4 4 4
5554.4 -3998.8 2.6 74 0 29.0 42.2 12.5 0.0 0 1 5 1 1
5532.4 -3708.2 13.1 70 0 26.6 31.5 12.5 0.0 0 1 5 0 0
5580.1 -4067.1 -5.7 43 0 11.0 15.7 5.0 2.5 2 1 2 1 1
5593.4 -3974.4 3.4 55 0 35.9 11.8 10.0 2.5 2 0 4 5 5
5583.4 -3848.8 18.3 248 0 23.6 22.5 12.5 2.5 2 0 5 3 3
5596.6 -3758.7 23.5 79 0 12.6 58.1 15.0 2.5 2 1 6 0 0
5512.7 -4069.5 -5.0 146 0 36.6 26.3 12.5 0.0 0 0 5 2 2
5413.3 -3946.2 1.4 47 0 15.2 24.0 12.5 2.5 2 1 5 4 4
5478.7 -3728.9 1.9 51 0 39.1 24.0 10.0 0.0 0 0 4 4 4
5326.4 -4027.8 -5.8 178 0 14.6 33.0 10.0 2.5 2 0 4 3 3
5500.4 -3894.7 15.6 183 0 12.1 50.7 10.0 2.5 2 1 4 1 1
5650.8 -3956.7 0.4 235 0 32.2 19.6 10.0 2.5 2 0 4 4 4
5356.4 -3991.8 -5.7 284 0 23.8 32.6 12.5 0.0 0 0 5 1 1
5604.7 -4063.9 -6.3 221 0 20.8 12.7 10.0 2.5 4 0 4 5 5
5685.2 -3996.2 -5.8 332 0 21.9 47.8 10.0 2.5 2 0 4 5 5
5645.7 -3785.8 21.2 268 0 17.1 30.3 12.5 2.5 2 1 5 4 4
5351.5 -3870.0 -9.0 205 0 30.9 24.1 12.5 0.0 0 0 5 5 5
5489.8 -3651.9 -0.2 241 0 42.9 21.3 10.0 2.5 2 0 4 5 5
5491.9 -3860.5 18.6 192 0 14.8 55.6 12.5 2.5 2 1 5 4 4
5593.9 -4165.6 -6.2 79 0 16.5 42.7 12.5 2.5 4 1 5 4 4
5401.4 -4058.0 2.3 93 0 21.1 47.8 10.0 2.5 2 0 4 1 1
5570.3 -4083.1 -5.6 51 0 10.6 20.5 7.5 2.5 4 1 3 0 0
5293.0 -4212.6 1.1 279 0 17.2 16.8 7.5 2.5 2 0 3 4 4
5169.5 -4141.4 -9.4 111 0 9.2 5.8 5.0 0.0 0 0 2 1 1
5174.8 -4162.2 -7.8 288 0 12.6 11.7 5.0 0.0 0 0 2 5 5
5363.6 -4231.1 -1.4 293 0 18.9 25.0 10.0 2.5 2 1 4 0 0
-6718.7 -1842.0 -22.3 245 0 13.3 10.3 2.5 2.5 2 0 1 1 1
-6781.5 -1907.8 -25.0 357 0 11.1 9.7 5.0 2.5 2 0 2 2 2
-6798.9 -1904.1 -24.9 1 0 12.8 17.8 7.5 2.5 2 1 3 4 4
-6744.3 -1822.6 -22.0 86 0 8.5 14.1 5.0 2.5 2 1 2 1 1
-6765.4 -1740.4 -20.4 180 0 8.5 9.2 7.5 2.5 4 1 3 4 4
-6469.8 -5145.3 -18.2 360 0 10.4 12.4 5.0 2.5 2 1 2 5 5
-6667.9 -5272.2 -10.2 178 0 6.4 10.2 5.0 2.5 2 1 2 2 2
-6624.9 -5165.9 -10.2 253 0 5.0 11.9 2.5 2.5 2 1 1 1 1
-6562.7 -5092.8 -12.2 313 0 10.2 13.9 5.0 0.0 0 1 2 5 5
-6713.8 -1707.3 -19.0 266 0 17.5 16.2 15.0 0.0 0 0 6 0 0
-6858.7 -1948.4 -23.8 89 0 12.3 45.3 10.0 2.5 2 1 4 5 5
-6878.0 -1947.7 -23.0 87 0 7.9 34.7 7.5 2.5 2 1 3 5 5
-6893.2 -1930.5 -22.8 178 0 35.9 7.6 7.5 0.0 0 0 3 4 4
-6825.4 -1782.1 -22.5 180 0 11.8 11.8 5.0 2.5 2 1 2 4 4
-6845.5 -1716.1 -22.3 264 0 14.1 10.8 7.5 2.5 2 0 3 2 2
-6742.1 -1795.7 -21.3 89 0 8.5 9.7 7.5 2.5 2 1 3 5 5
-6762.1 -1907.9 -24.6 176 0 10.1 10.2 7.5 0.0 0 1 3 4 4
-6912.0 -6035.8 -18.3 90 0 6.1 12.0 2.5 2.5 2 1 1 3 3
-6908.1 -6036.6 -18.1 179 0 10.1 15.8 7.5 2.5 2 1 3 0 0
-6761.7 -6149.6 -16.2 276 0 14.2 12.0 5.0 0.0 0 0 2 3 3
-6751.5 -6176.1 -17.3 274 0 16.7 34.2 7.5 0.0 0 1 3 5 5
-6694.8 -6122.8 -16.2 207 0 7.0 11.3 7.5 2.5 2 1 3 5 5
-6761.1 -6077.8 -17.7 179 0 13.2 11.2 2.5 2.5 2 0 1 5 5
-6789.0 -5968.6 -22.1 267 0 8.8 8.0 5.0 2.5 4 0 2 0 0
-6770.6 -3468.1 -11.8 91 0 12.2 9.6 2.5 2.5 2 0 1 2 2
-6751.9 -3477.0 -12.3 91 0 14.3 11.8 7.5 2.5 2 0 3 3 3
-6722.6 -3479.8 -13.3 91 0 15.0 19.3 12.5 2.5 2 1 5 3 3
-6730.2 -3174.7 -21.1 271 0 18.1 16.7 10.0 2.5 4 0 4 2 2
-6807.7 -3331.9 -14.6 179 0 13.7 13.2 5.0 2.5 2 0 2 0 0
-6708.7 -3358.8 -16.5 269 0 6.7 7.9 5.0 2.5 4 1 2 5 5
-6812.7 -3389.5 -12.9 180 0 19.2 12.6 7.5 2.5 4 0 3 4 4
-6805.5 -3198.6 -18.0 4 0 12.1 13.4 5.0 2.5 2 1 2 3 3
-6828.4 -3384.7 -12.5 178 0 13.2 13.2 7.5 2.5 2 1 3 3 3
-6847.3 -3282.9 -14.4 89 0 14.8 12.4 5.0 0.0 0 0 2 2 2
-6879.2 -3289.9 -12.5 89 0 6.0 16.6 7.5 2.5 2 1 3 4 4
-6489.9 -3563.7 -22.3 1 0 14.6 12.0 2.5 2.5 2 0 1 0 0
-6494.9 -3513.2 -22.1 277 0 13.7 11.6 2.5 2.5 2 0 1 5 5
-6511.9 -3569.4 -22.8 95 0 12.2 12.7 5.0 0.0 0 1 2 1 1
-6526.4 -3511.1 -21.1 284 0 12.1 16.3 7.5 2.5 2 1 3 0 0
-6535.5 -3567.6 -22.6 98 0 16.3 12.8 7.5 2.5 2 0 3 2 2
-6667.1 -3509.5 -16.2 96 0 15.3 11.1 5.0 2.5 2 0 2 3 3
-6900.2 -4804.5 -11.6 180 0 8.8 14.2 7.5 2.5 2 1 3 4 4
-6833.7 -4866.6 -15.0 176 0 18.3 14.1 7.5 2.5 2 0 3 3 3
-6829.2 -4832.3 -15.1 185 0 19.0 12.8 2.5 2.5 2 0 1 2 2
-6832.8 -4802.9 -14.7 182 0 10.1 11.2 5.0 2.5 4 1 2 0 0
-6792.3 -4736.2 -16.0 359 0 11.6 13.9 5.0 2.5 2 1 2 3 3
-6820.5 -4716.3 -15.2 183 0 15.0 12.0 7.5 2.5 2 0 3 1 1
-6825.6 -4778.9 -14.9 189 0 15.1 7.7 7.5 2.5 2 0 3 2 2
-6446.6 -6851.9 -18.7 100 0 9.5 7.0 7.5 2.5 2 0 3 0 0
-6452.6 -6789.4 -27.5 18 0 11.2 9.5 5.0 2.5 4 0 2 4 4
-6473.5 -6851.8 -19.2 198 0 10.5 9.4 5.0 2.5 2 0 2 0 0
-6437.4 -6811.2 -23.6 179 0 5.7 5.9 5.0 2.5 4 1 2 5 5
-6381.8 -6649.5 -30.7 315 0 24.3 21.1 10.0 2.5 2 0 4 1 1
-6416.3 -6622.8 -32.6 309 0 13.1 16.3 7.5 2.5 2 1 3 5 5
-6429.6 -6607.3 -33.0 318 0 11.3 11.0 5.0 0.0 0 0 2 3 3
-6383.3 -6564.5 -33.8 343 0 18.9 32.9 7.5 2.5 2 1 3 0 0
-6455.1 -6574.0 -31.5 336 0 10.5 20.2 12.5 2.5 2 1 5 1 1
-6467.6 -6540.4 -30.5 164 0 6.9 8.5 7.5 2.5 2 1 3 1 1
-6465.5 -6531.2 -30.1 92 0 7.2 7.9 2.5 2.5 4 1 1 1 1
-6479.7 -6528.0 -29.4 93 0 9.1 10.7 5.0 2.5 2 1 2 2 2
-6518.7 -6500.6 -28.0 170 0 22.4 21.1 12.5 2.5 2 0 5 2 2
-6492.0 -6595.6 -30.2 76 0 7.0 5.7 2.5 2.5 2 0 1 0 0
-6561.1 -6597.8 -27.5 97 0 14.0 25.4 10.0 2.5 2 1 4 5 5
-6600.1 -6577.8 -26.9 180 0 13.4 17.6 5.0 2.5 2 1 2 5 5
-6600.1 -6558.7 -26.5 176 0 14.9 15.9 2.5 2.5 2 1 1 0 0
-6597.5 -6539.2 -26.1 193 0 13.9 11.3 5.0 2.5 2 0 2 0 0
-6598.6 -6519.7 -25.4 91 0 12.1 12.9 5.0 2.5 2 1 2 3 3
-6397.8 -1962.5 -20.5 270 0 3.7 8.5 5.0 2.5 2 1 2 3 3
-6641.8 -1696.2 -17.1 353 0 12.0 7.4 7.5 2.5 2 0 3 0 0
-6649.8 -1682.2 -16.9 80 0 10.2 15.9 5.0 2.5 2 1 2 4 4
-6646.9 -1754.8 -18.8 357 0 8.6 13.5 7.5 2.5 2 1 3 5 5
-6639.2 -1798.5 -19.5 184 0 9.2 11.6 5.0 2.5 2 1 2 2 2
-6611.2 -1723.9 -17.0 170 0 8.4 9.1 7.5 2.5 4 1 3 2 2
-6612.4 -1674.9 -16.3 268 0 12.0 18.1 10.0 2.5 2 1 4 1 1
-6465.0 -1760.0 -15.6 87 0 11.5 11.8 7.5 2.5 2 1 3 0 0
-6462.9 -1785.0 -16.6 300 0 13.6 16.6 10.0 2.5 2 1 4 3 3
-6536.7 -1728.4 -16.0 267 0 8.3 7.3 7.5 2.5 2 0 3 1 1
-6499.7 -1743.7 -16.2 338 0 18.9 16.5 7.5 2.5 2 0 3 2 2
-6536.5 -1695.2 -15.0 92 0 11.6 14.6 7.5 2.5 2 1 3 0 0
-6548.4 -2270.2 -19.1 17 0 5.9 9.6 7.5 2.5 2 1 3 2 2
-6509.9 -2234.5 -21.3 2 0 8.5 8.0 7.5 2.5 2 0 3 4 4
-6511.2 -2181.0 -22.9 298 0 5.6 7.8 5.0 2.5 2 1 2 1 1
-6522.9 -2123.1 -24.5 281 0 10.3 8.8 7.5 2.5 2 0 3 0 0
-6543.9 -2115.4 -24.4 186 0 6.0 8.7 7.5 0.0 0 1 3 4 4
-6592.6 -2158.0 -21.5 358 0 9.8 15.5 7.5 2.5 4 1 3 4 4
-6886.4 -2143.6 -15.0 265 0 12.6 13.5 5.0 2.5 2 1 2 3 3
-6790.4 -2160.0 -16.5 6 0 7.7 5.3 2.5 2.5 2 0 1 0 0
-6779.1 -2191.8 -15.6 4 0 6.6 9.2 2.5 2.5 2 1 1 5 5
-6737.7 -2257.8 -14.6 96 0 7.6 7.7 7.5 0.0 0 1 3 3 3
-6755.9 -2182.8 -16.7 181 0 11.8 7.9 2.5 2.5 2 0 1 4 4
-6770.6 -2138.2 -17.8 9 0 13.4 11.1 5.0 2.5 2 0 2 0 0
-6769.8 -2101.4 -18.9 3 0 8.1 12.0 5.0 2.5 4 1 2 0 0
-6788.2 -2031.6 -20.9 356 0 4.8 8.9 5.0 2.5 2 1 2 0 0
-6732.8 -2109.9 -19.9 177 0 14.7 12.8 2.5 2.5 2 0 1 0 0
-6745.3 -1985.2 -23.5 188 0 6.0 5.0 7.5 2.5 2 0 3 3 3
-6756.3 -1983.6 -23.4 187 0 7.4 7.8 2.5 2.5 4 1 1 2 2
-6338.6 -1143.6 -15.6 283 0 5.9 7.7 5.0 2.5 2 1 2 5 5
-6349.5 -1151.1 -15.5 292 0 8.5 6.3 5.0 0.0 0 0 2 0 0
-6339.4 -1183.5 -16.3 112 0 7.8 18.5 7.5 2.5 4 1 3 1 1
-6362.0 -1397.7 -18.9 1 0 12.5 7.0 7.5 0.0 0 0 3 0 0
-6627.2 -1071.8 -8.2 85 0 16.2 15.2 2.5 2.5 2 0 1 3 3
-6561.4 -1101.6 -10.9 268 0 12.7 23.9 7.5 2.5 2 1 3 0 0
-6843.5 -1263.8 -12.7 2 0 11.5 14.0 10.0 2.5 2 1 4 2 2
-6842.8 -1226.0 -11.9 4 0 11.7 14.9 5.0 2.5 2 1 2 4 4
-6907.3 -1108.6 -9.4 181 0 12.5 10.7 2.5 2.5 2 0 1 5 5
-6800.1 -1671.5 -20.6 358 0 13.0 11.4 7.5 0.0 0 0 3 3 3
-6783.6 -1626.6 -19.4 181 0 14.0 12.1 7.5 2.5 2 0 3 0 0
-6818.6 -1573.3 -19.4 91 0 9.6 13.2 7.5 2.5 2 1 3 0 0
-6822.8 -1518.1 -18.4 180 0 17.2 11.8 7.5 0.0 0 0 3 5 5
-6776.3 -1418.3 -16.1 205 0 10.1 7.3 5.0 2.5 2 0 2 0 0
-6673.3 -1275.3 -12.1 3 0 6.0 7.0 7.5 2.5 4 1 3 4 4
-6682.4 -1370.3 -13.9 359 0 11.9 18.5 7.5 2.5 2 1 3 0 0
-6685.5 -1419.2 -14.3 9 0 6.3 6.9 5.0 2.5 2 1 2 2 2
-6694.5 -1404.4 -14.6 356 0 16.8 14.0 5.0 2.5 2 0 2 3 3
-6684.5 -1480.1 -15.1 355 0 13.9 4.8 5.0 2.5 2 0 2 3 3
-6691.8 -1476.7 -15.3 354 0 16.9 5.3 5.0 2.5 2 0 2 0 0
-6719.3 -1529.6 -16.8 356 0 10.0 12.1 2.5 2.5 2 1 1 4 4
-6729.2 -1677.4 -18.7 76 0 6.4 8.8 5.0 2.5 2 1 2 3 3
-6752.6 -1576.3 -17.9 170 0 13.0 10.5 10.0 2.5 2 0 4 1 1
-6710.0 -1578.0 -17.3 6 0 12.7 19.1 7.5 2.5 2 1 3 4 4
-6670.3 -1599.7 -16.4 354 0 7.6 9.2 7.5 2.5 2 1 3 5 5
-6666.2 -1644.1 -17.1 355 0 13.0 16.1 10.0 2.5 2 1 4 4 4
-6699.6 -1675.8 -18.0 88 0 12.2 13.4 5.0 0.0 0 1 2 0 0
-6651.8 -1402.9 -13.2 173 0 13.9 15.3 5.0 0.0 0 1 2 3 3
-6644.3 -1445.9 -13.5 174 0 10.4 21.4 2.5 2.5 4 1 1 3 3
-6606.4 -1446.0 -12.6 173 0 18.8 13.2 7.5 2.5 4 0 3 3 3
-6601.1 -1473.8 -12.8 175 0 9.0 6.4 5.0 2.5 2 0 2 3 3
-6620.9 -1469.0 -13.3 181 0 14.3 14.2 7.5 2.5 2 0 3 4 4
-6648.6 -1467.2 -13.9 177 0 11.7 18.2 2.5 2.5 2 1 1 4 4
-6649.6 -1492.3 -14.3 176 0 14.0 11.3 2.5 2.5 2 0 1 0 0
-6621.5 -1370.6 -12.0 186 0 9.9 6.5 5.0 2.5 2 0 2 2 2
-6558.9 -1191.4 -11.6 272 0 3.6 11.8 5.0 2.5 2 1 2 5 5
-6504.8 -1362.9 -14.1 90 0 10.5 11.8 2.5 2.5 2 1 1 5 5
-6477.6 -1346.1 -14.8 358 0 10.0 13.0 5.0 2.5 2 1 2 0 0
-6497.4 -1327.3 -14.1 356 0 7.9 6.0 5.0 2.5 2 0 2 3 3
-6476.0 -1293.3 -14.7 6 0 6.1 10.3 5.0 2.5 2 1 2 4 4
-6504.8 -1269.3 -14.0 176 0 9.0 11.4 7.5 0.0 0 1 3 2 2
-6545.1 -1244.8 -12.5 181 0 9.6 9.2 5.0 2.5 2 0 2 4 4
-6540.1 -1232.5 -12.8 179 0 12.4 11.7 7.5 2.5 2 0 3 1 1
-6496.2 -1221.5 -14.3 179 0 15.6 13.9 7.5 2.5 2 0 3 0 0
-6503.0 -1093.3 -11.4 279 0 7.5 10.4 5.0 2.5 2 1 2 0 0
-6501.8 -1117.2 -12.1 274 0 13.5 12.4 7.5 2.5 2 0 3 0 0
-6470.2 -1080.6 -11.7 99 0 16.6 13.1 2.5 2.5 2 0 1 4 4
-6438.0 -1117.1 -13.3 273 0 12.6 16.7 2.5 2.5 2 1 1 5 5
-6450.7 -1162.6 -14.0 269 0 14.5 9.5 5.0 2.5 2 0 2 0 0
-6433.3 -1250.2 -15.9 355 0 6.3 6.1 5.0 2.5 2 0 2 4 4
-6397.2 -1309.1 -17.4 357 0 9.2 9.6 7.5 2.5 2 1 3 1 1
-6406.0 -1448.1 -17.7 89 0 9.5 14.4 5.0 2.5 2 1 2 4 4
-6470.3 -1385.3 -15.4 96 0 8.9 12.6 5.0 2.5 2 1 2 1 1
-6471.4 -1413.8 -15.5 100 0 11.4 8.8 5.0 2.5 4 0 2 5 5
-6495.0 -1469.4 -14.7 359 0 7.2 8.2 2.5 2.5 2 1 1 4 4
-6511.3 -1435.7 -14.0 6 0 9.4 13.5 2.5 2.5 2 1 1 2 2
-6543.8 -1498.8 -13.2 5 0 6.5 7.0 7.5 2.5 2 1 3 2 2
-6524.9 -1539.0 -14.0 284 0 6.6 5.6 2.5 2.5 2 0 1 3 3
-6467.3 -1534.8 -16.0 276 0 11.9 12.9 5.0 2.5 2 1 2 3 3
-6436.6 -1645.1 -14.7 86 0 10.8 10.8 7.5 2.5 2 0 3 5 5
-6476.2 -1639.3 -14.6 97 0 9.3 7.0 5.0 2.5 2 0 2 4 4
-6531.6 -1634.1 -14.2 93 0 9.9 11.2 7.5 2.5 2 1 3 3 3
-6571.1 -1635.7 -14.3 85 0 6.3 5.8 5.0 2.5 2 0 2 1 1
-6557.3 -1655.7 -14.3 84 0 5.9 6.5 5.0 2.5 2 1 2 1 1
-6586.5 -1669.2 -15.2 77 0 7.8 10.1 2.5 0.0 0 1 1 1 1
-6638.2 -1560.3 -14.9 175 0 13.1 25.5 7.5 2.5 2 1 3 0 0
-6633.5 -1577.7 -15.0 174 0 16.1 12.1 5.0 2.5 2 0 2 0 0
-6639.1 -1620.3 -15.7 178 0 8.3 8.5 5.0 2.5 2 1 2 1 1
-6637.1 -1646.5 -16.0 171 0 9.2 8.9 2.5 0.0 0 0 1 2 2
-6602.4 -1662.1 -15.5 87 0 12.3 8.6 7.5 2.5 2 0 3 4 4
-6618.4 -1663.4 -15.8 94 0 9.7 10.4 7.5 0.0 0 1 3 3 3
-6631.2 -1665.8 -16.2 86 0 10.8 9.3 5.0 2.5 2 0 2 4 4
-6545.4 -5688.6 -23.3 96 0 12.0 33.4 12.5 0.0 0 1 5 5 5
-6398.7 -5872.8 -30.2 271 0 5.0 13.3 7.5 2.5 2 1 3 2 2
-6568.8 -6181.3 -18.5 3 0 8.5 8.2 2.5 2.5 2 0 1 2 2
-6668.5 -6040.5 -19.9 276 0 9.1 18.2 7.5 2.5 2 1 3 4 4
-6406.7 -6000.2 -28.5 270 0 5.1 11.1 5.0 2.5 2 1 2 4 4
-6492.9 -5393.5 -19.0 268 0 8.4 8.7 7.5 2.5 2 1 3 1 1
-6484.0 -5551.6 -19.4 359 0 4.7 6.4 7.5 2.5 4 1 3 1 1
-6533.9 -5452.7 -16.7 359 0 8.1 6.5 7.5 2.5 4 0 3 3 3
-6543.8 -5392.4 -16.6 269 0 16.9 16.2 12.5 2.5 2 0 5 2 2
-6532.1 -5379.3 -16.9 269 0 5.3 10.0 2.5 2.5 2 1 1 4 4
-6535.2 -5319.7 -16.8 87 0 10.1 10.6 7.5 2.5 2 1 3 2 2
-6582.8 -5356.1 -14.1 1 0 4.5 7.8 5.0 2.5 2 1 2 2 2
-6603.6 -5282.3 -13.2 271 0 11.4 11.2 5.0 0.0 0 0 2 2 2
-6695.3 -5377.0 -8.9 223 0 7.6 15.5 5.0 2.5 2 1 2 0 0
-6639.2 -5505.5 -12.1 91 0 4.7 8.8 5.0 2.5 2 1 2 4 4
-6596.4 -5469.6 -13.7 91 0 8.0 4.8 2.5 2.5 2 0 1 4 4
-6568.8 -5488.6 -15.2 91 0 6.7 4.8 5.0 2.5 2 0 2 5 5
-6576.9 -5490.2 -14.7 91 0 7.0 5.6 7.5 2.5 2 0 3 5 5
-6605.7 -5544.2 -14.7 91 0 13.2 12.5 5.0 2.5 2 0 2 1 1
-6586.6 -5567.2 -16.7 181 0 12.8 11.4 10.0 2.5 2 0 4 0 0
-6594.3 -5581.4 -17.1 181 0 7.5 7.6 2.5 2.5 2 1 1 1 1
-6687.5 -5452.6 -9.1 76 0 11.4 8.2 5.0 2.5 2 0 2 4 4
-6679.1 -5502.1 -11.4 81 0 13.5 10.5 5.0 2.5 2 0 2 4 4
-6664.8 -5564.6 -15.0 88 0 15.5 14.1 5.0 2.5 2 0 2 0 0
-6600.3 -5250.4 -13.4 270 0 10.7 9.5 5.0 2.5 2 0 2 3 3
-6616.2 -321.9 -2.9 179 0 15.2 14.9 7.5 2.5 2 0 3 2 2
-6712.6 -381.4 -1.3 185 0 17.9 33.4 10.0 2.5 2 1 4 1 1
-6851.8 -153.9 -0.3 181 0 9.0 9.3 2.5 2.5 2 1 1 1 1
-6873.6 -230.7 2.4 181 0 6.6 6.5 7.5 2.5 2 0 3 5 5
-6889.2 -260.8 2.8 181 0 12.0 12.4 5.0 2.5 2 1 2 1 1
-6876.0 -445.1 5.3 285 0 5.5 9.2 2.5 2.5 4 1 1 0 0
-6898.4 -403.9 6.3 195 0 6.3 7.4 5.0 2.5 2 1 2 2 2
-6900.7 -414.7 6.0 195 0 6.7 9.8 5.0 2.5 2 1 2 1 1
-6909.2 -340.7 5.9 193 0 6.3 7.8 7.5 2.5 2 1 3 5 5
-6880.3 -363.0 5.8 182 0 6.1 5.0 5.0 2.5 4 0 2 3 3
-6817.7 -356.5 3.9 92 0 5.7 6.9 7.5 2.5 4 1 3 5 5
-6851.2 -341.2 5.2 273 0 5.5 7.8 5.0 2.5 2 1 2 5 5
-6850.8 -329.3 5.3 183 0 9.4 5.9 2.5 2.5 4 0 1 3 3
-6848.8 -315.4 5.5 183 0 8.3 5.6 5.0 2.5 2 0 2 4 4
-6836.5 -277.3 5.8 273 0 5.3 7.7 7.5 0.0 0 1 3 5 5
-6829.4 -278.3 5.5 273 0 6.4 7.5 5.0 2.5 2 1 2 2 2
-6642.8 -426.3 -3.9 183 0 9.9 16.0 2.5 2.5 2 1 1 4 4
-6651.1 -409.9 -2.7 3 0 18.3 19.5 7.5 2.5 2 1 3 4 4
-6413.9 -4511.2 -16.6 181 0 12.3 12.2 5.0 2.5 2 0 2 2 2
-6414.3 -4099.2 -10.9 270 0 6.6 11.6 5.0 2.5 2 1 2 4 4
-6654.5 -3962.5 -23.8 92 0 8.7 5.0 7.5 0.0 0 0 3 2 2
-6609.7 -3922.1 -24.3 19 0 8.7 14.1 7.5 2.5 2 1 3 3 3
-6608.2 -3966.6 -23.2 91 0 5.6 6.8 7.5 2.5 2 1 3 2 2
-6619.6 -3969.4 -24.2 91 0 12.2 10.9 7.5 2.5 2 0 3 1 1
-6459.7 -4041.0 -14.1 1 0 16.9 19.1 10.0 2.5 2 1 4 0 0
-6510.6 -4047.6 -16.0 181 0 4.4 8.0 7.5 2.5 2 1 3 3 3
-6497.8 -4027.6 -15.7 271 0 15.7 14.7 5.0 2.5 2 0 2 0 0
-6603.0 -4071.2 -23.0 21 0 8.5 8.2 5.0 2.5 2 0 2 3 3
-6615.7 -4020.3 -23.7 272 0 11.7 10.0 7.5 2.5 2 0 3 1 1
-6640.0 -4056.0 -24.5 184 0 7.1 7.1 7.5 2.5 2 1 3 0 0
-6482.0 -3189.3 -22.8 90 0 9.2 6.8 5.0 2.5 2 0 2 5 5
-6413.9 -3303.2 -22.4 180 0 12.7 11.5 7.5 2.5 4 0 3 1 1
-6396.9 -3345.0 -22.2 180 0 8.1 11.5 5.0 2.5 2 1 2 5 5
-6548.5 -3210.1 -22.4 180 0 5.7 5.3 7.5 2.5 2 0 3 1 1
-6496.8 -3269.4 -22.3 270 0 17.9 21.5 10.0 2.5 2 1 4 3 3
-6660.2 -3275.9 -20.3 271 0 6.5 10.5 5.0 2.5 2 1 2 4 4
-6662.7 -3305.7 -19.4 271 0 6.0 10.1 2.5 2.5 4 1 1 1 1
-6600.9 -3313.3 -21.3 271 0 16.1 10.8 10.0 2.5 4 0 4 1 1
-6662.2 -3426.1 -16.0 1 0 5.7 6.7 7.5 2.5 2 1 3 3 3
-6818.8 -3778.4 -13.2 186 0 6.9 17.8 5.0 2.5 2 1 2 5 5
-6770.3 -3514.4 -12.9 91 0 3.4 15.9 2.5 2.5 2 1 1 2 2
-6704.8 -3508.2 -14.9 104 0 7.6 4.9 2.5 2.5 2 0 1 5 5
-6702.3 -3503.0 -14.9 104 0 13.6 12.7 5.0 2.5 2 0 2 3 3
-6819.1 -3687.2 -12.1 181 0 9.7 9.5 5.0 0.0 0 0 2 1 1
-6802.5 -3706.0 -12.5 181 0 12.0 7.8 2.5 2.5 4 0 1 3 3
-6828.9 -3725.0 -12.3 0 0 6.5 8.9 7.5 2.5 2 1 3 1 1
-6844.0 -3708.3 -11.7 353 0 8.0 4.5 7.5 2.5 2 0 3 0 0
-6843.8 -3700.1 -11.7 354 0 4.6 11.7 5.0 2.5 2 1 2 2 2
-6851.4 -3676.6 -11.2 360 0 14.6 15.5 2.5 0.0 0 1 1 0 0
-6874.5 -3646.2 -10.1 355 0 6.2 11.7 5.0 2.5 2 1 2 0 0
-6842.6 -3553.0 -10.4 360 0 9.4 9.2 5.0 2.5 2 0 2 2 2
-6845.9 -3479.6 -9.7 271 0 8.6 11.6 5.0 2.5 2 1 2 0 0
-6870.5 -3500.2 -9.6 279 0 10.9 12.4 5.0 2.5 2 1 2 4 4
-6911.2 -3511.4 -8.6 180 0 11.5 11.5 2.5 2.5 2 1 1 0 0
-6911.1 -3601.0 -9.1 170 0 7.7 15.8 2.5 2.5 2 1 1 1 1
-6832.9 -3756.0 -12.3 7 0 7.9 6.5 2.5 2.5 2 0 1 2 2
-6798.5 -1057.0 -8.2 277 0 9.9 11.2 5.0 2.5 2 1 2 3 3
-6865.6 -1054.3 -8.1 183 0 10.1 9.6 5.0 0.0 0 0 2 1 1
-6789.1 -708.8 -0.4 200 0 7.3 7.6 7.5 2.5 2 1 3 5 5
-6771.0 -750.1 -1.3 181 0 10.8 18.2 2.5 2.5 4 1 1 4 4
-6497.5 -757.1 4.8 213 0 7.2 5.6 5.0 2.5 2 0 2 2 2
-6498.1 -810.5 6.9 88 0 7.5 6.1 5.0 2.5 4 0 2 0 0
-6659.9 -827.1 2.2 88 0 9.5 13.4 2.5 2.5 2 1 1 0 0
-6651.1 -822.8 3.1 88 0 6.6 6.7 7.5 2.5 2 1 3 1 1
-6622.1 -763.2 2.7 358 0 11.0 8.3 5.0 2.5 2 0 2 1 1
-6613.8 -763.5 3.7 358 0 13.2 7.3 7.5 2.5 2 0 3 2 2
-6644.2 -597.0 -3.4 358 0 7.1 5.4 5.0 2.5 4 0 2 1 1
-6702.3 -558.8 -1.4 88 0 11.7 11.1 7.5 0.0 0 0 3 1 1
-6637.8 -483.7 -4.7 179 0 9.9 7.7 5.0 2.5 2 0 2 2 2
-6544.5 -481.2 -3.2 179 0 7.2 7.6 2.5 2.5 2 1 1 5 5
-6571.9 -611.3 -4.7 88 0 8.0 6.5 7.5 2.5 2 0 3 1 1
-6570.2 -604.1 -5.6 88 0 13.2 10.4 2.5 2.5 2 0 1 2 2
-6391.0 -930.7 -10.0 88 0 8.8 7.2 5.0 2.5 2 0 2 4 4
-6446.0 -1059.3 -11.6 359 0 8.9 6.3 7.5 2.5 2 0 3 1 1
-6464.3 -1058.8 -11.5 178 0 9.6 10.2 5.0 2.5 2 1 2 1 1
-6502.2 -981.9 -9.2 206 0 13.5 12.2 7.5 0.0 0 0 3 1 1
-6514.8 -1003.2 -9.6 201 0 9.6 17.3 7.5 2.5 4 1 3 0 0
-6524.8 -1030.0 -9.7 185 0 5.0 9.1 7.5 2.5 2 1 3 1 1
-6532.3 -1031.4 -9.5 185 0 9.7 6.5 2.5 0.0 0 0 1 2 2
-6525.4 -1068.8 -10.3 95 0 10.0 6.2 5.0 2.5 4 0 2 0 0
-6598.6 -1021.2 -7.2 286 0 11.7 14.6 7.5 2.5 4 1 3 0 0
-6642.6 -1062.9 -7.7 84 0 7.0 7.8 5.0 2.5 2 1 2 5 5
-6568.0 -1037.3 -8.8 20 0 11.1 9.8 2.5 2.5 2 0 1 1 1
-6553.1 -968.7 -7.9 196 0 14.7 8.6 5.0 2.5 2 0 2 3 3
-6529.8 -967.5 -8.0 11 0 4.6 11.2 5.0 0.0 0 1 2 5 5
-6526.6 -955.9 -8.0 10 0 17.8 12.2 2.5 2.5 2 0 1 0 0
-6424.6 -923.2 -9.2 116 0 5.1 6.6 5.0 2.5 2 1 2 2 2
-6468.4 -910.3 -8.3 214 0 10.7 10.1 5.0 2.5 2 0 2 1 1
-6436.8 -914.4 -9.0 201 0 8.8 9.7 7.5 2.5 2 1 3 2 2
-6423.0 -892.9 -8.7 214 0 11.6 6.0 5.0 2.5 2 0 2 3 3
-6425.2 -880.8 -8.4 181 0 4.8 6.8 5.0 2.5 2 1 2 1 1
-6424.8 -875.1 -8.3 181 0 5.1 6.2 7.5 2.5 2 1 3 2 2
-6418.0 -878.5 -8.5 181 0 4.6 8.7 7.5 2.5 2 1 3 2 2
-6430.7 -864.1 -8.1 179 0 14.0 12.1 10.0 0.0 0 0 4 5 5
-6422.9 -806.9 -6.9 179 0 5.8 5.3 2.5 2.5 2 0 1 1 1
-6423.6 -799.5 -6.7 179 0 7.8 8.3 2.5 2.5 2 1 1 4 4
-6437.9 -672.6 -5.9 335 0 7.6 6.2 7.5 2.5 2 0 3 4 4
-6470.4 -593.3 -2.2 358 0 4.1 8.0 2.5 2.5 2 1 1 3 3
-6478.8 -574.8 -2.1 268 0 14.2 16.3 10.0 2.5 2 1 4 5 5
-6538.5 -647.0 -3.1 4 0 8.1 13.9 5.0 2.5 2 1 2 0 0
-6565.3 -643.4 -1.5 274 0 10.7 5.9 7.5 2.5 2 0 3 0 0
-6599.7 -702.5 2.9 89 0 11.2 15.4 5.0 2.5 2 1 2 1 1
-6628.3 -613.0 -2.7 269 0 6.8 9.1 7.5 2.5 2 1 3 1 1
-6635.7 -624.7 -2.4 269 0 12.6 15.2 7.5 2.5 2 1 3 1 1
-6612.4 -601.0 -5.6 91 0 8.6 34.8 7.5 2.5 2 1 3 1 1
-6637.8 -509.1 -5.3 179 0 9.8 9.8 7.5 2.5 2 1 3 4 4
-6637.6 -537.3 -5.5 179 0 15.6 6.9 7.5 2.5 2 0 3 3 3
-6639.9 -521.4 -5.3 180 0 5.2 8.4 7.5 2.5 2 1 3 5 5
-6634.1 -555.3 -5.5 179 0 14.4 5.0 7.5 2.5 2 0 3 2 2
-6647.9 -553.9 -4.7 359 0 6.0 8.6 2.5 2.5 2 1 1 2 2
-6648.3 -562.6 -4.4 359 0 7.9 8.8 2.5 2.5 2 1 1 4 4
-6650.3 -524.0 -4.8 359 0 12.7 9.5 7.5 2.5 2 0 3 3 3
-6670.5 -507.3 -3.8 359 0 13.8 16.6 5.0 2.5 2 1 2 5 5
-6897.9 -3990.4 -10.1 186 0 20.0 9.9 7.5 2.5 2 0 3 1 1
-6912.4 -3972.1 -9.4 181 0 9.8 11.3 7.5 2.5 4 1 3 0 0
-6849.3 -3922.2 -12.1 181 0 9.7 6.6 7.5 2.5 2 0 3 4 4
-6845.5 -3934.5 -12.3 181 0 8.3 6.3 2.5 2.5 2 0 1 4 4
-6860.1 -3934.0 -11.5 180 0 7.3 5.1 7.5 2.5 4 0 3 1 1
-6874.2 -3921.4 -10.6 1 0 4.1 9.6 5.0 2.5 2 1 2 4 4
-6873.4 -3961.3 -10.7 1 0 7.9 20.6 2.5 2.5 2 1 1 2 2
-6725.9 -3998.3 -17.0 269 0 5.6 10.9 5.0 0.0 0 1 2 1 1
-6740.1 -4010.8 -16.4 269 0 8.7 8.3 2.5 2.5 4 0 1 2 2
-6769.8 -3986.9 -15.8 269 0 5.8 10.1 5.0 2.5 2 1 2 1 1
-6769.8 -3999.2 -16.0 269 0 8.2 16.3 5.0 2.5 2 1 2 0 0
-6758.3 -3989.3 -16.1 269 0 11.6 25.9 7.5 0.0 0 1 3 5 5
-6770.5 -3901.2 -14.8 90 0 13.4 6.6 5.0 2.5 2 0 2 2 2
-6742.9 -3942.6 -15.9 94 0 10.4 9.0 2.5 2.5 4 0 1 1 1
-6761.5 -3965.9 -15.6 96 0 13.7 14.0 7.5 0.0 0 1 3 4 4
-6749.6 -3972.1 -15.8 92 0 7.6 20.9 5.0 2.5 2 1 2 4 4
-6738.9 -3973.2 -16.3 91 0 12.3 10.1 7.5 2.5 2 0 3 3 3
-6720.2 -3954.1 -17.7 91 0 5.9 8.8 7.5 2.5 2 1 3 1 1
-6695.9 -3969.8 -20.0 91 0 8.4 7.3 7.5 0.0 0 0 3 5 5
-6704.4 -3953.7 -19.3 91 0 7.9 20.8 5.0 2.5 2 1 2 0 0
-6867.1 -3875.9 -10.9 0 0 11.6 12.5 2.5 2.5 4 1 1 3 3
-6827.4 -3800.2 -13.2 180 0 8.6 11.7 5.0 2.5 2 1 2 5 5
-6832.8 -3814.8 -12.7 180 0 9.0 6.5 5.0 2.5 2 0 2 4 4
-6832.9 -3830.1 -12.8 180 0 5.6 8.1 2.5 2.5 2 1 1 0 0
-6814.2 -3842.8 -13.7 180 0 6.2 6.7 2.5 2.5 2 1 1 1 1
-6813.8 -3831.6 -13.8 180 0 11.4 14.4 7.5 2.5 2 1 3 4 4
-6857.0 -3954.6 -12.0 181 0 11.4 11.0 2.5 2.5 2 0 1 3 3
-6890.8 -4076.8 -10.4 175 0 11.3 6.5 5.0 0.0 0 0 2 5 5
-6889.5 -4063.0 -10.6 175 0 11.9 9.2 7.5 2.5 2 0 3 4 4
-6869.3 -4042.7 -11.8 173 0 14.1 14.9 5.0 2.5 2 1 2 2 2
-6800.9 -4027.3 -14.8 256 0 15.1 10.5 10.0 2.5 2 0 4 3 3
-6748.2 -3922.9 -16.4 71 0 32.1 16.4 12.5 2.5 2 0 5 4 4
-6796.0 -3964.9 -14.7 96 0 6.4 20.9 7.5 2.5 2 1 3 3 3
-6788.9 -3966.3 -15.0 96 0 7.2 22.3 7.5 2.5 2 1 3 1 1
-6777.0 -3967.4 -15.5 96 0 15.0 36.3 10.0 2.5 2 1 4 2 2
-6739.7 -3888.3 -16.1 270 0 7.0 5.1 7.5 2.5 2 0 3 5 5
-6906.5 -6785.6 -20.5 197 0 8.4 11.1 7.5 0.0 0 1 3 2 2
-6697.0 -6812.0 -25.3 359 0 9.1 7.4 2.5 2.5 2 0 1 4 4
-6715.5 -6830.7 -23.2 89 0 5.2 7.0 5.0 0.0 0 1 2 5 5
-6740.2 -6807.6 -25.5 89 0 7.0 11.9 7.5 2.5 2 1 3 3 3
-6400.8 -3118.0 -23.5 173 0 11.1 15.8 5.0 2.5 2 1 2 5 5
-6445.8 -2875.9 -15.4 351 0 8.3 11.7 5.0 2.5 2 1 2 3 3
-6460.0 -2894.0 -16.2 14 0 13.0 17.6 7.5 2.5 2 1 3 3 3
-6524.3 -2884.6 -15.9 157 0 6.6 10.6 5.0 2.5 2 1 2 2 2
-6461.2 -3089.5 -23.4 2 0 9.9 6.5 7.5 2.5 4 0 3 4 4
-6416.6 -3117.6 -23.4 334 0 8.6 6.5 2.5 0.0 0 0 1 3 3
-6433.0 -3114.3 -23.3 331 0 12.5 15.8 5.0 2.5 2 1 2 5 5
-6429.4 -3160.7 -23.1 65 0 8.5 9.3 5.0 2.5 2 1 2 4 4
-6474.7 -3030.7 -21.9 359 0 9.1 8.4 2.5 2.5 2 0 1 5 5
-6499.1 -2975.5 -19.8 359 0 12.5 11.8 5.0 2.5 2 0 2 0 0
-6544.9 -2968.3 -19.5 359 0 6.9 5.6 5.0 2.5 2 0 2 1 1
-6534.5 -2971.4 -19.6 1 0 7.8 6.4 7.5 2.5 2 0 3 1 1
-6534.4 -2995.8 -20.8 11 0 15.9 15.2 5.0 2.5 4 0 2 1 1
-6627.7 -2942.0 -19.0 0 0 13.7 15.6 5.0 2.5 4 1 2 3 3
-6561.4 -2958.9 -19.3 0 0 11.7 13.9 5.0 2.5 2 1 2 1 1
-6532.7 -2918.6 -17.7 270 0 6.8 11.4 7.5 2.5 2 1 3 3 3
-6518.3 -2940.9 -18.3 0 0 8.6 10.0 2.5 2.5 2 1 1 1 1
-6516.5 -2949.5 -18.6 0 0 6.6 11.1 7.5 0.0 0 1 3 2 2
-6575.9 -2925.9 -18.1 359 0 13.7 15.5 5.0 2.5 2 1 2 3 3
-6609.7 -2889.9 -17.6 0 0 12.0 8.8 7.5 2.5 2 0 3 3 3
-6626.8 -2872.5 -18.0 275 0 8.9 12.4 5.0 0.0 0 1 2 4 4
-6634.0 -2876.3 -18.3 1 0 7.3 8.6 7.5 2.5 2 1 3 1 1
-6684.0 -2941.2 -19.2 96 0 7.7 11.9 7.5 2.5 2 1 3 2 2
-6676.7 -2971.4 -20.1 94 0 6.0 9.6 7.5 2.5 2 1 3 2 2
-6665.2 -3007.8 -21.5 93 0 6.6 7.7 7.5 0.0 0 1 3 4 4
-6663.4 -2989.2 -20.8 91 0 7.1 5.8 5.0 2.5 2 0 2 0 0
-6620.3 -3017.0 -21.7 89 0 14.3 11.1 7.5 2.5 2 0 3 1 1
-6632.0 -3057.8 -23.0 111 0 14.8 14.2 7.5 2.5 2 0 3 0 0
-6863.9 -4203.5 -11.6 0 0 5.8 5.5 7.5 2.5 2 0 3 2 2
-6818.5 -4116.8 -13.9 75 0 10.3 21.3 7.5 2.5 2 1 3 3 3
-6706.7 -4148.4 -18.5 271 0 10.4 6.8 7.5 0.0 0 0 3 4 4
-6884.9 -4281.9 -11.1 94 0 14.6 18.9 10.0 2.5 2 1 4 2 2
-6868.0 -4279.6 -12.0 109 0 11.1 14.7 7.5 2.5 2 1 3 1 1
-6803.2 -4305.7 -14.7 0 0 8.1 5.1 5.0 0.0 0 0 2 4 4
-6834.8 -4290.0 -13.6 180 0 9.0 8.6 5.0 2.5 2 0 2 0 0
-6840.0 -4311.3 -13.5 180 0 9.0 10.8 2.5 2.5 2 1 1 3 3
-6825.6 -4094.2 -13.4 90 0 7.5 10.8 5.0 2.5 2 1 2 4 4
-6850.4 -4093.0 -12.8 180 0 11.1 14.8 7.5 2.5 2 1 3 4 4
-6817.9 -4168.2 -13.8 25 0 6.5 5.8 7.5 2.5 2 0 3 2 2
-6824.8 -4161.2 -13.4 360 0 7.8 12.7 5.0 2.5 2 1 2 3 3
-6863.6 -4155.4 -12.2 180 0 11.3 12.9 5.0 2.5 4 1 2 3 3
-6879.3 -4136.6 -11.4 180 0 14.7 12.5 5.0 2.5 4 0 2 3 3
-6831.5 -4188.3 -13.1 360 0 14.1 12.5 5.0 2.5 2 0 2 3 3
-6806.8 -4130.0 -14.2 10 0 9.1 7.0 5.0 0.0 0 0 2 3 3
-6790.6 -4197.3 -15.7 180 0 6.1 11.6 5.0 2.5 2 1 2 2 2
-6789.2 -4173.2 -15.8 180 0 4.6 14.4 5.0 2.5 2 1 2 3 3
-6758.9 -4106.9 -16.8 91 0 12.0 14.1 5.0 2.5 2 1 2 2 2
-6568.0 -2352.5 -15.7 91 0 7.6 5.4 7.5 2.5 2 0 3 2 2
-6546.4 -2300.6 -18.0 1 0 5.6 5.5 7.5 2.5 2 0 3 3 3
-6537.1 -2298.6 -18.4 1 0 7.9 6.7 7.5 2.5 2 0 3 0 0
-6420.2 -2467.2 -15.1 270 0 11.5 17.6 5.0 2.5 2 1 2 1 1
-6474.1 -2506.5 -12.3 271 0 8.0 11.4 2.5 2.5 2 1 1 3 3
-6510.3 -2510.0 -11.9 181 0 8.9 24.2 7.5 2.5 2 1 3 1 1
-6601.3 -2559.7 -10.0 9 0 16.3 17.0 12.5 2.5 2 1 5 2 2
-6615.2 -2469.3 -10.2 88 0 7.4 5.2 5.0 2.5 2 0 2 5 5
-6676.6 -2464.4 -9.0 162 0 8.5 9.5 7.5 0.0 0 1 3 0 0
-6653.8 -2463.9 -9.4 262 0 15.4 14.8 2.5 2.5 2 0 1 2 2
-6632.5 -2295.0 -16.2 91 0 5.8 5.4 7.5 2.5 4 0 3 0 0
-6697.5 -2417.2 -10.3 169 0 14.2 11.5 5.0 2.5 2 0 2 2 2
-6695.3 -2405.8 -10.7 173 0 5.6 11.8 7.5 2.5 2 1 3 4 4
-6637.9 -2368.6 -13.6 91 0 12.3 10.9 2.5 2.5 2 0 1 4 4
-6718.2 -6499.0 -23.4 91 0 8.2 10.7 7.5 2.5 2 1 3 4 4
-6740.9 -6510.7 -22.8 91 0 7.9 6.4 7.5 2.5 2 0 3 5 5
-6761.4 -6501.7 -22.1 91 0 8.1 10.0 5.0 2.5 2 1 2 0 0
-6814.8 -6503.5 -20.4 28 0 7.4 9.0 5.0 2.5 2 1 2 2 2
-6862.0 -6487.6 -19.0 271 0 12.2 8.8 7.5 2.5 2 0 3 1 1
-6854.1 -6494.3 -19.5 181 0 7.6 12.6 7.5 2.5 2 1 3 0 0
-6850.7 -6503.8 -19.5 271 0 11.9 11.5 10.0 2.5 4 0 4 0 0
-6861.6 -6504.0 -19.1 271 0 5.9 12.4 5.0 2.5 2 1 2 0 0
-6908.9 -6494.4 -17.8 181 0 13.6 12.4 5.0 2.5 2 0 2 2 2
-6905.7 -6541.8 -18.1 181 0 6.4 5.0 2.5 2.5 2 0 1 0 0
-6829.8 -6545.0 -20.3 1 0 15.4 12.1 7.5 0.0 0 0 3 4 4
-6912.8 -6587.3 -18.6 181 0 12.9 13.7 2.5 2.5 2 1 1 1 1
-6890.3 -6579.1 -19.3 181 0 10.3 16.3 10.0 2.5 2 1 4 2 2
-6893.1 -6597.8 -19.3 181 0 7.8 13.4 7.5 2.5 2 1 3 1 1
-6905.7 -6670.1 -19.5 181 0 14.8 10.1 2.5 2.5 2 0 1 5 5
-6897.9 -6648.5 -19.5 181 0 11.7 11.1 5.0 2.5 2 0 2 2 2
-6903.6 -6778.5 -20.4 179 0 4.4 8.4 2.5 2.5 2 1 1 2 2
-6857.5 -6758.8 -21.5 89 0 7.4 8.8 5.0 2.5 2 1 2 2 2
-6839.3 -6725.6 -21.7 359 0 8.7 7.1 2.5 2.5 2 0 1 5 5
-6852.3 -6726.3 -21.4 179 0 8.4 4.3 5.0 2.5 2 0 2 5 5
-6817.5 -6732.9 -22.4 359 0 10.8 10.6 5.0 2.5 2 0 2 2 2
-6825.3 -6778.0 -22.7 89 0 7.3 7.6 7.5 2.5 2 1 3 1 1
-6803.2 -6750.1 -23.1 317 0 5.8 5.4 5.0 2.5 2 0 2 5 5
-6871.1 -2385.6 -7.6 92 0 9.9 11.2 2.5 2.5 2 1 1 4 4
-6726.4 -2341.4 -12.2 161 0 7.5 7.1 5.0 2.5 2 0 2 1 1
-6711.6 -2396.8 -10.5 166 0 8.5 7.4 5.0 2.5 2 0 2 5 5
-6709.4 -2416.0 -9.9 180 0 10.3 8.0 7.5 2.5 2 0 3 5 5
-6709.4 -2464.4 -8.9 180 0 7.4 10.8 5.0 2.5 2 1 2 4 4
-6898.0 -2569.3 -13.6 181 0 5.5 6.2 7.5 2.5 2 1 3 2 2
-6908.0 -2571.8 -13.7 180 0 10.4 8.6 5.0 2.5 2 0 2 0 0
-6909.4 -2518.4 -11.7 180 0 6.5 8.1 7.5 2.5 2 1 3 2 2
-6867.9 -2294.5 -10.4 177 0 11.9 8.5 5.0 2.5 2 0 2 2 2
-6873.4 -2326.4 -9.3 179 0 8.7 13.7 5.0 2.5 2 1 2 2 2
-6821.1 -2330.4 -9.9 0 0 9.5 9.8 7.5 2.5 2 1 3 3 3
-6831.0 -2384.5 -8.4 88 0 7.8 8.5 7.5 2.5 2 1 3 3 3
-6842.8 -2451.9 -10.9 189 0 9.4 14.9 5.0 2.5 2 1 2 4 4
-6789.0 -2283.8 -12.4 2 0 16.7 17.0 7.5 0.0 0 1 3 5 5
-6751.7 -2344.2 -11.3 357 0 13.2 11.4 10.0 2.5 2 0 4 0 0
-6778.9 -2363.3 -9.9 2 0 9.0 10.0 5.0 2.5 2 1 2 3 3
-6763.8 -2450.7 -9.5 2 0 6.4 5.7 2.5 2.5 4 0 1 5 5
-6729.7 -2416.9 -9.1 2 0 7.0 5.4 5.0 2.5 2 0 2 4 4
-6801.4 -2401.6 -8.7 176 0 9.1 10.8 7.5 2.5 2 1 3 1 1
-6785.9 -2482.5 -11.1 348 0 12.6 15.8 5.0 2.5 2 1 2 3 3
-6782.9 -2456.2 -10.0 1 0 7.4 6.8 7.5 2.5 2 0 3 1 1
-6811.7 -2456.7 -10.5 179 0 11.9 15.0 7.5 2.5 2 1 3 1 1
-6761.1 -2469.7 -10.0 0 0 5.7 5.5 7.5 2.5 2 0 3 5 5
-6731.8 -2474.9 -9.8 0 0 8.8 11.7 7.5 2.5 2 1 3 5 5
-6740.5 -2501.0 -10.8 358 0 14.6 14.1 7.5 2.5 2 0 3 1 1
-6742.2 -2516.9 -11.0 358 0 5.1 6.3 2.5 2.5 2 1 1 3 3
-6733.6 -2570.9 -12.5 358 0 7.7 8.5 5.0 2.5 2 1 2 1 1
-6709.1 -2566.0 -11.7 178 0 5.9 6.0 7.5 2.5 2 1 3 4 4
-6792.4 -2727.8 -18.1 272 0 10.9 9.4 2.5 2.5 4 0 1 4 4
-6700.6 -2728.6 -16.7 281 0 16.8 13.9 2.5 2.5 2 0 1 4 4
-6737.1 -2646.2 -14.7 1 0 6.0 8.0 5.0 2.5 2 1 2 3 3
-6705.0 -2601.7 -12.8 178 0 11.1 32.2 10.0 2.5 4 1 4 5 5
-6703.5 -2646.2 -14.3 320 0 21.3 10.1 2.5 2.5 2 0 1 3 3
-6810.3 -2724.1 -18.2 271 0 7.9 7.1 5.0 2.5 2 0 2 2 2
-6839.2 -2678.9 -17.3 91 0 9.6 10.8 7.5 2.5 4 1 3 0 0
-6853.3 -2694.1 -17.9 91 0 5.5 6.0 5.0 2.5 2 1 2 2 2
-6841.4 -2701.0 -17.9 91 0 7.2 7.9 2.5 2.5 2 1 1 1 1
-6838.0 -2719.7 -18.7 271 0 7.1 10.7 5.0 2.5 4 1 2 3 3
-6866.7 -2725.9 -19.4 271 0 9.1 8.7 2.5 2.5 2 0 1 5 5
-6863.2 -2663.4 -17.3 182 0 10.6 9.2 7.5 2.5 4 0 3 3 3
-6868.4 -2694.7 -18.3 90 0 10.8 8.2 7.5 2.5 2 0 3 1 1
-6866.3 -2598.8 -15.4 176 0 10.7 6.4 5.0 2.5 2 0 2 3 3
-6816.6 -2664.6 -16.5 88 0 11.8 17.0 10.0 2.5 2 1 4 3 3
-6781.4 -2580.4 -13.6 359 0 8.1 8.0 2.5 2.5 2 0 1 4 4
-6797.8 -2586.1 -14.2 359 0 13.1 13.4 5.0 2.5 2 1 2 0 0
-6783.5 -2623.6 -15.0 359 0 12.7 13.1 5.0 2.5 4 1 2 2 2
-6761.0 -2623.1 -14.6 359 0 12.0 15.5 5.0 2.5 2 1 2 1 1
-6782.9 -2674.4 -16.2 89 0 12.1 8.1 5.0 2.5 2 0 2 4 4
-6783.6 -2686.7 -16.5 89 0 12.5 11.2 10.0 2.5 2 0 4 1 1
-6757.1 -2663.4 -15.4 89 0 7.7 12.7 2.5 2.5 4 1 1 2 2
-6751.7 -2697.4 -16.3 89 0 15.5 14.0 5.0 0.0 0 0 2 5 5
-6738.4 -2733.7 -17.3 269 0 13.7 8.7 7.5 2.5 2 0 3 0 0
-6740.0 -2744.0 -17.6 269 0 14.3 7.2 7.5 2.5 2 0 3 3 3
-6751.8 -2794.3 -19.0 179 0 6.5 6.2 5.0 2.5 2 0 2 5 5
-6754.7 -2854.3 -20.9 179 0 14.4 15.5 7.5 2.5 2 1 3 2 2
-6766.1 -2875.2 -21.6 179 0 8.2 8.2 7.5 2.5 2 1 3 2 2
-6863.9 -2745.8 -19.8 269 0 8.6 6.1 7.5 2.5 2 0 3 1 1
-6846.4 -2748.9 -19.7 269 0 9.6 11.9 2.5 2.5 2 1 1 3 3
-6877.9 -2763.1 -20.4 179 0 9.3 12.1 7.5 2.5 2 1 3 3 3
-6875.9 -2777.6 -20.8 179 0 7.7 11.0 7.5 2.5 2 1 3 5 5
-6841.9 -2791.8 -20.7 359 0 5.6 6.0 2.5 2.5 2 1 1 3 3
-6825.9 -2788.8 -20.5 359 0 12.1 14.5 10.0 2.5 2 1 4 5 5
-6884.3 -2846.8 -22.9 89 0 9.9 7.1 7.5 2.5 2 0 3 4 4
-6904.8 -2832.6 -22.8 179 0 10.7 7.2 7.5 2.5 2 0 3 2 2
-6753.7 -6241.3 -18.0 90 0 8.6 6.1 7.5 2.5 4 0 3 2 2
-6900.2 -6277.4 -16.0 180 0 11.4 9.1 5.0 2.5 2 0 2 4 4
-6896.6 -6261.1 -15.9 180 0 5.4 8.2 2.5 2.5 2 1 1 0 0
-6900.5 -6298.5 -16.1 180 0 9.1 8.8 5.0 2.5 2 0 2 4 4
-6871.2 -6300.7 -16.8 90 0 5.9 8.9 5.0 2.5 2 1 2 0 0
-6887.5 -6274.6 -16.3 180 0 10.5 7.9 5.0 2.5 2 0 2 1 1
-6874.5 -6276.2 -16.7 180 0 9.6 8.5 5.0 2.5 2 0 2 1 1
-6866.6 -6199.1 -16.0 270 0 7.8 4.7 5.0 2.5 2 0 2 2 2
-6862.2 -6207.6 -16.4 270 0 13.9 10.7 2.5 2.5 2 0 1 4 4
-6818.1 -6201.4 -16.7 180 0 8.9 13.4 7.5 2.5 2 1 3 5 5
-6745.7 -6324.3 -19.8 90 0 7.6 5.8 2.5 2.5 2 0 1 4 4
-6757.3 -6325.5 -19.7 90 0 9.5 7.2 2.5 2.5 2 0 1 4 4
-6848.3 -6313.6 -17.7 90 0 11.0 10.5 7.5 2.5 2 0 3 4 4
-6851.6 -6319.5 -17.7 90 0 9.4 5.0 5.0 2.5 2 0 2 3 3
-6876.3 -6317.5 -16.8 90 0 6.0 5.5 2.5 2.5 2 0 1 3 3
-6887.9 -6330.7 -16.7 90 0 13.3 19.0 7.5 2.5 2 1 3 1 1
-6908.9 -6322.7 -16.1 180 0 7.2 10.3 2.5 2.5 2 1 1 3 3
-6874.1 -6349.6 -17.4 270 0 11.8 15.3 5.0 2.5 4 1 2 0 0
-6863.6 -6369.7 -17.8 271 0 8.9 10.8 7.5 2.5 2 1 3 4 4
-6861.5 -6341.6 -17.5 271 0 5.6 6.0 5.0 2.5 2 1 2 3 3
-6842.9 -6338.3 -18.1 271 0 8.9 7.9 7.5 2.5 2 0 3 1 1
-6823.9 -6362.6 -19.0 271 0 10.9 14.4 5.0 2.5 2 1 2 3 3
-6831.5 -6377.9 -18.9 271 0 10.5 12.3 5.0 2.5 2 1 2 0 0
-6841.1 -6408.7 -18.7 91 0 6.0 9.6 5.0 2.5 2 1 2 2 2
-6837.5 -6413.7 -19.2 181 0 10.1 11.2 7.5 2.5 2 1 3 4 4
-6825.3 -6422.6 -19.5 181 0 5.2 7.6 5.0 2.5 2 1 2 3 3
-6765.2 -6367.7 -20.8 271 0 12.0 11.5 2.5 0.0 0 0 1 5 5
-6728.2 -6392.1 -21.7 271 0 16.4 11.5 5.0 0.0 0 0 2 2 2
-6738.6 -6405.1 -21.8 271 0 8.4 8.1 5.0 0.0 0 0 2 0 0
-6768.8 -6397.2 -21.0 271 0 8.4 9.5 7.5 2.5 2 1 3 1 1
-6760.4 -6399.7 -21.2 271 0 7.1 7.2 2.5 2.5 2 1 1 0 0
-6764.8 -6408.3 -21.2 271 0 9.2 11.6 7.5 2.5 2 1 3 5 5
-6855.2 -6483.0 -19.4 181 0 13.5 12.7 2.5 0.0 0 0 1 4 4
-6822.3 -6434.0 -19.7 181 0 9.9 7.0 7.5 0.0 0 0 3 1 1
-6829.4 -6433.6 -19.5 181 0 10.1 5.4 5.0 2.5 2 0 2 0 0
-6808.5 -6482.7 -20.4 1 0 10.4 14.3 10.0 2.5 2 1 4 5 5
-6795.2 -6491.9 -21.1 91 0 14.8 11.1 5.0 2.5 2 0 2 4 4
-6736.2 -6478.3 -22.7 91 0 8.8 7.5 2.5 2.5 2 0 1 3 3
-6707.7 -6479.6 -23.5 91 0 12.0 14.2 5.0 2.5 2 1 2 0 0
-6852.8 -4515.8 -12.7 357 0 8.1 8.0 5.0 2.5 2 0 2 1 1
-6793.1 -2902.4 -22.3 179 0 4.2 7.2 7.5 0.0 0 1 3 1 1
-6737.4 -2937.1 -20.6 179 0 7.6 10.9 5.0 2.5 2 1 2 0 0
-6730.8 -2970.0 -20.4 89 0 9.2 8.9 2.5 2.5 2 0 1 3 3
-6708.4 -2972.5 -20.3 89 0 9.7 9.2 5.0 2.5 2 0 2 2 2
-6708.5 -2952.8 -19.8 89 0 5.8 7.0 7.5 2.5 2 1 3 1 1
-6694.8 -2920.4 -19.6 98 0 4.9 6.9 5.0 2.5 2 1 2 1 1
-6750.6 -2911.8 -21.1 178 0 4.6 9.1 5.0 2.5 2 1 2 2 2
-6808.4 -3159.8 -18.8 359 0 4.5 8.7 5.0 2.5 2 1 2 5 5
-6817.7 -3161.4 -18.5 359 0 5.4 6.8 5.0 2.5 2 1 2 4 4
-6841.4 -3126.7 -18.7 179 0 5.6 6.3 5.0 2.5 2 1 2 0 0
-6870.0 -3179.1 -16.1 179 0 8.0 10.6 2.5 2.5 4 1 1 3 3
-6912.3 -3084.7 -19.6 179 0 13.8 17.7 7.5 2.5 2 1 3 0 0
-6902.7 -3160.9 -16.5 179 0 7.7 8.5 5.0 2.5 2 1 2 2 2
-6548.1 -6357.9 -23.9 176 0 15.7 27.4 12.5 0.0 0 1 5 4 4
-6553.6 -6338.7 -22.6 180 0 15.0 17.5 10.0 2.5 2 1 4 0 0
-6540.0 -6282.0 -21.2 355 0 11.3 10.5 7.5 2.5 2 0 3 1 1
-6576.7 -6344.0 -21.9 90 0 17.9 16.3 10.0 2.5 2 0 4 2 2
-6575.8 -6326.1 -21.5 92 0 11.6 10.9 2.5 2.5 2 0 1 3 3
-6599.0 -6371.0 -22.6 270 0 15.7 15.4 2.5 2.5 2 0 1 3 3
-6570.1 -6211.6 -19.2 2 0 8.9 8.5 7.5 0.0 0 0 3 1 1
-6571.6 -6226.8 -19.5 355 0 13.0 9.6 2.5 2.5 2 0 1 0 0
-6647.3 -6205.1 -18.5 270 0 5.2 14.0 5.0 0.0 0 1 2 1 1
-6634.0 -6368.2 -22.1 270 0 11.6 11.0 10.0 2.5 2 0 4 4 4
-6644.6 -6380.3 -22.1 272 0 10.6 6.3 7.5 2.5 2 0 3 3 3
-6660.9 -6381.0 -22.3 267 0 13.3 24.5 10.0 2.5 2 1 4 3 3
-6633.2 -6473.9 -24.1 89 0 11.2 8.9 7.5 0.0 0 0 3 5 5
-6581.7 -6482.3 -24.8 2 0 5.7 7.1 2.5 2.5 2 1 1 0 0
-6536.2 -6452.5 -25.8 129 0 12.4 28.6 12.5 0.0 0 1 5 3 3
-6561.7 -6429.5 -23.9 357 0 8.0 7.0 7.5 2.5 2 0 3 1 1
-6862.1 -5672.7 -18.4 272 0 6.1 8.7 5.0 2.5 2 1 2 1 1
-6867.1 -5645.5 -16.7 2 0 13.7 9.2 7.5 0.0 0 0 3 1 1
-6870.9 -5613.0 -15.4 272 0 18.1 13.3 5.0 2.5 2 0 2 2 2
-6859.3 -5737.4 -21.6 359 0 5.5 6.9 7.5 2.5 2 1 3 3 3
-6842.7 -5700.3 -20.0 359 0 11.4 10.7 7.5 0.0 0 0 3 5 5
-6818.9 -5676.3 -19.1 269 0 8.7 6.3 2.5 2.5 2 0 1 5 5
-6807.7 -5672.0 -19.0 269 0 6.4 5.0 5.0 2.5 2 0 2 3 3
-6718.8 -5595.6 -15.9 89 0 14.6 12.8 5.0 2.5 2 0 2 1 1
-6768.0 -5281.2 -4.7 69 0 7.3 10.3 5.0 2.5 2 1 2 4 4
-6731.1 -5144.2 -6.6 270 0 6.6 14.8 7.5 0.0 0 1 3 4 4
-6827.6 -5158.6 -6.6 269 0 5.6 7.5 7.5 2.5 2 1 3 2 2
-6799.5 -3388.8 -13.2 178 0 15.3 11.3 2.5 2.5 2 0 1 4 4
-6810.9 -3369.3 -13.3 180 0 10.4 9.5 2.5 2.5 2 0 1 1 1
-6852.9 -3201.5 -16.2 90 0 9.8 10.0 2.5 2.5 2 1 1 4 4
-6851.4 -3430.7 -10.0 181 0 11.6 10.3 7.5 2.5 2 0 3 5 5
-6866.6 -5284.7 0.3 263 0 8.7 7.5 7.5 2.5 4 0 3 5 5
-6773.4 -5301.9 -4.5 90 0 9.5 10.7 7.5 2.5 2 1 3 3 3
-6894.8 -5361.3 -1.0 180 0 8.0 8.3 5.0 2.5 2 1 2 2 2
-6778.3 -5356.9 -4.5 241 0 8.5 10.7 7.5 2.5 2 1 3 1 1
-6770.4 -5351.5 -4.8 241 0 7.4 6.7 5.0 2.5 2 0 2 0 0
-6735.9 -5330.0 -6.7 241 0 11.1 9.0 7.5 2.5 2 0 3 1 1
-6723.2 -5436.5 -7.6 267 0 6.8 7.7 7.5 2.5 2 1 3 3 3
-6855.7 -5397.9 -4.1 270 0 7.0 15.3 7.5 2.5 4 1 3 0 0
-6871.1 -5411.6 -4.3 270 0 11.8 9.5 7.5 2.5 2 0 3 3 3
-6904.1 -5483.4 -7.7 180 0 14.3 10.7 2.5 2.5 2 0 1 4 4
-6901.7 -5501.8 -8.6 180 0 10.9 7.7 5.0 2.5 2 0 2 1 1
-6867.5 -5454.6 -6.5 180 0 9.4 6.8 7.5 2.5 2 0 3 4 4
-6840.4 -5492.6 -8.6 90 0 6.3 9.5 5.0 2.5 2 1 2 2 2
-6888.3 -5541.7 -11.1 180 0 14.7 14.3 5.0 2.5 2 0 2 4 4
-6899.6 -5556.7 -11.5 178 0 10.5 9.7 2.5 2.5 2 0 1 3 3
-6854.5 -5527.2 -10.4 358 0 6.5 8.5 2.5 2.5 2 1 1 3 3
-6782.2 -5482.9 -8.9 87 0 5.0 6.7 5.0 2.5 2 1 2 3 3
-6789.9 -5483.8 -8.8 87 0 7.7 7.6 5.0 2.5 2 0 2 4 4
-6769.5 -5481.5 -9.0 88 0 6.1 10.0 2.5 2.5 2 1 1 0 0
-6749.4 -5469.7 -9.0 178 0 10.3 11.2 5.0 2.5 2 1 2 5 5
-6705.0 -5507.5 -11.3 83 0 7.9 11.5 7.5 2.5 2 1 3 0 0
-6714.3 -5508.7 -11.2 89 0 6.2 9.0 2.5 2.5 2 1 1 2 2
-6777.8 -5548.5 -12.8 177 0 10.2 9.8 2.5 2.5 4 0 1 5 5
-6765.3 -5547.4 -12.8 163 0 10.9 9.2 5.0 2.5 2 0 2 3 3
-6753.5 -5543.5 -12.9 163 0 14.7 13.9 5.0 2.5 4 0 2 2 2
-6710.6 -5534.6 -12.7 89 0 16.3 12.7 5.0 2.5 4 0 2 5 5
-6652.0 -2731.4 -15.6 307 0 9.0 5.8 5.0 2.5 4 0 2 5 5
-6487.8 -2714.9 -12.0 93 0 6.3 5.2 2.5 2.5 2 0 1 2 2
-6637.6 -2697.9 -14.2 154 0 8.4 8.0 7.5 2.5 2 0 3 3 3
-6615.2 -2748.9 -15.3 150 0 10.0 8.8 7.5 2.5 4 0 3 4 4
-6603.8 -2765.9 -15.6 149 0 10.8 10.7 7.5 2.5 2 0 3 1 1
-6587.0 -2792.2 -16.0 149 0 9.9 6.4 7.5 2.5 2 0 3 3 3
-6524.3 -2842.6 -15.3 161 0 6.4 10.6 7.5 2.5 2 1 3 1 1
-6475.6 -2829.5 -14.2 359 0 10.2 7.6 7.5 2.5 2 0 3 1 1
-6485.7 -2830.1 -14.5 345 0 11.8 8.8 5.0 2.5 4 0 2 4 4
-6510.4 -2832.4 -15.0 172 0 9.6 13.1 5.0 2.5 4 1 2 5 5
-6518.3 -2810.0 -15.3 180 0 6.1 5.8 7.5 2.5 2 0 3 3 3
-6539.2 -2817.9 -15.8 180 0 10.3 6.8 5.0 2.5 2 0 2 3 3
-6564.2 -2828.4 -16.5 148 0 7.2 5.8 7.5 2.5 2 0 3 3 3
-6567.2 -2795.3 -15.8 180 0 8.8 8.3 2.5 2.5 2 0 1 5 5
-6549.8 -2773.0 -14.9 180 0 12.7 9.2 5.0 2.5 4 0 2 1 1
-6511.8 -2754.7 -14.0 0 0 14.8 14.2 2.5 2.5 2 0 1 5 5
-6496.4 -2762.2 -13.8 0 0 9.1 13.6 7.5 2.5 2 1 3 4 4
-6439.2 -2579.9 -10.5 270 0 11.1 10.9 2.5 2.5 2 0 1 0 0
-6435.3 -2647.7 -9.4 0 0 11.9 7.6 7.5 2.5 2 0 3 3 3
-6443.6 -2717.3 -11.3 90 0 10.8 10.5 5.0 2.5 2 0 2 5 5
-6461.3 -2681.0 -10.6 90 0 9.2 9.4 2.5 2.5 2 1 1 0 0
-6468.8 -2712.3 -11.6 90 0 10.2 12.2 2.5 2.5 2 1 1 1 1
-6493.4 -2704.1 -11.9 90 0 17.4 11.3 7.5 2.5 2 0 3 1 1
-6495.3 -2707.7 -12.1 0 0 3.9 8.3 7.5 2.5 2 1 3 2 2
-6490.1 -2719.8 -12.5 0 0 6.9 14.1 2.5 2.5 2 1 1 5 5
-6510.4 -2721.2 -12.9 0 0 11.3 14.7 5.0 2.5 2 1 2 4 4
-6557.2 -2693.2 -12.7 180 0 11.7 12.7 10.0 2.5 2 1 4 2 2
-6513.4 -2608.7 -9.6 270 0 6.8 7.1 5.0 2.5 2 1 2 5 5
-6520.8 -2606.3 -9.7 270 0 4.3 9.4 2.5 2.5 4 1 1 0 0
-6541.0 -2573.6 -9.4 270 0 14.0 13.1 5.0 2.5 2 0 2 5 5
-6562.6 -2601.8 -10.3 270 0 5.7 5.8 7.5 2.5 2 1 3 5 5
-6605.5 -2589.7 -11.0 2 0 15.8 20.1 7.5 0.0 0 1 3 5 5
-6665.9 -2579.3 -11.4 180 0 10.4 10.4 7.5 2.5 2 0 3 1 1
-6612.3 -2633.1 -12.0 180 0 8.4 6.4 7.5 2.5 2 0 3 3 3
-6622.6 -2640.7 -12.4 169 0 10.6 9.5 2.5 2.5 2 0 1 3 3
-6660.1 -2652.9 -13.3 90 0 11.8 27.9 10.0 2.5 2 1 4 4 4
-6674.0 -2645.9 -13.4 90 0 7.3 8.5 7.5 2.5 2 1 3 0 0
-6675.2 -2635.1 -13.1 90 0 8.8 25.9 7.5 2.5 2 1 3 2 2
-6575.5 -2857.0 -16.8 332 0 9.0 6.8 7.5 2.5 2 0 3 0 0
-6590.7 -2830.9 -17.4 334 0 12.1 12.9 7.5 2.5 2 1 3 0 0
-6667.7 -2717.0 -15.3 89 0 11.3 12.0 10.0 2.5 2 1 4 4 4
-6618.0 -2779.7 -16.5 337 0 9.1 11.0 5.0 2.5 2 1 2 2 2
-6653.7 -2823.3 -18.7 269 0 9.0 17.6 7.5 2.5 2 1 3 3 3
-6660.2 -2846.7 -19.1 359 0 6.4 14.5 5.0 2.5 2 1 2 3 3
-6503.9 -2845.6 -14.7 180 0 8.2 7.4 2.5 2.5 2 0 1 1 1
-6830.0 -5353.9 -1.6 72 0 8.5 9.4 2.5 2.5 2 1 1 2 2
-6721.6 -5467.2 -9.5 174 0 20.5 18.4 10.0 2.5 2 0 4 1 1
-6684.7 -5477.4 -9.9 78 0 17.5 20.9 10.0 2.5 2 1 4 4 4
-6590.7 -5505.0 -14.1 88 0 10.0 8.2 2.5 2.5 2 0 1 0 0
-6570.0 -5256.9 -14.6 0 0 14.6 14.0 5.0 2.5 2 0 2 3 3
-6463.5 -5445.3 -20.4 3 0 16.6 16.0 10.0 2.5 4 0 4 0 0
-6620.6 -6217.6 -18.8 2 0 13.2 13.7 5.0 2.5 2 1 2 0 0
-6642.9 -6258.2 -19.4 93 0 9.6 12.8 7.5 0.0 0 1 3 5 5
-6566.1 -6393.9 -23.2 2 0 17.5 12.0 7.5 2.5 2 0 3 5 5
-6548.6 -6389.9 -23.7 181 0 13.6 12.9 5.0 2.5 2 0 2 5 5
-6578.6 -6472.5 -24.7 0 0 11.2 7.2 7.5 2.5 2 0 3 5 5
-6583.2 -6229.0 -19.5 352 0 14.0 5.1 7.5 2.5 4 0 3 3 3
-6599.7 -6226.7 -19.2 359 0 9.8 15.0 7.5 2.5 2 1 3 3 3
-6830.9 -6333.8 -18.4 271 0 5.8 5.8 7.5 2.5 2 0 3 2 2
-6528.4 -6476.0 -25.8 357 0 9.0 4.6 7.5 2.5 4 0 3 5 5
-6505.1 -6573.6 -29.2 271 0 7.1 7.9 7.5 2.5 2 1 3 3 3
-6402.3 -6626.1 -31.9 309 0 7.4 8.3 2.5 2.5 4 1 1 1 1
-6837.4 -6263.2 -17.6 90 0 10.1 16.5 7.5 2.5 2 1 3 3 3
-6389.3 -4383.3 -9.3 177 0 21.3 24.4 12.5 2.5 2 1 5 0 0
-6350.8 -4404.2 -8.2 3 0 9.8 8.0 5.0 2.5 2 0 2 0 0
-6374.4 -4458.2 -11.9 88 0 4.6 10.3 2.5 2.5 2 1 1 2 2
-6443.9 -4281.0 -12.0 266 0 5.7 10.6 5.0 2.5 2 1 2 0 0
-6645.1 -3932.2 -24.8 96 0 8.5 7.6 5.0 0.0 0 0 2 5 5
-6594.2 -4018.3 -22.2 270 0 9.4 10.5 5.0 2.5 2 1 2 1 1
-6469.3 -3975.4 -14.9 87 0 10.1 7.7 7.5 2.5 2 0 3 2 2
-6395.8 -3930.4 -13.6 9 0 10.1 13.4 5.0 2.5 2 1 2 5 5
-6315.0 -3356.5 -17.1 357 0 10.9 8.2 7.5 2.5 2 0 3 5 5
-6339.2 -3407.7 -17.1 90 0 15.0 16.9 12.5 2.5 2 1 5 3 3
-6322.7 -3341.7 -19.0 355 0 15.2 16.3 7.5 2.5 2 1 3 3 3
-6340.6 -3301.4 -21.7 1 0 14.0 10.6 2.5 2.5 2 0 1 3 3
-6354.7 -3266.8 -22.8 357 0 19.2 15.1 7.5 2.5 2 0 3 0 0
-6385.4 -3321.8 -22.4 180 0 14.7 9.9 5.0 2.5 4 0 2 0 0
-6648.7 -3399.0 -17.3 3 0 10.5 7.0 7.5 2.5 2 0 3 4 4
-6674.7 -3405.6 -16.2 348 0 9.5 9.0 5.0 2.5 2 0 2 5 5
-6840.3 -3994.8 -12.8 268 0 14.7 15.1 2.5 0.0 0 1 1 1 1
-6844.2 -3522.8 -10.0 5 0 9.3 5.0 7.5 2.5 2 0 3 5 5
-6821.7 -3577.7 -10.8 1 0 9.2 9.9 5.0 2.5 2 1 2 3 3
-6664.4 -3482.9 -15.3 98 0 12.8 13.6 2.5 2.5 2 1 1 1 1
-6834.8 -3229.0 -16.3 179 0 8.8 8.6 5.0 2.5 2 0 2 3 3
-6695.7 -29.6 4.0 358 0 7.9 5.1 7.5 2.5 2 0 3 2 2
-6682.8 -462.4 -2.5 358 0 7.9 5.1 5.0 0.0 0 0 2 1 1
-6633.1 -401.4 -3.3 178 0 7.9 5.1 5.0 2.5 2 0 2 1 1
-6504.1 -196.6 -7.0 358 0 7.9 5.1 7.5 0.0 0 0 3 0 0
-6859.2 -7.2 -9.1 358 0 7.9 5.1 7.5 0.0 0 0 3 4 4
-6578.9 -3.7 -0.8 358 0 7.9 5.1 2.5 2.5 2 0 1 0 0
-6588.2 -109.6 -2.2 358 0 7.9 5.1 5.0 2.5 2 0 2 1 1
-6581.2 -91.9 -2.5 358 0 7.9 5.1 2.5 2.5 2 0 1 2 2
-6633.8 -175.4 -0.0 358 0 7.9 5.1 5.0 2.5 2 0 2 0 0
-6619.0 -250.9 -1.4 178 0 7.9 5.1 5.0 2.5 2 0 2 4 4
-6568.8 -141.5 -3.6 178 0 7.9 5.1 7.5 2.5 2 0 3 5 5
-6735.9 -57.9 2.7 182 0 18.3 25.2 12.5 2.5 2 1 5 3 3
-6686.8 -145.8 2.1 106 0 16.4 35.5 10.0 2.5 4 1 4 1 1
-6573.4 30.7 -0.6 268 0 5.1 7.9 7.5 2.5 4 1 3 0 0
-6682.0 70.7 0.3 268 0 5.1 7.9 2.5 2.5 2 1 1 5 5
-6696.0 75.4 -1.0 268 0 5.1 7.9 7.5 2.5 2 1 3 0 0
-6685.3 112.2 -2.5 88 0 5.1 7.9 7.5 2.5 2 1 3 5 5
-6508.8 113.9 -2.0 358 0 7.9 5.1 2.5 0.0 0 0 1 2 2
-6482.3 106.7 -3.8 178 0 7.9 5.1 2.5 2.5 2 0 1 1 1
-6473.7 76.3 -4.6 358 0 7.9 5.1 7.5 2.5 4 0 3 3 3
-6473.7 9.2 -6.1 358 0 7.9 5.1 7.5 2.5 2 0 3 2 2
-6506.9 14.9 -4.5 178 0 7.9 5.1 7.5 2.5 2 0 3 1 1
-6520.5 -103.0 -5.9 88 0 5.1 7.9 2.5 2.5 2 1 1 1 1
-6531.3 -189.2 -5.7 268 0 5.1 7.9 2.5 2.5 2 1 1 5 5
-6514.7 -218.3 -6.6 88 0 5.1 7.9 5.0 2.5 2 1 2 0 0
-6501.0 -396.7 -3.2 178 0 7.9 5.1 5.0 2.5 2 0 2 5 5
-6632.7 -1632.2 -15.7 174 0 6.5 5.9 7.5 2.5 2 0 3 4 4
-6745.5 -1539.9 -17.4 354 0 6.5 5.9 5.0 2.5 2 0 2 1 1
-6767.0 -1617.8 -18.8 180 0 6.5 5.9 5.0 2.5 2 0 2 3 3
-6715.2 -1381.2 -14.5 268 0 5.9 6.5 2.5 2.5 2 1 1 5 5
-6577.9 -1249.0 -11.4 174 0 6.5 5.9 2.5 2.5 2 0 1 0 0
-6817.1 -1115.7 -9.3 90 0 5.9 6.5 5.0 2.5 2 1 2 5 5
-6847.1 -1699.8 -22.0 84 0 14.1 10.8 7.5 2.5 4 0 3 4 4
-6830.1 -1726.7 -21.9 266 0 6.6 5.3 5.0 2.5 2 0 2 5 5
-6749.3 -1685.7 -19.4 280 0 8.7 6.4 7.5 2.5 2 0 3 5 5
-6679.6 -706.8 2.5 90 0 10.8 8.8 2.5 2.5 2 0 1 5 5
-6426.1 -961.2 -10.1 242 0 10.1 6.6 5.0 2.5 2 0 2 5 5
-6793.9 -821.2 -2.9 0 0 8.8 10.8 2.5 2.5 2 1 1 0 0
-6601.0 -531.2 -5.0 359 0 11.8 9.9 2.5 2.5 2 0 1 3 3
-6633.9 -681.2 -1.0 89 0 9.9 11.8 7.5 2.5 2 1 3 5 5
-3156.7 -6808.8 -3.7 229 0 13.9 10.7 10.0 2.5 2 0 4 2 2
-3142.9 -6832.7 -4.6 58 0 5.0 13.6 5.0 2.5 2 1 2 3 3
-4171.5 -6800.4 -15.2 358 0 30.0 15.0 7.5 2.5 2 0 3 0 0
-4137.4 -6846.5 -13.9 88 0 7.9 30.6 7.5 2.5 2 1 3 4 4
-4128.1 -6820.2 -13.3 181 0 7.4 12.6 7.5 2.5 2 1 3 0 0
-4099.1 -6817.7 -12.6 270 0 14.6 14.7 7.5 2.5 2 1 3 0 0
-6266.7 -6829.8 -22.1 96 0 11.4 17.7 5.0 2.5 2 1 2 3 3
-6232.8 -6842.6 -19.1 88 0 10.8 10.7 7.5 2.5 2 0 3 1 1
-6198.4 -6837.0 -19.3 95 0 6.9 7.5 7.5 2.5 2 1 3 1 1
-6105.9 -6809.0 -20.1 7 0 21.2 12.6 10.0 2.5 2 0 4 2 2
-5694.3 -6758.5 -24.0 356 0 16.9 12.9 7.5 2.5 2 0 3 1 1
-5461.0 -6080.9 -14.5 359 0 16.0 16.2 7.5 2.5 2 1 3 1 1
-5436.5 -6104.3 -14.5 2 0 16.6 14.4 2.5 2.5 2 0 1 0 0
-5371.9 -6537.3 -17.0 273 0 9.3 16.4 7.5 2.5 2 1 3 0 0
-4137.8 -6767.4 -11.6 183 0 16.7 11.7 5.0 2.5 2 0 2 3 3
-4599.8 -6778.3 -29.0 145 0 17.4 26.2 7.5 2.5 2 1 3 0 0
-4375.0 -6442.5 -18.1 77 0 12.7 16.2 5.0 2.5 2 1 2 0 0
-4430.1 -6194.4 -25.0 90 0 10.7 20.2 10.0 2.5 2 1 4 2 2
-4625.0 -6037.7 -18.9 94 0 21.5 18.1 10.0 2.5 2 0 4 1 1
-3643.5 -6844.9 -10.4 31 0 11.0 18.5 7.5 2.5 2 1 3 5 5
-3620.6 -6824.0 -9.2 34 0 11.5 10.2 2.5 2.5 2 0 1 5 5
-3615.4 -6796.7 -11.5 29 0 11.3 12.4 5.0 2.5 2 1 2 0 0
-3584.9 -6846.8 -3.7 85 0 8.4 11.2 5.0 2.5 2 1 2 1 1
-3711.8 -6850.3 -15.3 125 0 13.5 19.7 12.5 2.5 2 1 5 0 0
-5098.8 -6810.6 -2.0 91 0 23.4 29.0 12.5 0.0 0 1 5 5 5
-6363.0 -6794.2 -26.1 112 0 11.3 15.0 7.5 2.5 4 1 3 1 1
-6187.2 -6804.3 -21.8 282 0 8.2 10.3 5.0 2.5 2 1 2 5 5
-4883.1 -6842.3 -11.0 87 0 12.9 15.9 5.0 2.5 2 1 2 1 1
-4766.9 -6836.4 -19.0 89 0 13.8 12.9 7.5 2.5 2 0 3 0 0
-4720.3 -6803.1 -21.7 349 0 19.4 12.6 5.0 0.0 0 0 2 3 3
-4769.1 -6850.5 -18.9 94 0 12.7 10.3 2.5 2.5 2 0 1 4 4
-4889.2 -6815.3 -10.3 81 0 7.9 10.7 5.0 2.5 2 1 2 0 0
-4413.0 -6830.8 -23.1 80 0 15.6 13.4 2.5 2.5 2 0 1 2 2
-4311.5 -6819.4 -19.6 86 0 12.2 12.4 5.0 2.5 2 1 2 2 2
-4493.3 -6838.1 -25.8 84 0 10.7 16.2 7.5 2.5 2 1 3 4 4
-4570.7 -6791.4 -27.9 177 0 12.7 9.5 5.0 2.5 2 0 2 5 5
-4537.3 -6824.6 -27.2 86 0 17.3 14.1 7.5 2.5 2 0 3 1 1
-5989.6 -6846.5 -16.6 101 0 12.2 16.1 5.0 2.5 2 1 2 4 4
-6091.5 -6787.3 -18.1 180 0 9.7 10.4 7.5 2.5 2 1 3 1 1
-5970.8 -6778.7 -14.5 269 0 11.7 14.5 5.0 2.5 2 1 2 4 4
-5834.9 -6843.5 -16.1 100 0 18.1 11.5 5.0 2.5 4 0 2 3 3
-5798.1 -6819.0 -17.7 7 0 5.8 8.9 5.0 2.5 2 1 2 3 3
-5812.2 -6794.5 -19.0 278 0 14.7 10.5 5.0 2.5 2 0 2 0 0
-5822.7 -6823.9 -17.6 110 0 16.9 10.9 7.5 2.5 2 0 3 1 1
-3952.5 -6826.8 -12.3 92 0 7.0 9.3 7.5 0.0 0 1 3 1 1
-5394.3 -6800.8 -18.1 270 0 9.5 14.4 5.0 2.5 2 1 2 0 0
-5433.8 -6823.1 -20.0 89 0 10.4 19.3 5.0 2.5 4 1 2 2 2
-5732.3 -6848.3 -17.0 88 0 9.7 11.8 5.0 2.5 2 1 2 2 2
-5620.5 -6811.1 -21.3 108 0 14.2 13.8 7.5 2.5 2 0 3 1 1
-5718.8 -6812.4 -19.7 12 0 17.6 20.5 12.5 2.5 2 1 5 0 0
-5718.3 -6795.8 -20.8 18 0 10.0 17.1 7.5 2.5 2 1 3 3 3
-5602.0 -6825.7 -19.8 180 0 12.6 9.6 5.0 0.0 0 0 2 5 5
-5658.1 -6842.4 -18.3 91 0 12.1 12.3 7.5 2.5 2 1 3 2 2
-6467.5 -6827.8 -21.7 19 0 5.7 5.6 5.0 2.5 2 0 2 0 0
-6460.5 -6831.0 -21.3 13 0 8.1 6.2 5.0 2.5 2 0 2 3 3
-6442.8 -6845.0 -19.3 100 0 6.8 4.7 5.0 2.5 2 0 2 1 1
-4880.9 -6778.1 -11.0 267 0 15.8 11.9 5.0 2.5 2 0 2 3 3
-4878.6 -6797.1 -10.7 359 0 6.0 11.9 5.0 2.5 2 1 2 1 1
-4831.7 -6830.2 -14.3 93 0 6.8 5.7 7.5 2.5 2 0 3 0 0
-4754.8 -6736.1 -19.4 267 0 12.8 9.9 7.5 2.5 2 0 3 5 5
-4754.7 -6748.4 -19.5 268 0 14.4 7.6 5.0 2.5 2 0 2 2 2
-4778.2 -6760.2 -18.2 179 0 7.3 11.5 2.5 2.5 2 1 1 5 5
-4743.6 -6789.3 -19.9 343 0 5.7 7.5 7.5 2.5 2 1 3 4 4
-4758.4 -6795.7 -19.3 76 0 12.5 8.9 2.5 2.5 2 0 1 2 2
-4755.7 -6819.5 -19.4 82 0 6.4 6.9 7.5 0.0 0 1 3 0 0
-4740.0 -6848.8 -20.6 92 0 6.2 8.9 7.5 2.5 2 1 3 0 0
-3603.1 -6828.5 -5.6 225 0 7.4 6.5 7.5 2.5 2 0 3 1 1
-3381.4 -6768.8 7.6 274 0 16.5 4.8 5.0 2.5 4 0 2 3 3
-3389.8 -6813.3 9.9 103 0 10.3 7.9 2.5 2.5 2 0 1 2 2
-3397.3 -6774.3 7.9 278 0 49.4 35.0 17.5 0.0 0 0 7 4 4
-3608.0 -6800.6 -9.5 34 0 11.6 5.3 5.0 2.5 2 0 2 3 3
-3653.1 -6852.2 -9.7 31 0 8.6 11.8 5.0 2.5 2 1 2 0 0
-3649.2 -6797.2 -13.0 271 0 5.3 10.4 7.5 2.5 2 1 3 5 5
-3582.0 -6831.7 -4.3 352 0 4.7 8.5 5.0 2.5 2 1 2 4 4
-5368.2 -6827.5 -16.2 87 0 8.4 9.5 5.0 2.5 2 1 2 4 4
-5459.4 -6804.5 -21.1 177 0 15.2 12.7 10.0 2.5 2 0 4 1 1
-5614.4 -6826.1 -19.6 179 0 10.6 11.0 7.5 2.5 2 1 3 2 2
430.8 -3990.9 -12.0 187 0 12.6 28.1 10.0 2.5 2 1 4 0 0
431.9 -4016.4 -11.7 176 0 19.2 24.3 7.5 2.5 2 1 3 4 4
480.6 -4059.1 -12.5 91 0 33.3 34.1 12.5 0.0 0 1 5 2 2
479.1 -3689.3 -18.3 82 0 26.4 15.3 10.0 0.0 0 0 4 5 5
367.7 -3757.8 -16.9 265 0 13.7 17.2 5.0 2.5 2 1 2 5 5
327.2 -3801.6 -14.5 83 0 12.2 6.7 5.0 2.5 2 0 2 3 3
-1788.3 -2218.2 13.3 136 0 13.3 61.8 10.0 2.5 4 1 4 5 5
6911.6 -319.2 -23.4 180 0 45.7 59.9 12.5 0.0 0 1 5 5 5
-635.8 5785.3 -14.7 149 0 43.6 21.6 7.5 2.5 2 0 3 1 1
-5463.9 -4798.3 -6.9 196 0 16.9 30.6 10.5 3.5 2 1 3 2 2
-221.1 6584.7 -18.0 278 0 55.7 29.7 10.0 0.0 0 0 4 1 1
-778.1 5822.5 -14.6 136 0 21.9 14.3 10.0 2.5 2 0 4 5 5
-175.3 -4611.1 -1.7 39 0 15.3 6.9 7.5 2.5 2 0 3 5 5
-246.7 6286.4 -13.2 33 0 30.6 28.4 14.0 0.0 0 0 4 2 2
-3646.5 -5790.8 11.9 357 0 36.2 11.4 12.5 2.5 2 0 5 5 5
744.1 6114.2 3.4 10 0 130.0 85.0 5.0 0.0 0 0 2 3 3
