3526.2 -2714.6 -549.4 88 0 24.3 30.3 7.5 0.0 0 1 3 5 5
349.6 -3720.8 544.3 18 0 54.4 54.5 12.5 0.0 0 1 5 1 1
1080.3 -3981.3 532.4 221 0 37.0 24.4 10.0 0.0 0 0 4 4 4
1720.7 -4220.1 -549.5 2 0 56.7 33.3 12.5 0.0 0 0 5 5 5
1519.1 196.4 543.0 202 0 25.4 17.7 10.0 2.5 2 0 4 1 1
-337.8 -3996.0 538.8 161 0 28.3 14.3 12.5 2.5 2 0 5 1 1
-266.4 -3906.9 543.8 104 0 15.3 27.3 12.5 2.5 2 1 5 3 3
-1198.6 -4457.6 539.6 109 0 27.2 19.1 12.5 2.5 2 0 5 3 3
-2581.4 -6235.8 537.7 50 0 26.1 32.8 7.5 0.0 0 1 3 2 2
-6191.2 -6103.9 541.9 117 0 16.0 17.5 12.5 2.5 2 1 5 5 5
4365.8 -3273.1 532.2 2 0 56.4 50.5 10.0 0.0 0 0 4 5 5
