42.5 3715.2 9.3 96 0 17.5 68.4 7.5 2.5 2 1 3 5 5
46.0 3811.7 8.1 186 0 41.4 59.2 12.5 0.0 0 1 5 0 0
34.6 3845.5 9.8 186 0 16.0 57.4 10.0 0.0 0 1 4 1 1
131.3 3920.0 8.5 5 0 32.5 19.6 12.5 0.0 0 0 5 2 2
38.1 3863.1 11.9 187 0 8.9 31.0 7.5 2.5 2 1 3 0 0
-624.6 4265.4 15.1 323 0 21.3 28.4 7.5 0.0 0 1 3 0 0
-289.4 3774.2 2.7 162 0 21.0 21.1 10.0 2.5 2 1 4 5 5
131.0 3396.3 4.0 69 0 31.0 32.2 12.5 0.0 0 1 5 4 4
-1002.6 4814.2 2.8 302 0 35.9 42.6 12.5 0.0 0 1 5 1 1
-765.8 4674.5 4.4 85 0 22.1 12.0 15.0 0.0 0 0 6 2 2
-776.6 4686.3 4.3 81 0 41.7 9.3 7.5 2.5 2 0 3 2 2
-748.6 4685.8 4.9 87 0 10.1 20.1 3.5 2.5 2 1 1 4 4
-758.5 4761.4 5.0 260 0 11.9 47.4 10.0 2.5 2 0 4 1 1
-735.7 4764.0 5.3 265 0 33.8 27.8 7.5 0.0 0 0 3 5 5
-837.9 4702.6 3.5 176 0 12.5 22.2 7.5 2.5 2 1 3 2 2
-811.4 4747.0 4.1 265 0 12.3 50.3 10.0 2.5 2 1 4 1 1
-1406.0 5506.5 13.9 204 0 29.3 43.4 14.0 0.0 0 1 4 5 5
-1351.2 5816.4 15.8 353 0 10.5 81.9 10.5 3.5 2 1 3 5 5
-1410.6 5856.1 17.3 263 0 52.0 12.7 10.5 3.5 2 0 3 2 2
-1398.4 5834.1 16.8 264 0 41.8 10.5 10.5 3.5 2 0 3 4 4
-245.8 3621.2 3.0 339 0 33.2 31.5 10.0 0.0 0 0 4 3 3
-212.6 3517.0 3.2 257 0 17.8 15.9 10.0 2.5 2 0 4 2 2
-1586.9 6009.5 19.8 275 0 12.6 13.8 14.0 3.5 2 1 4 0 0
-1571.5 6557.1 19.6 78 0 28.7 28.9 10.5 0.0 0 1 3 0 0
-4489.0 -5629.7 -27.5 89 0 23.6 27.3 7.5 0.0 0 1 3 5 5
181.9 4510.6 4.3 182 0 81.6 21.4 10.0 0.0 0 0 4 3 3
-2411.7 -4732.8 -9.5 359 0 46.2 39.5 12.5 0.0 0 0 5 2 2
1320.4 2015.3 18.8 175 0 21.3 18.1 10.0 2.5 2 0 4 0 0
1073.8 2015.2 12.7 86 0 25.8 32.3 10.0 0.0 0 1 4 0 0
1069.1 1753.8 16.3 0 0 27.7 12.7 12.5 2.5 2 0 5 2 2
954.2 2154.4 9.3 79 0 15.5 18.9 10.0 2.5 2 1 4 1 1
-1453.1 5378.8 15.4 92 0 27.1 49.0 10.5 0.0 0 1 3 5 5
-1343.8 6261.0 14.3 7 0 28.1 42.3 14.0 0.0 0 1 4 2 2
-1338.5 6375.4 15.9 8 0 18.6 24.2 10.5 3.5 2 1 3 1 1
-999.6 6497.3 11.1 181 0 36.8 32.8 10.0 0.0 0 0 4 5 5
-6457.0 -2849.4 -24.7 272 0 26.5 39.2 10.0 0.0 0 1 4 3 3
-6477.5 -2927.9 -23.8 183 0 68.6 31.1 10.0 0.0 0 0 4 4 4
-5471.4 -6038.7 -28.1 336 0 45.1 67.8 12.5 0.0 0 1 5 5 5
-1591.4 6048.7 19.3 192 0 18.7 22.9 14.0 0.0 0 1 4 3 3
-1519.8 5924.2 20.5 349 0 14.3 27.1 14.0 3.5 2 1 4 4 4
-5350.7 4332.3 -11.6 90 0 26.7 30.8 10.0 0.0 0 1 4 0 0
-6084.2 555.1 -16.2 94 0 19.3 10.3 7.5 2.5 2 0 3 0 0
-1400.3 5354.8 12.2 180 0 67.8 54.6 14.0 0.0 0 0 4 0 0
-5594.3 -6058.9 -27.8 106 0 8.2 14.3 5.0 2.5 4 1 2 5 5
-5510.4 -5704.7 -21.9 87 0 8.7 16.5 7.5 0.0 0 1 3 1 1
-6519.6 -3026.8 -25.3 22 0 12.6 23.4 10.0 2.5 2 1 4 4 4
