3842.6 1433.2 504.3 273 0 22.2 21.0 7.5 0.0 0 0 3 0 0
751.6 4296.4 495.1 330 0 52.1 14.7 15.0 2.5 2 0 6 2 2
849.0 4559.7 508.5 109 0 15.5 28.5 10.0 0.0 0 1 4 1 1
795.5 4616.3 512.8 203 0 14.2 26.6 10.0 2.5 2 1 4 4 4
920.1 4617.5 511.2 17 0 14.2 39.9 10.0 2.5 2 1 4 1 1
-6459.5 3179.2 490.2 356 0 38.6 17.1 7.5 2.5 2 0 3 5 5
6071.9 4998.7 495.8 17 0 26.9 32.8 12.5 2.5 2 1 5 0 0
-5736.5 1545.5 490.4 86 0 20.5 36.8 10.0 0.0 0 1 4 1 1
5360.2 -1337.5 487.7 272 0 39.2 43.8 10.0 0.0 0 1 4 2 2
5284.7 -1410.7 489.7 81 0 10.1 65.6 10.0 2.5 2 1 4 0 0
-5818.7 1728.4 489.4 177 0 16.2 19.7 10.0 2.5 2 1 4 4 4
-5714.7 2365.9 488.5 113 0 23.4 43.5 10.0 0.0 0 1 4 4 4
1832.6 1207.4 506.0 52 0 18.0 34.3 12.5 0.0 0 1 5 0 0
5912.9 4813.4 507.6 83 0 57.2 57.7 12.5 0.0 0 1 5 4 4
-818.5 -315.9 492.0 58 0 14.0 24.2 10.0 2.5 2 1 4 3 3
-865.7 -249.1 489.7 182 0 23.8 17.9 10.0 2.5 2 0 4 0 0
-702.2 -257.1 491.8 88 0 19.2 20.3 12.5 2.5 4 1 5 0 0
-5754.6 1607.1 490.0 360 0 21.7 15.1 7.5 2.5 2 0 3 2 2
-6195.4 -406.6 486.6 0 0 45.0 37.6 12.5 0.0 0 0 5 0 0
-6201.9 -591.9 488.3 180 0 24.9 23.6 2.5 2.5 2 0 1 2 2
-6657.3 2895.8 490.9 290 0 28.0 48.3 2.5 0.0 0 1 1 0 0
-6653.4 2793.8 486.9 184 0 56.9 50.6 2.5 0.0 0 0 1 2 2
-4098.9 -5163.3 491.6 83 0 20.1 51.0 10.0 2.5 2 1 4 2 2
4241.8 1516.6 489.3 87 0 54.6 17.3 5.0 0.0 0 0 2 3 3
4207.3 1578.3 489.1 172 0 49.2 54.6 7.5 0.0 0 1 3 4 4
4170.8 2191.8 501.5 160 0 22.2 15.5 15.0 0.0 0 0 6 1 1
4164.4 1632.5 489.8 354 0 87.6 89.7 10.0 0.0 0 1 4 2 2
4172.8 1488.2 490.4 3 0 163.1 77.3 10.0 0.0 0 0 4 3 3
4453.7 -747.9 491.2 183 0 21.6 12.3 7.5 2.5 2 0 3 5 5
4422.9 -840.0 491.6 194 0 12.8 30.8 7.5 2.5 2 1 3 2 2
4422.5 -718.7 491.1 180 0 39.2 12.0 10.0 2.5 2 0 4 1 1
3921.0 -318.6 489.1 120 0 26.3 25.2 7.5 0.0 0 0 3 5 5
5310.6 -1319.3 488.8 269 0 64.8 10.2 12.5 2.5 2 0 5 5 5
5319.8 -1405.8 488.8 80 0 44.9 12.0 10.0 2.5 2 0 4 0 0
5442.7 2031.7 502.1 178 0 12.6 27.6 12.5 2.5 2 1 5 2 2
5422.7 2117.7 502.0 167 0 18.2 21.8 7.5 2.5 2 1 3 3 3
4436.2 -750.7 491.3 182 0 15.0 9.0 5.0 2.5 4 0 2 5 5
4418.2 -660.0 491.1 172 0 26.2 11.9 10.0 0.0 0 0 4 4 4
58.1 1181.7 500.8 19 0 23.9 23.9 10.5 3.5 2 0 3 0 0
4063.2 2801.6 487.4 63 0 18.2 22.8 7.5 2.5 2 1 3 4 4
4277.7 2998.7 499.8 203 0 26.5 20.4 12.5 2.5 2 0 5 1 1
3433.2 2609.9 502.6 175 0 22.4 13.4 12.5 2.5 2 0 5 0 0
1838.7 1555.1 514.8 180 0 26.8 60.4 12.5 0.0 0 1 5 4 4
1814.6 2048.4 499.2 296 0 31.3 25.1 10.0 0.0 0 0 4 3 3
1671.6 1920.2 514.0 109 0 34.0 46.2 12.5 0.0 0 1 5 3 3
2201.0 1768.2 511.7 88 0 56.2 42.4 7.5 0.0 0 0 3 4 4
2060.0 1744.1 508.4 77 0 44.7 31.4 12.5 0.0 0 0 5 0 0
2425.1 1545.3 506.6 1 0 14.4 21.5 10.0 2.5 2 1 4 2 2
1450.4 2013.3 503.0 108 0 33.7 98.1 12.5 0.0 0 1 5 1 1
1420.0 2068.8 501.1 16 0 91.9 26.8 10.0 0.0 0 0 4 1 1
1553.3 2125.1 504.3 287 0 10.2 73.6 7.5 2.5 2 1 3 5 5
1582.3 2118.0 505.5 286 0 14.4 72.8 12.5 2.5 4 1 5 3 3
1463.2 2190.5 499.4 202 0 15.4 123.8 10.0 0.0 0 1 4 0 0
1608.8 2117.6 504.8 111 0 27.4 19.2 12.5 2.5 2 0 5 5 5
2137.4 1397.7 501.9 158 0 18.7 24.1 10.0 2.5 2 1 4 0 0
2246.5 1743.4 512.6 90 0 22.1 21.7 7.5 2.5 2 0 3 5 5
6462.5 4109.8 488.5 332 0 28.8 27.9 10.0 0.0 0 0 4 1 1
4444.6 -1056.1 492.2 161 0 26.0 21.4 5.0 2.5 2 0 2 1 1
4438.9 -1031.6 492.2 160 0 15.7 16.4 15.0 0.0 0 1 6 5 5
-5167.6 5132.1 500.9 67 0 20.6 43.6 12.5 2.5 2 1 5 5 5
-4568.0 5495.6 486.6 106 0 55.5 73.3 7.5 0.0 0 1 3 1 1
-4612.1 5531.1 488.6 109 0 21.9 36.6 12.5 0.0 0 1 5 5 5
-1811.6 2777.9 491.5 2 0 10.6 12.2 2.5 2.5 2 1 1 1 1
4403.5 3267.3 509.1 236 0 19.9 23.5 12.5 2.5 2 1 5 4 4
728.1 1061.0 500.2 318 0 26.1 15.6 10.5 3.5 2 0 3 4 4
-4349.2 2470.0 486.0 88 0 9.2 13.4 7.5 2.5 2 1 3 5 5
-4339.6 2471.3 485.9 88 0 7.7 13.4 7.5 2.5 2 1 3 4 4
-4329.6 2471.5 485.9 88 0 9.3 13.0 5.0 0.0 0 1 2 5 5
-4309.5 2472.2 485.8 88 0 8.6 14.4 7.5 2.5 2 1 3 4 4
-4406.1 2469.9 486.0 91 0 7.2 13.8 2.5 2.5 2 1 1 2 2
-4415.9 2469.9 486.0 91 0 7.8 14.3 2.5 2.5 2 1 1 3 3
-4431.2 2447.6 487.3 181 0 13.5 9.8 5.0 0.0 0 0 2 1 1
-4431.7 2430.9 488.0 181 0 15.7 9.7 7.5 2.5 2 0 3 2 2
-4414.0 2454.0 487.3 271 0 10.9 13.9 7.5 2.5 2 1 3 2 2
-4414.8 2423.8 488.0 91 0 11.0 12.8 5.0 2.5 2 1 2 2 2
-4401.7 2423.3 488.0 91 0 10.0 14.4 7.5 2.5 2 1 3 4 4
-4364.1 2453.6 487.3 271 0 11.3 14.0 2.5 2.5 2 1 1 3 3
-4364.2 2423.0 488.0 91 0 10.9 14.3 7.5 2.5 2 1 3 0 0
-4350.9 2454.2 487.3 271 0 10.6 13.0 5.0 0.0 0 1 2 5 5
-4351.2 2423.8 487.9 91 0 11.0 14.8 7.5 2.5 2 1 3 5 5
-4313.3 2455.8 487.2 271 0 9.5 14.6 2.5 2.5 2 1 1 3 3
-4302.1 2457.4 487.1 271 0 8.5 15.1 5.0 2.5 2 1 2 1 1
-4295.1 2401.7 489.2 1 0 13.4 7.7 2.5 0.0 0 0 1 1 1
-4308.8 2409.9 489.1 271 0 7.8 14.4 7.5 2.5 2 1 3 4 4
-4319.7 2377.1 490.0 91 0 7.8 14.0 7.5 2.5 2 1 3 4 4
-4344.5 2377.9 490.2 1 0 16.2 9.0 5.0 0.0 0 0 2 0 0
-4360.8 2406.4 489.3 271 0 8.9 15.2 2.5 2.5 4 1 1 1 1
-4360.8 2368.0 490.3 91 0 10.2 16.5 5.0 2.5 2 1 2 4 4
-4399.8 2366.2 490.3 91 0 9.5 16.9 5.0 2.5 2 1 2 5 5
-4431.8 2374.0 490.4 181 0 17.8 11.7 7.5 2.5 2 0 3 3 3
-4443.2 2375.6 490.3 1 0 19.3 10.9 7.5 2.5 2 0 3 0 0
-4473.8 2406.8 489.4 271 0 9.5 14.3 5.0 2.5 2 1 2 0 0
-4474.5 2367.7 490.3 91 0 8.9 16.3 5.0 2.5 2 1 2 1 1
-4486.4 2367.6 490.3 91 0 10.5 18.1 5.0 2.5 2 1 2 2 2
-4506.1 2375.3 490.3 181 0 18.2 11.1 5.0 2.5 2 0 2 4 4
-5455.5 4413.6 490.5 269 0 18.1 27.9 35.0 0.0 0 1 10 0 0
-5438.3 4378.7 490.4 96 0 23.0 13.9 35.0 0.0 0 0 10 3 3
4214.9 -6258.3 478.6 84 0 10.2 25.8 7.5 2.5 2 1 3 0 0
-5059.4 4830.7 492.0 131 0 115.4 12.2 7.0 3.5 2 0 2 3 3
-3176.1 -5630.0 492.4 171 0 20.4 16.9 12.5 0.0 0 0 5 2 2
-3351.6 -5130.3 490.9 359 0 39.7 28.9 10.0 0.0 0 0 4 1 1
1323.5 1741.5 512.8 169 0 16.8 63.7 10.0 2.5 2 1 4 2 2
1628.7 545.5 501.2 193 0 23.1 8.8 5.0 2.5 2 0 2 1 1
2122.1 1277.2 505.9 272 0 7.9 35.4 7.5 2.5 2 1 3 0 0
2117.4 1220.5 506.2 92 0 18.3 19.0 10.0 2.5 2 1 4 2 2
2115.9 1192.2 506.6 92 0 20.5 12.1 10.0 0.0 0 0 4 4 4
2097.1 1196.4 507.4 93 0 11.5 30.6 7.5 2.5 2 1 3 2 2
2137.2 1196.1 505.1 92 0 14.2 34.1 12.5 2.5 2 1 5 2 2
1977.2 1215.0 506.9 93 0 12.7 22.6 12.5 2.5 2 1 5 0 0
1982.4 1658.6 509.1 3 0 13.7 36.4 10.0 0.0 0 1 4 0 0
1975.4 1598.3 510.9 1 0 14.0 15.9 7.5 2.5 2 1 3 1 1
1975.7 1617.6 510.2 1 0 16.9 20.1 10.0 2.5 2 1 4 5 5
1974.8 1575.6 511.5 1 0 28.3 14.2 12.5 2.5 2 0 5 3 3
1819.1 1495.0 514.7 1 0 74.5 24.2 12.5 0.0 0 0 5 2 2
1818.7 1442.1 513.7 1 0 18.4 22.0 10.0 2.5 2 1 4 3 3
1817.5 1412.9 512.2 0 0 36.3 19.0 10.0 0.0 0 0 4 2 2
1825.5 1441.8 514.2 182 0 17.9 58.6 10.0 2.5 2 1 4 3 3
1824.8 1481.1 515.8 182 0 18.5 60.5 12.5 2.5 2 1 5 5 5
2377.7 1711.6 513.3 89 0 14.5 29.1 7.5 2.5 2 1 3 1 1
2317.1 1750.0 512.4 180 0 13.5 64.0 10.0 2.5 2 1 4 0 0
1450.8 1778.9 516.8 350 0 17.7 50.4 12.5 2.5 2 1 5 4 4
1426.9 1745.0 516.8 80 0 40.0 17.8 10.0 2.5 2 0 4 3 3
1326.9 1723.4 512.7 169 0 16.8 63.7 10.0 2.5 2 1 4 0 0
1679.4 2068.7 509.0 24 0 16.0 39.9 15.0 2.5 2 1 6 2 2
1673.3 2049.2 511.9 24 0 15.6 44.8 10.0 0.0 0 1 4 2 2
1661.6 2023.8 513.6 24 0 25.7 41.6 12.5 0.0 0 1 5 3 3
1599.9 2019.1 514.5 204 0 14.8 55.0 10.0 2.5 2 1 4 3 3
2053.2 1613.3 510.1 182 0 10.9 63.8 12.5 2.5 2 1 5 4 4
2029.2 1650.3 509.3 272 0 23.1 38.3 12.5 0.0 0 1 5 5 5
-4377.8 -5283.0 492.0 70 0 19.9 48.3 7.5 0.0 0 1 3 1 1
-2009.5 2584.4 489.4 100 0 12.8 14.5 5.0 2.5 4 1 2 3 3
-5700.9 2458.0 488.8 1 0 44.1 33.8 7.5 0.0 0 0 3 2 2
-5379.3 2441.0 490.3 253 0 23.3 79.0 7.5 0.0 0 1 3 4 4
-1867.9 2877.5 490.8 291 0 34.4 15.3 10.0 2.5 2 0 4 4 4
5177.9 2903.8 495.0 356 0 16.5 19.7 12.5 2.5 2 1 5 2 2
5180.7 2939.1 496.4 20 0 10.6 37.2 10.0 2.5 2 1 4 2 2
5092.5 2987.1 493.7 206 0 10.7 36.6 10.0 2.5 2 1 4 0 0
5106.6 2961.8 494.9 205 0 11.0 31.2 12.5 2.5 2 1 5 5 5
5100.0 3024.8 494.0 200 0 6.8 15.0 7.5 2.5 4 1 3 3 3
5094.2 3005.7 493.5 200 0 9.2 21.6 5.0 2.5 2 1 2 4 4
5119.2 2995.4 494.4 200 0 9.6 21.3 7.5 2.5 4 1 3 3 3
5163.7 2977.8 495.5 20 0 9.4 20.9 2.5 2.5 4 1 1 2 2
5105.6 3042.0 494.5 200 0 9.5 22.8 2.5 2.5 4 1 1 5 5
5147.6 3029.5 494.9 290 0 20.3 8.5 5.0 2.5 2 0 2 0 0
5156.1 3073.9 496.2 169 0 20.0 10.5 5.0 0.0 0 0 2 4 4
5131.6 3075.4 495.1 348 0 32.7 20.1 10.0 0.0 0 0 4 5 5
5030.7 3175.5 499.7 348 0 10.7 15.0 10.0 2.5 2 1 4 0 0
5026.5 3191.6 500.4 343 0 5.9 19.6 2.5 2.5 2 1 1 5 5
5070.5 3099.2 494.5 165 0 82.7 26.4 10.0 0.0 0 0 4 1 1
5052.6 3167.6 498.7 166 0 51.4 27.0 12.5 0.0 0 0 5 5 5
-4872.8 4774.6 495.3 75 0 63.1 23.4 14.0 3.5 2 0 4 4 4
-5130.2 4836.3 491.5 312 0 50.8 10.6 10.0 2.5 2 0 4 0 0
-4957.0 4894.7 496.5 272 0 50.2 9.9 10.5 3.5 4 0 3 1 1
-4994.2 4883.7 495.7 180 0 20.0 11.5 14.0 0.0 0 0 4 0 0
6014.3 -2777.1 489.3 78 0 14.3 17.5 7.5 2.5 2 1 3 2 2
5980.0 -2773.8 489.3 169 0 21.8 13.5 10.0 2.5 2 0 4 3 3
6309.1 -2501.9 485.8 263 0 8.8 32.9 7.5 2.5 2 1 3 1 1
3675.0 -513.6 490.3 39 0 15.1 28.0 12.5 2.5 2 1 5 4 4
3484.3 -2164.7 485.1 258 0 21.1 57.2 7.5 2.5 2 1 3 3 3
3383.1 -2266.8 481.9 175 0 36.6 4.5 7.5 2.5 2 0 3 0 0
3394.0 -2265.8 482.2 174 0 38.1 14.8 12.5 2.5 2 0 5 1 1
3386.7 -2229.2 482.3 174 0 25.7 16.5 10.0 2.5 2 0 4 3 3
3294.3 -2024.0 483.6 78 0 21.9 52.9 12.5 2.5 2 1 5 3 3
3689.4 -851.4 491.3 151 0 24.0 50.1 7.5 2.5 2 1 3 5 5
4281.3 -1963.4 482.9 86 0 9.5 50.5 7.5 2.5 2 1 3 0 0
3240.1 -2325.1 483.2 353 0 24.3 13.7 10.0 2.5 2 0 4 2 2
3177.7 -2263.4 484.2 358 0 20.5 49.7 7.5 2.5 2 1 3 3 3
3176.5 -2231.2 484.2 359 0 35.3 48.9 7.5 0.0 0 1 3 3 3
3240.4 -2256.9 483.1 359 0 51.5 35.9 12.5 0.0 0 0 5 5 5
3383.6 -2302.3 481.6 179 0 14.0 23.7 7.5 2.5 2 1 3 4 4
3351.4 -2053.9 483.3 354 0 20.1 20.9 10.0 2.5 2 1 4 3 3
-6759.2 -950.1 483.9 176 0 23.6 8.8 7.5 2.5 2 0 3 0 0
-6713.1 -947.6 483.5 1 0 19.2 10.2 10.0 2.5 2 0 4 0 0
-6708.4 -1034.6 485.8 8 0 44.2 11.3 12.5 2.5 2 0 5 1 1
-6756.8 -994.5 484.7 179 0 60.4 7.4 7.5 2.5 2 0 3 5 5
5719.7 5328.9 481.8 256 0 55.7 60.6 17.5 0.0 0 1 7 0 0
1905.3 1457.5 513.5 259 0 17.4 80.4 10.0 2.5 2 1 4 3 3
1897.7 1498.1 515.7 181 0 49.9 17.5 7.5 0.0 0 0 3 3 3
5734.3 1996.5 490.7 354 0 28.6 46.5 12.5 0.0 0 1 5 1 1
5893.8 1305.8 485.8 82 0 19.0 32.5 10.0 0.0 0 1 4 3 3
-2644.9 5498.2 501.0 278 0 62.6 142.1 5.0 0.0 0 0 2 2 2
-2596.7 5491.9 501.6 277 0 31.4 129.6 5.0 0.0 0 0 2 0 0
-2563.3 5476.9 500.6 280 0 40.1 121.3 5.0 0.0 0 0 2 2 2
-2663.6 5533.6 501.0 99 0 170.0 60.7 5.0 0.0 0 0 2 2 2
1515.9 6522.9 487.3 16 0 38.8 17.1 12.5 2.5 2 0 5 4 4
2743.7 -3926.2 484.2 183 0 42.6 14.3 10.0 2.5 2 0 4 3 3
2732.2 -3961.4 484.0 182 0 19.9 46.0 7.5 2.5 2 1 3 1 1
2747.2 -3860.1 484.7 191 0 14.7 29.3 10.0 2.5 2 0 4 5 5
2786.3 -3861.9 484.9 285 0 18.1 48.3 10.0 2.5 2 0 4 5 5
2838.4 -3986.5 484.7 338 0 55.9 33.9 10.0 0.0 0 0 4 3 3
-6234.4 3322.8 488.7 16 0 10.7 46.8 12.5 2.5 2 1 5 0 0
6378.0 24.8 491.1 154 0 15.6 13.5 7.5 2.5 2 0 3 2 2
6381.9 4.5 491.6 165 0 23.2 16.5 12.5 2.5 2 0 5 3 3
6287.4 9.0 491.0 264 0 60.1 23.1 7.5 2.5 4 0 3 0 0
6332.1 87.1 490.2 351 0 9.8 14.7 2.5 2.5 2 1 1 4 4
6310.5 121.5 490.5 348 0 19.5 18.6 7.5 2.5 2 0 3 1 1
6357.9 152.9 491.1 258 0 12.0 14.3 7.5 2.5 2 1 3 3 3
6372.0 163.6 490.8 263 0 15.6 37.0 12.5 2.5 4 1 5 1 1
6397.3 96.6 490.3 71 0 18.6 29.6 10.0 2.5 2 1 4 5 5
6365.4 103.5 490.3 160 0 28.7 13.2 7.5 2.5 2 0 3 1 1
-2103.1 5676.2 507.3 173 0 23.2 14.3 7.5 2.5 2 0 3 2 2
-2119.5 5695.4 507.4 84 0 11.9 23.1 5.0 2.5 2 1 2 4 4
-2102.8 5696.8 508.2 82 0 12.6 19.5 5.0 2.5 2 1 2 0 0
-2078.0 5470.2 501.0 185 0 11.8 11.1 2.5 2.5 2 0 1 4 4
-2089.0 5521.7 501.5 354 0 12.0 23.8 5.0 2.5 2 1 2 3 3
-2108.3 5562.3 502.7 348 0 5.3 11.1 2.5 2.5 2 1 1 0 0
-2079.9 5519.7 502.8 182 0 10.8 8.8 2.5 2.5 2 0 1 2 2
-2130.3 5442.5 497.7 178 0 16.8 15.9 5.0 0.0 0 0 2 3 3
-2107.1 5432.1 498.4 87 0 8.4 14.0 5.0 2.5 2 1 2 3 3
-2079.6 5504.5 502.3 179 0 9.8 9.1 2.5 2.5 2 0 1 1 1
-2094.5 5574.2 504.2 168 0 11.8 12.8 2.5 2.5 2 1 1 0 0
-2077.8 5577.8 505.0 172 0 10.4 8.4 2.5 2.5 4 0 1 1 1
-2072.2 5557.0 504.5 171 0 11.7 9.2 2.5 2.5 2 0 1 0 0
-2044.5 5520.0 504.3 83 0 10.2 15.4 2.5 2.5 2 1 1 5 5
-2050.3 5502.6 502.8 299 0 15.2 13.9 5.0 2.5 2 0 2 3 3
-2036.2 5473.3 502.5 16 0 8.5 14.9 2.5 2.5 2 1 1 2 2
-2039.7 5446.7 501.1 20 0 13.4 17.9 5.0 2.5 2 1 2 2 2
-2030.9 5516.2 504.8 96 0 8.5 13.0 2.5 2.5 2 1 1 5 5
-2007.0 5512.4 505.7 81 0 8.5 15.4 2.5 2.5 2 1 1 1 1
-1993.6 5513.9 506.3 81 0 8.6 12.5 2.5 2.5 4 1 1 0 0
-1983.3 5521.5 507.0 84 0 8.3 12.7 2.5 2.5 2 1 1 1 1
-1962.5 5528.0 507.4 359 0 18.1 13.5 10.5 2.5 2 0 3 0 0
-2022.9 5686.9 510.5 271 0 23.3 13.9 7.5 2.5 4 0 3 2 2
-2033.1 5700.0 511.2 86 0 17.3 11.6 7.0 2.5 2 0 2 3 3
-2091.9 5714.0 508.9 270 0 7.1 15.8 3.5 2.5 2 1 1 0 0
-2082.5 5709.7 509.5 172 0 19.9 6.0 3.5 2.5 2 0 1 2 2
-1945.3 5700.5 513.6 17 0 15.6 8.6 7.0 2.5 2 0 2 5 5
-2106.7 5642.5 505.5 354 0 10.7 13.1 7.0 2.5 2 1 2 3 3
-2107.1 5658.2 506.2 350 0 12.1 9.9 2.5 2.5 2 0 1 3 3
-2133.6 5688.1 506.1 271 0 19.5 7.8 10.5 2.5 2 0 3 4 4
-2955.2 5412.5 501.2 204 0 11.2 31.4 10.0 2.5 2 1 4 1 1
-2130.8 5635.0 504.7 0 0 11.1 7.4 2.5 0.0 0 0 1 5 5
-2154.7 5615.7 503.1 168 0 10.8 18.1 5.0 2.5 2 1 2 2 2
-2161.4 5628.6 503.2 171 0 10.9 10.1 2.5 2.5 2 0 1 1 1
-2166.7 5641.7 503.4 166 0 11.1 6.8 2.5 2.5 2 0 1 0 0
-2171.8 5659.1 503.8 163 0 13.4 12.9 5.0 2.5 2 0 2 0 0
-2171.5 5687.0 504.5 263 0 7.1 8.2 2.5 2.5 2 1 1 3 3
-2136.3 5517.0 500.2 169 0 18.3 19.0 5.0 2.5 2 1 2 2 2
-2143.1 5555.4 501.4 173 0 13.3 19.5 5.0 2.5 2 1 2 2 2
-4747.7 4222.2 492.6 274 0 3.8 13.8 10.5 0.0 0 1 3 1 1
-4715.3 4234.4 491.9 278 0 5.9 38.5 10.5 0.0 0 1 3 1 1
4122.0 -420.7 484.3 121 0 16.1 53.5 12.5 2.5 4 1 5 2 2
4079.7 -488.1 488.0 214 0 45.4 20.4 12.5 2.5 2 0 5 3 3
4352.5 -540.2 491.7 192 0 13.1 38.5 10.0 2.5 2 0 4 3 3
4388.5 -579.1 491.6 103 0 11.3 39.8 10.0 2.5 2 0 4 3 3
4640.0 -821.6 491.5 329 0 15.3 21.8 10.0 2.5 2 1 4 4 4
4649.8 -704.3 491.1 63 0 11.9 27.2 10.0 2.5 2 1 4 5 5
4017.4 -751.6 491.6 356 0 15.9 21.0 7.5 2.5 2 1 3 1 1
4169.2 -591.7 491.0 80 0 13.8 20.4 7.5 2.5 2 1 3 5 5
4194.2 -611.9 491.6 261 0 14.1 29.6 10.0 2.5 2 1 4 3 3
4213.4 -580.1 490.7 64 0 10.8 17.8 10.0 0.0 0 1 4 2 2
4215.3 -447.1 487.3 65 0 12.6 26.0 10.0 2.5 2 1 4 5 5
4162.3 -435.4 486.0 141 0 9.8 45.9 7.5 2.5 2 1 3 4 4
2794.4 -2117.4 489.9 262 0 83.8 53.0 10.0 0.0 0 0 4 3 3
3228.5 -4271.0 489.1 271 0 24.0 35.1 7.5 0.0 0 1 3 0 0
3187.3 -4343.1 488.2 267 0 18.5 29.0 7.5 2.5 2 1 3 4 4
-1081.4 1053.0 485.6 256 0 42.1 36.3 10.0 0.0 0 0 4 4 4
-4059.0 3216.1 493.5 87 0 43.6 53.9 5.0 0.0 0 1 2 1 1
4757.8 3320.8 497.2 153 0 30.9 20.7 10.0 0.0 0 0 4 0 0
4632.1 -117.6 489.3 350 0 47.8 68.6 7.5 0.0 0 1 3 5 5
5245.4 956.4 488.9 348 0 57.7 68.4 10.0 0.0 0 1 4 5 5
-1996.3 5677.2 510.6 279 0 15.6 30.7 10.0 0.0 0 0 4 4 4
-2002.2 5678.8 511.9 258 0 4.0 4.4 7.5 0.0 0 0 3 4 4
4004.6 -1206.4 494.3 164 0 8.9 9.5 2.5 2.5 2 1 1 1 1
4007.0 -1149.6 493.8 261 0 6.0 16.4 5.0 0.0 0 1 2 2 2
4034.8 -1175.7 494.1 258 0 10.3 11.1 7.5 2.5 2 1 3 5 5
4049.4 -1196.1 494.2 79 0 16.5 9.0 7.5 2.5 2 0 3 5 5
4053.4 -1208.5 494.3 80 0 9.0 11.6 7.5 2.5 2 1 3 5 5
4083.6 -1176.2 494.0 357 0 9.8 15.9 5.0 2.5 2 1 2 5 5
4072.2 -1157.5 493.9 269 0 12.0 12.2 5.0 2.5 2 1 2 5 5
4073.1 -1196.1 494.3 0 0 4.7 6.9 7.5 2.5 2 1 3 2 2
4427.0 -506.0 493.2 337 0 5.7 5.4 5.0 2.5 2 0 2 0 0
4411.6 -498.9 493.3 161 0 7.6 9.9 5.0 2.5 2 1 2 1 1
4447.4 -440.2 493.6 337 0 7.7 16.3 5.0 2.5 4 1 2 3 3
4434.1 -425.2 493.3 251 0 15.9 10.9 5.0 2.5 2 0 2 1 1
4419.8 -433.7 493.4 242 0 4.9 11.8 2.5 2.5 2 1 1 3 3
4418.9 -476.1 493.6 253 0 10.5 8.6 5.0 2.5 2 0 2 2 2
4366.2 -483.0 492.6 169 0 5.7 12.4 5.0 2.5 2 1 2 0 0
4381.3 -492.8 493.0 168 0 11.7 13.1 5.0 2.5 2 1 2 5 5
4394.2 -502.8 492.7 265 0 6.6 15.5 7.5 2.5 2 1 3 3 3
4369.7 -498.6 492.4 264 0 10.6 16.0 10.0 2.5 2 1 4 2 2
4396.1 -522.7 492.4 266 0 8.7 14.6 7.5 2.5 2 1 3 4 4
4419.4 -530.7 492.6 359 0 11.8 7.0 7.5 2.5 2 0 3 5 5
4441.0 -500.4 493.2 338 0 9.0 12.8 5.0 2.5 2 1 2 0 0
4446.8 -539.9 492.5 1 0 22.2 14.3 7.5 2.5 2 0 3 3 3
3602.2 -235.0 490.6 71 0 9.5 21.0 2.5 2.5 2 1 1 1 1
3618.3 -235.8 490.6 71 0 11.6 9.4 7.5 2.5 4 0 3 5 5
3625.0 -265.6 490.5 265 0 14.5 14.2 5.0 0.0 0 0 2 3 3
3595.0 -254.8 490.6 248 0 18.4 6.7 7.5 2.5 2 0 3 5 5
3595.2 -298.9 490.6 169 0 11.4 12.1 2.5 2.5 2 1 1 4 4
3579.1 -261.8 490.7 260 0 10.9 28.1 7.5 0.0 0 1 3 0 0
3585.9 -237.7 490.8 75 0 11.4 15.2 7.5 2.5 2 1 3 0 0
3575.7 -243.8 490.9 75 0 6.2 15.4 5.0 2.5 2 1 2 1 1
3561.1 -257.8 491.0 72 0 22.8 13.5 5.0 2.5 4 0 2 5 5
3569.1 -305.6 490.9 351 0 12.2 12.5 10.0 0.0 0 1 4 1 1
3570.5 -282.4 490.9 352 0 14.1 12.8 5.0 2.5 2 0 2 3 3
3546.6 -273.6 491.1 258 0 15.0 8.6 5.0 2.5 2 0 2 5 5
5870.7 -3363.1 480.6 158 0 9.4 10.2 2.5 2.5 2 1 1 4 4
5029.3 -4035.7 490.0 349 0 5.8 8.8 5.0 2.5 2 1 2 1 1
5036.5 -3982.1 490.5 257 0 5.2 10.7 5.0 2.5 2 1 2 4 4
5056.1 -4036.5 490.2 359 0 15.3 13.1 5.0 2.5 2 0 2 3 3
4998.1 -4019.9 489.6 258 0 9.8 11.7 7.5 2.5 2 1 3 1 1
5011.7 -4015.4 490.2 255 0 14.1 9.0 5.0 2.5 4 0 2 2 2
4977.0 -3998.0 489.7 257 0 9.2 19.5 7.5 2.5 2 1 3 1 1
2731.2 -3006.5 490.5 172 0 10.3 8.2 5.0 2.5 2 0 2 1 1
2775.9 -3021.7 489.8 87 0 9.1 7.6 5.0 2.5 2 0 2 5 5
2724.1 -2982.1 491.0 174 0 16.3 13.2 5.0 2.5 2 0 2 4 4
2802.2 -2935.9 490.2 265 0 8.8 12.4 7.5 2.5 2 1 3 0 0
2760.8 -2974.2 490.5 264 0 5.9 13.2 7.5 2.5 2 1 3 2 2
2745.1 -2972.8 490.7 265 0 12.1 18.0 7.5 2.5 2 1 3 2 2
2739.1 -2932.0 491.3 263 0 12.3 17.3 7.5 2.5 2 1 3 0 0
2764.2 -3022.4 489.9 93 0 7.7 10.0 5.0 2.5 2 1 2 2 2
2793.6 -3006.0 489.7 2 0 11.0 10.5 5.0 2.5 2 0 2 2 2
3763.9 646.4 494.8 257 0 13.6 10.4 7.5 2.5 2 0 3 4 4
3696.7 619.1 495.5 258 0 13.1 16.5 10.0 2.5 2 1 4 0 0
3765.4 501.9 493.8 73 0 7.4 13.5 7.5 2.5 2 1 3 5 5
3769.8 593.4 494.2 246 0 8.6 11.8 5.0 2.5 2 1 2 3 3
3765.7 601.4 494.5 64 0 14.6 15.8 5.0 2.5 2 1 2 5 5
3690.9 564.6 495.3 51 0 7.1 12.1 2.5 2.5 4 1 1 3 3
3736.6 625.9 495.0 252 0 12.4 12.9 5.0 2.5 2 1 2 3 3
3729.4 644.8 495.3 253 0 13.8 16.5 2.5 2.5 2 1 1 3 3
3706.6 637.3 495.6 251 0 23.5 10.2 7.5 2.5 2 0 3 2 2
3719.9 502.1 494.0 122 0 17.0 19.1 7.5 2.5 2 1 3 2 2
3700.7 509.0 493.5 124 0 14.5 19.0 12.5 2.5 2 1 5 4 4
3757.3 588.0 494.3 251 0 10.2 13.5 5.0 2.5 2 1 2 3 3
3733.8 579.9 494.7 343 0 11.1 14.8 7.5 2.5 2 1 3 4 4
3729.1 560.5 494.6 76 0 11.8 10.2 5.0 2.5 2 0 2 2 2
3717.6 557.3 494.8 74 0 10.0 12.9 2.5 2.5 2 1 1 0 0
2828.3 -1179.4 491.1 261 0 6.8 7.7 7.5 2.5 2 1 3 1 1
2887.4 -1154.7 490.4 70 0 12.8 32.4 7.5 2.5 2 1 3 3 3
2822.4 -1205.9 491.4 160 0 6.5 10.3 2.5 2.5 2 1 1 3 3
2826.7 -1193.9 491.2 167 0 7.4 8.5 2.5 2.5 2 1 1 2 2
4463.6 901.7 492.6 254 0 16.0 10.2 5.0 2.5 2 0 2 1 1
4500.8 914.7 491.6 259 0 14.1 30.1 10.0 2.5 2 1 4 4 4
4514.4 976.6 492.9 254 0 15.2 11.2 2.5 2.5 2 0 1 4 4
4485.6 934.4 493.0 78 0 11.0 10.4 7.5 2.5 2 0 3 1 1
4496.8 939.9 492.9 76 0 8.3 7.7 5.0 2.5 2 0 2 4 4
4510.1 935.4 492.5 78 0 10.1 15.0 5.0 2.5 2 1 2 3 3
4495.3 951.0 493.1 81 0 9.5 12.7 5.0 0.0 0 1 2 3 3
4474.6 963.6 493.4 264 0 17.3 12.7 7.5 2.5 2 0 3 2 2
3943.7 2916.5 494.2 270 0 15.3 8.2 2.5 2.5 2 0 1 5 5
3977.1 2915.6 491.6 270 0 14.0 21.2 10.0 2.5 2 1 4 5 5
4623.0 1479.6 501.5 78 0 16.0 15.2 2.5 2.5 2 0 1 5 5
4645.4 1505.3 501.7 88 0 5.1 6.9 7.5 0.0 0 1 3 3 3
4657.3 1570.0 502.3 137 0 18.4 8.7 5.0 0.0 0 0 2 5 5
4635.7 1564.6 502.5 315 0 13.7 18.1 10.0 0.0 0 1 4 2 2
4627.3 1541.9 502.3 338 0 8.8 12.6 7.5 2.5 2 1 3 5 5
4622.9 1501.5 501.9 75 0 13.9 22.4 10.0 2.5 2 1 4 4 4
4674.1 1530.2 501.6 356 0 13.1 25.6 10.0 2.5 2 1 4 0 0
4679.5 1503.3 501.3 358 0 9.0 28.1 7.5 0.0 0 1 3 0 0
5670.7 2771.9 482.9 5 0 15.1 27.2 10.0 2.5 2 1 4 0 0
5667.3 2822.1 483.0 359 0 12.9 23.6 10.0 2.5 2 1 4 0 0
5655.5 2842.4 483.2 269 0 19.0 12.4 7.5 2.5 2 0 3 5 5
5692.7 2805.1 482.5 179 0 11.6 20.0 5.0 2.5 2 1 2 0 0
5678.8 2829.4 482.6 180 0 23.5 24.4 10.0 2.5 2 1 4 4 4
4522.2 -1429.7 491.7 168 0 9.1 17.5 5.0 2.5 2 1 2 3 3
4538.2 -1373.1 492.0 5 0 9.7 8.5 5.0 2.5 2 0 2 0 0
4539.7 -1393.9 491.8 2 0 10.2 11.8 2.5 2.5 2 1 1 3 3
4511.5 -1394.1 491.8 185 0 8.6 11.3 2.5 2.5 2 1 1 5 5
4484.3 -1369.1 491.9 0 0 11.3 11.8 2.5 2.5 2 1 1 4 4
4440.1 -1394.7 492.1 172 0 9.6 10.9 5.0 2.5 2 1 2 4 4
4479.7 -1412.2 491.9 355 0 11.5 13.2 5.0 0.0 0 1 2 0 0
4502.4 -1431.9 491.8 169 0 11.0 13.1 7.5 2.5 2 1 3 5 5
6052.1 -1291.2 486.5 75 0 6.7 7.6 2.5 2.5 4 1 1 3 3
6016.5 -1303.8 486.4 78 0 32.0 15.8 7.5 2.5 4 0 3 4 4
6026.6 -1272.3 486.6 255 0 13.3 11.5 5.0 2.5 2 0 2 4 4
6070.1 -1292.4 486.4 84 0 8.2 22.6 5.0 2.5 2 1 2 0 0
6083.8 -1292.9 486.3 91 0 10.7 22.3 5.0 2.5 2 1 2 5 5
6041.7 -1247.9 486.8 258 0 15.1 11.0 5.0 2.5 2 0 2 2 2
4182.0 -3243.1 482.3 350 0 11.5 8.8 7.5 2.5 2 0 3 3 3
4206.4 -3299.3 483.0 357 0 7.8 9.8 5.0 2.5 2 1 2 1 1
4185.8 -3286.7 482.9 159 0 15.0 5.4 5.0 2.5 4 0 2 1 1
5209.6 -3789.1 487.5 136 0 21.4 11.0 7.5 2.5 2 0 3 3 3
5210.7 -3694.8 484.6 259 0 10.1 16.6 5.0 2.5 2 1 2 4 4
5183.0 -3729.1 484.5 169 0 10.2 15.7 5.0 2.5 2 1 2 3 3
5226.0 -3695.5 485.3 258 0 10.1 13.9 2.5 2.5 4 1 1 0 0
5244.6 -3768.5 487.7 264 0 8.5 13.9 5.0 2.5 2 1 2 1 1
5274.7 -3705.8 486.4 351 0 11.0 4.9 7.5 2.5 4 0 3 3 3
5252.8 -3665.7 485.2 263 0 16.7 33.5 12.5 2.5 2 1 5 0 0
3019.0 -1049.8 490.7 159 0 8.7 19.0 7.5 2.5 2 1 3 2 2
3077.7 -1076.5 491.5 71 0 13.3 12.7 2.5 2.5 2 0 1 3 3
3070.9 -1040.5 491.1 254 0 10.9 20.4 5.0 2.5 4 1 2 3 3
3111.4 -1013.1 491.2 263 0 28.7 17.0 7.5 2.5 2 0 3 5 5
6127.0 2195.8 -520.5 161 0 6.7 8.0 5.0 2.5 2 1 2 5 5
6093.0 2205.2 -520.5 342 0 6.6 10.2 5.0 2.5 2 1 2 5 5
6095.1 2252.8 -520.5 257 0 18.7 16.4 10.0 2.5 4 0 4 3 3
6106.5 2172.7 -520.5 350 0 12.6 15.1 5.0 2.5 2 1 2 0 0
6100.3 2189.9 -520.5 343 0 11.7 9.4 5.0 2.5 4 0 2 2 2
6115.4 2178.1 -520.5 160 0 17.8 14.0 5.0 2.5 2 0 2 1 1
6176.1 2230.3 -520.6 347 0 9.8 10.4 2.5 2.5 2 1 1 4 4
6131.5 2223.0 -520.5 163 0 15.6 8.1 5.0 2.5 2 0 2 2 2
6118.5 2213.6 -520.5 164 0 7.3 12.3 5.0 0.0 0 1 2 2 2
6118.5 2250.8 -520.5 250 0 18.2 15.5 7.5 2.5 2 0 3 5 5
6144.7 2247.7 -520.6 253 0 12.7 12.0 7.5 2.5 2 0 3 2 2
2131.3 -444.1 503.8 260 0 6.8 11.6 5.0 2.5 2 1 2 2 2
2128.3 -517.8 502.8 164 0 7.3 9.5 5.0 2.5 2 1 2 3 3
2139.0 -532.9 502.4 176 0 7.1 17.0 7.5 2.5 2 1 3 5 5
2204.2 -542.4 501.7 81 0 6.8 7.9 7.5 2.5 2 1 3 1 1
2193.5 -541.1 501.8 76 0 4.2 9.2 5.0 2.5 2 1 2 0 0
2206.9 -504.4 501.7 348 0 8.3 9.9 5.0 2.5 2 1 2 3 3
2208.9 -493.5 501.8 351 0 7.5 14.2 5.0 2.5 2 1 2 0 0
2208.9 -483.2 502.0 351 0 6.8 16.4 7.5 2.5 2 1 3 0 0
2205.9 -476.0 502.1 352 0 6.4 12.2 7.5 2.5 2 1 3 0 0
2190.4 -502.7 502.0 353 0 10.5 8.7 5.0 2.5 2 0 2 1 1
2176.7 -503.8 502.2 354 0 13.6 10.8 2.5 2.5 2 0 1 2 2
2143.3 -510.2 502.5 174 0 16.7 12.1 2.5 2.5 2 0 1 4 4
6434.7 -5539.9 477.4 268 0 11.4 12.5 2.5 2.5 2 1 1 5 5
6419.4 -5552.8 477.5 262 0 12.8 10.2 5.0 2.5 2 0 2 4 4
6407.8 -5571.9 477.6 265 0 11.7 12.6 5.0 2.5 2 1 2 2 2
6410.5 -5586.9 477.7 268 0 10.8 10.6 5.0 2.5 2 0 2 2 2
6466.5 -5635.3 478.2 355 0 10.3 7.3 7.5 2.5 2 0 3 1 1
6468.3 -5618.0 478.0 354 0 14.3 13.5 2.5 0.0 0 0 1 4 4
4690.9 298.4 490.2 78 0 6.2 6.8 5.0 2.5 2 1 2 3 3
4740.5 349.9 489.7 69 0 7.4 10.7 2.5 2.5 2 1 1 1 1
4725.5 301.7 489.6 256 0 9.5 13.0 5.0 2.5 2 1 2 4 4
4670.8 323.6 490.4 165 0 8.1 9.2 5.0 2.5 2 1 2 3 3
4716.7 304.9 489.8 81 0 9.5 14.3 7.5 2.5 2 1 3 1 1
4727.3 330.7 489.8 76 0 6.6 11.5 5.0 2.5 2 1 2 4 4
4725.9 356.3 489.8 252 0 9.8 10.6 5.0 2.5 2 1 2 5 5
6057.3 51.9 490.3 259 0 7.0 10.0 5.0 2.5 2 1 2 3 3
6048.8 50.7 490.5 259 0 5.5 10.5 2.5 0.0 0 1 1 0 0
6014.3 30.6 490.7 78 0 13.9 22.7 10.0 2.5 2 1 4 4 4
4235.9 -1609.6 488.8 261 0 7.9 9.2 7.5 2.5 2 1 3 3 3
4183.4 -1566.6 489.5 178 0 19.6 16.5 7.5 2.5 2 0 3 1 1
4151.1 -1581.3 489.3 357 0 16.3 9.8 5.0 2.5 4 0 2 5 5
4153.8 -1663.4 487.7 355 0 14.1 15.4 5.0 2.5 2 1 2 3 3
4155.9 -1645.3 488.0 354 0 11.7 21.0 7.5 2.5 2 1 3 5 5
4151.4 -1612.4 488.7 359 0 14.4 13.8 2.5 2.5 2 0 1 1 1
4188.7 -1592.5 489.2 86 0 7.2 13.3 5.0 2.5 2 1 2 3 3
4222.6 -1611.8 488.8 258 0 11.5 5.9 7.5 2.5 2 0 3 2 2
4213.1 -1604.6 488.9 261 0 10.8 6.6 5.0 2.5 2 0 2 4 4
4209.9 -1617.3 488.6 257 0 6.8 9.8 5.0 2.5 2 1 2 1 1
4219.4 -1632.1 488.4 261 0 7.1 7.1 2.5 2.5 2 1 1 3 3
4192.3 -1647.2 488.2 176 0 11.0 10.1 5.0 2.5 2 0 2 1 1
4188.7 -1661.1 487.9 175 0 7.6 15.1 7.5 2.5 2 1 3 0 0
4196.3 -1627.1 488.4 273 0 12.9 9.7 5.0 2.5 2 0 2 5 5
4166.5 -1657.2 487.9 176 0 13.7 18.3 7.5 2.5 2 1 3 1 1
5415.4 -5804.4 478.1 173 0 12.7 10.7 5.0 2.5 2 0 2 4 4
5492.2 -5791.1 478.0 355 0 10.4 10.4 2.5 2.5 2 1 1 0 0
2654.7 -4585.8 483.6 354 0 15.9 36.3 7.5 2.5 2 1 3 5 5
2647.0 -4542.0 483.4 354 0 20.9 54.0 7.5 2.5 4 1 3 4 4
2584.7 -4519.6 484.0 353 0 10.5 11.6 2.5 2.5 2 1 1 3 3
2348.4 152.3 492.9 113 0 16.3 12.4 2.5 2.5 2 0 1 5 5
2418.7 28.6 489.5 31 0 8.2 16.3 5.0 2.5 2 1 2 2 2
2427.9 61.8 489.2 301 0 19.4 13.1 10.0 2.5 2 0 4 4 4
2433.5 154.6 489.7 276 0 14.7 17.0 5.0 2.5 2 1 2 1 1
2418.0 138.1 490.2 101 0 8.8 16.5 7.5 2.5 2 1 3 2 2
2393.2 145.9 491.0 100 0 11.4 13.1 7.5 2.5 2 1 3 1 1
2383.8 137.3 491.1 109 0 14.2 7.3 5.0 2.5 2 0 2 0 0
6311.2 -3246.0 484.7 242 0 6.8 10.6 5.0 2.5 2 1 2 0 0
6285.4 -3263.3 484.4 152 0 19.2 17.6 7.5 2.5 4 0 3 0 0
6310.2 -3307.6 484.8 152 0 8.8 13.4 5.0 2.5 2 1 2 3 3
6275.4 -3286.2 484.3 334 0 7.7 13.5 7.5 2.5 2 1 3 0 0
6251.0 -3294.5 484.1 154 0 12.4 7.8 7.5 2.5 2 0 3 5 5
6257.4 -3309.4 484.3 154 0 11.2 9.1 5.0 2.5 2 0 2 4 4
6282.0 -3297.6 484.4 334 0 11.1 14.9 7.5 2.5 2 1 3 1 1
6291.1 -3323.6 484.6 64 0 11.1 6.3 5.0 2.5 4 0 2 0 0
6298.6 -3303.8 484.5 334 0 9.2 19.3 2.5 2.5 2 1 1 4 4
6735.4 3224.3 492.2 167 0 56.9 15.6 12.5 2.5 2 0 5 5 5
6785.1 3261.2 491.2 281 0 12.4 6.3 2.5 2.5 2 0 1 4 4
6782.2 3273.6 490.6 284 0 13.1 8.9 7.5 2.5 2 0 3 0 0
6802.6 3280.6 489.9 278 0 14.5 10.2 7.5 2.5 2 0 3 4 4
6846.5 3294.0 488.5 288 0 25.1 15.4 7.5 0.0 0 0 3 3 3
3818.9 -6097.5 479.4 268 0 6.9 11.0 5.0 2.5 2 1 2 0 0
3829.8 -6152.1 479.3 349 0 11.1 7.9 7.5 2.5 2 0 3 5 5
3774.5 -6160.3 478.8 166 0 9.1 12.6 7.5 2.5 2 1 3 5 5
3766.8 -6138.1 478.8 176 0 8.2 9.2 5.0 2.5 2 1 2 1 1
3854.4 -6125.4 479.6 356 0 12.3 8.3 5.0 2.5 2 0 2 3 3
3795.2 -6177.4 479.0 86 0 12.1 11.1 2.5 2.5 2 0 1 5 5
3837.9 -6172.8 479.0 356 0 13.6 7.6 7.5 2.5 2 0 3 5 5
4911.0 -2657.6 489.3 174 0 10.7 10.3 5.0 2.5 2 0 2 2 2
4969.0 -2613.5 489.3 358 0 10.7 18.5 5.0 2.5 2 1 2 1 1
4900.3 -2642.9 489.6 170 0 8.2 7.3 5.0 0.0 0 0 2 1 1
4908.7 -2643.1 489.3 170 0 11.6 7.5 7.5 2.5 4 0 3 5 5
4917.0 -2639.8 489.0 170 0 14.9 8.4 2.5 0.0 0 0 1 1 1
4901.9 -2613.5 489.3 170 0 10.3 11.9 5.0 2.5 2 1 2 2 2
4890.7 -2603.5 489.6 170 0 11.2 6.4 5.0 2.5 2 0 2 1 1
4898.5 -2600.1 489.5 170 0 10.1 14.5 7.5 2.5 2 1 3 4 4
4919.5 -2583.3 489.6 259 0 16.0 12.7 5.0 2.5 2 0 2 1 1
4956.9 -2602.4 489.4 358 0 10.5 19.2 5.0 2.5 2 1 2 5 5
4951.7 -2579.6 489.8 358 0 9.5 17.0 5.0 2.5 2 1 2 3 3
4949.6 -2568.8 489.9 356 0 9.6 29.4 7.5 2.5 2 1 3 2 2
5230.4 -5963.0 477.9 166 0 8.8 11.6 5.0 2.5 2 1 2 5 5
5276.0 -5913.5 477.9 349 0 11.7 7.5 5.0 2.5 2 0 2 0 0
5273.4 -5932.9 477.8 344 0 15.2 7.1 7.5 2.5 2 0 3 2 2
5263.0 -5948.2 477.8 74 0 10.8 8.9 5.0 2.5 2 0 2 0 0
5243.3 -5944.8 477.9 164 0 16.5 9.7 7.5 2.5 2 0 3 1 1
5234.8 -5918.6 477.9 164 0 11.9 8.0 7.5 2.5 2 0 3 5 5
5239.8 -5906.3 477.9 165 0 9.1 8.6 7.5 2.5 2 0 3 0 0
5242.7 -5890.0 477.9 164 0 11.2 8.1 5.0 2.5 2 0 2 5 5
5231.8 -5887.7 477.9 164 0 23.6 8.6 7.5 2.5 2 0 3 4 4
5217.7 -5887.6 477.9 170 0 13.3 9.7 5.0 2.5 4 0 2 0 0
5215.2 -5905.5 477.9 178 0 15.7 14.5 5.0 2.5 2 0 2 0 0
5206.3 -5879.6 478.0 354 0 6.4 5.3 7.5 2.5 2 0 3 3 3
5193.0 -5881.6 478.0 84 0 12.5 9.2 7.5 2.5 2 0 3 4 4
5206.4 -5904.5 477.9 354 0 10.8 35.3 5.0 2.5 2 1 2 0 0
4588.4 -482.8 490.1 247 0 3.9 15.1 7.5 2.5 2 1 3 0 0
4523.6 -525.3 490.6 154 0 10.8 18.8 7.5 2.5 2 1 3 1 1
4509.8 -543.8 491.0 159 0 11.7 16.9 5.0 0.0 0 1 2 2 2
4562.7 -492.4 490.0 243 0 7.9 28.0 5.0 2.5 4 1 2 2 2
4547.3 -524.7 490.1 154 0 15.3 18.2 7.5 2.5 2 1 3 1 1
4552.2 -540.3 490.1 153 0 7.0 20.8 7.5 2.5 4 1 3 0 0
4582.2 -529.4 490.1 74 0 16.1 9.2 5.0 2.5 2 0 2 0 0
4575.7 -486.8 490.0 243 0 7.9 26.1 7.5 2.5 2 1 3 3 3
2139.0 2458.8 506.3 358 0 8.4 9.1 7.5 2.5 2 1 3 2 2
2191.0 2396.1 506.7 259 0 8.8 15.4 7.5 2.5 4 1 3 1 1
2145.4 2438.0 507.0 266 0 4.9 6.6 7.5 2.5 2 1 3 3 3
2196.0 2435.5 504.8 353 0 11.0 18.0 5.0 2.5 2 1 2 0 0
3037.5 -226.7 491.4 268 0 4.3 10.7 2.5 2.5 2 1 1 3 3
3103.8 -227.8 491.6 348 0 11.1 8.6 5.0 0.0 0 0 2 0 0
3119.1 -268.7 492.4 334 0 16.9 12.7 7.5 2.5 2 0 3 3 3
3031.2 -311.1 492.4 165 0 10.7 9.7 7.5 0.0 0 0 3 0 0
3040.7 -290.0 492.1 165 0 11.4 8.0 7.5 2.5 4 0 3 3 3
3011.1 -253.1 491.6 259 0 11.9 9.6 7.5 2.5 2 0 3 5 5
3102.5 -281.3 492.5 68 0 10.0 4.5 5.0 2.5 2 0 2 0 0
3098.1 -261.3 492.1 343 0 19.7 11.9 2.5 2.5 2 0 1 1 1
3074.7 -292.2 492.3 75 0 9.9 10.5 7.5 2.5 2 1 3 5 5
3075.2 -311.1 492.5 73 0 8.2 16.4 2.5 2.5 2 1 1 3 3
6357.6 -5569.9 477.5 265 0 13.3 7.5 5.0 2.5 4 0 2 3 3
6391.7 -5653.3 478.2 90 0 8.6 6.3 5.0 2.5 2 0 2 2 2
6306.8 -5634.9 477.5 169 0 7.3 12.8 5.0 2.5 2 1 2 5 5
6365.9 -5641.3 478.1 85 0 9.1 8.5 7.5 2.5 4 0 3 3 3
6343.2 -5616.0 477.8 179 0 9.0 9.8 7.5 2.5 4 1 3 1 1
6340.4 -5589.0 477.7 269 0 7.4 13.1 5.0 2.5 2 1 2 1 1
6537.2 736.8 487.4 145 0 11.1 10.6 2.5 2.5 2 0 1 2 2
6592.1 832.5 487.5 265 0 16.0 18.7 7.5 2.5 2 1 3 0 0
6548.6 825.7 487.5 264 0 12.0 13.8 5.0 2.5 2 1 2 1 1
6546.2 805.0 487.5 178 0 7.3 10.2 2.5 2.5 2 1 1 5 5
6600.3 796.4 487.5 355 0 6.2 10.7 7.5 2.5 2 1 3 4 4
6623.8 777.1 487.4 357 0 29.0 34.2 7.5 0.0 0 1 3 5 5
6584.7 763.6 487.5 88 0 6.1 10.7 7.5 2.5 2 1 3 4 4
6580.0 745.1 487.4 89 0 7.6 16.5 7.5 2.5 2 1 3 0 0
6542.5 786.0 487.4 181 0 22.2 11.8 12.5 2.5 2 0 5 0 0
4277.6 -997.7 492.6 348 0 19.7 23.2 7.5 2.5 2 1 3 2 2
4234.4 -1003.0 492.7 168 0 9.4 17.9 2.5 0.0 0 1 1 2 2
4236.7 -1013.9 492.7 167 0 7.7 16.9 5.0 2.5 2 1 2 3 3
4237.8 -1025.4 492.8 166 0 12.4 11.4 7.5 2.5 2 0 3 4 4
4242.9 -1039.2 492.8 164 0 11.4 11.8 5.0 0.0 0 1 2 4 4
4116.1 -1060.8 493.0 163 0 8.4 15.7 7.5 2.5 2 1 3 4 4
4122.8 -1023.7 492.9 246 0 10.0 21.9 2.5 2.5 2 1 1 0 0
4165.3 -1014.1 492.8 253 0 9.3 11.7 7.5 2.5 4 1 3 1 1
4145.6 -1023.1 492.8 250 0 22.2 15.6 10.0 2.5 2 0 4 4 4
4156.6 -1078.6 493.0 70 0 12.3 14.5 2.5 2.5 2 1 1 5 5
4169.6 -1074.0 493.0 69 0 7.7 13.7 7.5 2.5 2 1 3 2 2
4185.1 -1070.7 493.0 64 0 12.8 18.9 7.5 2.5 2 1 3 0 0
4180.3 -996.6 492.7 255 0 13.5 10.4 5.0 2.5 2 0 2 1 1
4224.5 -1010.5 492.8 347 0 21.0 18.2 7.5 2.5 2 0 3 4 4
3133.5 2605.1 499.3 342 0 8.7 11.7 7.5 2.5 4 1 3 0 0
3104.1 2607.8 498.5 90 0 6.3 8.2 7.5 2.5 2 1 3 4 4
3052.5 2589.2 501.2 78 0 12.4 16.2 7.5 2.5 2 1 3 0 0
3053.8 2540.7 504.2 349 0 15.3 26.5 12.5 2.5 2 1 5 4 4
4376.3 -2303.6 486.1 338 0 8.7 14.4 5.0 2.5 2 1 2 4 4
4383.4 -2313.1 486.3 344 0 6.1 10.3 2.5 2.5 2 1 1 1 1
4372.3 -2322.4 486.2 340 0 6.6 6.8 5.0 2.5 2 1 2 1 1
4372.0 -2280.3 486.0 251 0 20.3 16.0 12.5 2.5 2 0 5 2 2
4302.4 -2261.1 485.4 173 0 20.6 19.8 7.5 2.5 2 0 3 0 0
4328.0 -2296.0 485.7 159 0 12.3 14.6 5.0 2.5 2 1 2 1 1
4296.0 -2303.7 485.5 165 0 16.1 26.3 10.0 2.5 2 1 4 0 0
4297.9 -2326.4 485.6 163 0 13.0 18.0 2.5 2.5 2 1 1 2 2
5416.7 1921.6 498.6 82 0 29.2 23.8 7.5 0.0 0 0 3 1 1
5426.5 1958.2 499.1 358 0 18.9 31.4 10.0 2.5 2 1 4 1 1
5381.0 1998.7 498.7 264 0 73.2 29.1 12.5 0.0 0 0 5 0 0
2299.4 -1659.7 493.0 351 0 34.0 15.4 7.5 2.5 2 0 3 5 5
2208.0 -1632.3 492.0 91 0 15.5 20.7 5.0 2.5 2 1 2 5 5
2251.0 -1588.6 491.8 351 0 6.4 10.9 2.5 2.5 2 1 1 1 1
2277.2 -1577.5 492.9 261 0 10.1 58.2 15.0 0.0 0 1 6 2 2
2268.2 -1641.9 492.5 171 0 33.1 10.0 7.5 2.5 2 0 3 2 2
2261.6 -1602.9 492.4 171 0 44.7 9.6 7.5 2.5 2 0 3 3 3
6685.4 1426.2 486.1 336 0 12.8 17.8 2.5 2.5 2 1 1 1 1
6707.1 1334.7 485.9 58 0 20.2 14.5 5.0 2.5 2 0 2 0 0
6687.5 1344.5 486.2 63 0 16.2 21.7 10.0 2.5 2 1 4 2 2
3510.5 -3637.3 488.3 86 0 9.1 8.2 5.0 2.5 2 0 2 5 5
3500.3 -3548.3 489.1 260 0 7.7 15.8 5.0 2.5 2 1 2 4 4
3492.7 -3559.2 489.2 258 0 5.3 7.5 7.5 2.5 2 1 3 5 5
3472.9 -3563.0 489.5 260 0 8.9 9.8 5.0 2.5 2 1 2 2 2
3549.2 -3628.2 488.0 354 0 7.0 9.1 7.5 0.0 0 1 3 3 3
3544.1 -3556.5 488.4 346 0 5.7 6.0 7.5 2.5 2 1 3 5 5
3546.7 -3576.1 488.2 352 0 7.6 10.9 7.5 2.5 2 1 3 3 3
3527.7 -3600.0 488.3 355 0 8.0 11.6 2.5 2.5 2 1 1 3 3
3498.8 -3574.7 488.9 264 0 12.2 13.4 2.5 2.5 2 1 1 4 4
3496.9 -3598.9 488.6 175 0 15.5 15.2 7.5 2.5 2 0 3 3 3
2628.3 1710.2 508.8 86 0 5.5 6.5 5.0 2.5 2 1 2 1 1
2610.1 1765.0 506.7 182 0 10.5 14.9 5.0 2.5 2 1 2 2 2
2608.5 1751.2 507.4 183 0 9.3 15.6 5.0 2.5 2 1 2 1 1
2662.4 1710.0 507.2 89 0 9.1 10.7 7.5 2.5 2 1 3 1 1
2639.1 1710.4 507.9 89 0 12.3 12.2 5.0 2.5 2 0 2 5 5
5686.2 1955.9 491.3 85 0 5.0 17.3 5.0 2.5 2 1 2 5 5
5814.9 1863.4 490.1 160 0 10.7 21.6 10.0 2.5 2 1 4 2 2
5817.2 2044.6 489.8 269 0 15.8 9.5 5.0 2.5 2 0 2 3 3
5801.3 2051.5 489.9 269 0 14.1 11.5 7.5 2.5 2 0 3 0 0
5779.2 2042.4 490.1 179 0 20.3 11.9 5.0 2.5 2 0 2 4 4
5779.8 2023.7 490.1 179 0 7.4 13.0 2.5 2.5 2 1 1 4 4
5753.8 2046.1 490.3 179 0 14.7 13.4 10.0 0.0 0 0 4 2 2
5895.5 2042.4 489.2 65 0 11.9 12.7 5.0 2.5 2 1 2 1 1
5837.2 2016.1 489.7 65 0 12.8 10.3 7.5 0.0 0 0 3 1 1
5802.6 2004.7 489.9 155 0 10.0 13.4 7.5 2.5 2 1 3 5 5
5817.2 1945.9 490.0 67 0 7.4 9.2 2.5 2.5 2 1 1 3 3
5257.0 -734.5 490.7 324 0 19.5 15.8 7.5 2.5 2 0 3 3 3
5272.2 -835.4 490.7 152 0 22.2 10.6 5.0 2.5 2 0 2 3 3
5181.2 -799.8 490.6 155 0 7.6 19.8 5.0 2.5 2 1 2 3 3
5276.2 -795.0 490.7 57 0 14.4 19.4 12.5 0.0 0 1 5 4 4
5194.1 -822.9 490.7 157 0 10.5 15.4 7.5 2.5 2 1 3 5 5
5203.8 -839.2 490.8 158 0 8.8 14.9 7.5 2.5 4 1 3 2 2
6803.8 2920.2 494.9 257 0 5.9 8.6 5.0 2.5 2 1 2 2 2
6840.4 2929.6 492.9 258 0 14.5 13.4 7.5 2.5 2 0 3 4 4
6800.1 2881.1 493.2 73 0 12.5 14.1 5.0 2.5 2 1 2 0 0
2681.2 1442.4 498.3 183 0 10.9 8.5 2.5 2.5 4 0 1 4 4
2682.4 1412.9 495.9 175 0 12.3 8.9 7.5 2.5 2 0 3 3 3
2624.0 1491.2 503.2 275 0 7.1 7.2 5.0 2.5 2 1 2 3 3
2560.8 1487.1 504.1 190 0 18.8 11.5 7.5 2.5 2 0 3 1 1
2660.6 1498.1 503.0 7 0 10.2 13.7 7.5 2.5 2 1 3 4 4
2647.0 1453.4 499.9 358 0 18.1 11.1 7.5 2.5 2 0 3 2 2
2619.7 1448.8 500.0 179 0 13.7 14.9 2.5 2.5 2 1 1 2 2
2599.7 1476.6 502.5 185 0 7.2 23.3 7.5 2.5 2 1 3 5 5
2584.2 1479.0 503.3 185 0 9.7 13.3 5.0 2.5 2 1 2 0 0
3328.1 2219.6 499.4 93 0 9.5 9.5 5.0 2.5 2 1 2 3 3
3346.6 2212.5 498.9 76 0 8.2 11.3 2.5 2.5 4 1 1 1 1
3356.4 2208.2 498.8 250 0 17.4 12.1 7.5 2.5 2 0 3 0 0
3327.1 2346.1 492.6 200 0 10.4 21.8 2.5 2.5 4 1 1 4 4
3374.8 2230.4 496.9 47 0 9.1 21.4 2.5 2.5 2 1 1 2 2
3392.5 2267.5 493.8 222 0 16.8 17.0 12.5 2.5 4 1 5 4 4
4507.0 -2144.0 486.6 81 0 13.1 15.9 5.0 2.5 2 1 2 3 3
4513.9 -2056.8 485.5 260 0 7.7 10.7 7.5 2.5 2 1 3 2 2
4521.0 -2046.5 485.0 267 0 26.8 8.2 7.5 2.5 2 0 3 4 4
4518.6 -2116.1 486.7 351 0 7.7 10.9 5.0 2.5 2 1 2 5 5
4519.0 -2106.4 486.6 351 0 9.3 17.1 2.5 2.5 2 1 1 4 4
4486.8 -2123.7 486.4 81 0 7.8 10.7 5.0 2.5 4 1 2 2 2
4482.9 -2064.3 485.5 351 0 10.9 9.6 2.5 2.5 4 0 1 3 3
4486.0 -2093.0 486.3 261 0 10.8 10.8 2.5 0.0 0 1 1 0 0
4461.2 -2097.4 486.2 171 0 11.1 7.0 2.5 2.5 2 0 1 0 0
4457.5 -2085.0 486.1 171 0 8.2 5.4 2.5 2.5 2 0 1 1 1
4455.3 -2139.9 486.1 81 0 11.1 20.1 5.0 2.5 2 1 2 2 2
4447.2 -2108.2 486.1 171 0 10.0 8.6 2.5 2.5 2 0 1 3 3
4448.2 -2094.6 486.0 171 0 7.5 5.3 5.0 2.5 2 0 2 1 1
4438.7 -2072.2 485.7 168 0 10.8 10.9 5.0 2.5 4 1 2 2 2
4440.0 -2035.5 484.1 260 0 14.8 14.6 5.0 2.5 2 0 2 1 1
4622.0 2312.2 500.4 147 0 17.6 9.0 5.0 2.5 2 0 2 0 0
4604.9 2339.7 501.2 152 0 16.0 10.7 5.0 2.5 2 0 2 1 1
4594.4 2344.5 501.0 330 0 16.1 14.8 2.5 2.5 2 0 1 5 5
4581.1 2358.7 501.3 321 0 13.6 14.5 5.0 2.5 2 1 2 2 2
4539.4 2331.0 501.3 223 0 40.6 17.5 15.0 2.5 2 0 6 2 2
5774.5 1702.6 490.9 167 0 11.6 7.2 7.5 2.5 2 0 3 1 1
5785.3 1712.4 490.8 256 0 7.6 14.1 7.5 2.5 2 1 3 2 2
5825.2 1718.1 490.2 259 0 7.3 6.5 5.0 2.5 2 0 2 0 0
5838.1 1713.0 489.8 259 0 11.5 12.7 7.5 2.5 2 1 3 0 0
5816.4 1703.5 490.1 257 0 9.1 11.0 7.5 2.5 2 1 3 2 2
5805.1 1701.8 490.3 256 0 9.8 12.7 7.5 2.5 2 1 3 5 5
5788.6 1687.9 490.5 169 0 13.0 10.2 2.5 2.5 2 0 1 0 0
5815.3 1656.8 489.6 76 0 7.4 13.8 7.5 2.5 2 1 3 5 5
5790.7 1662.3 490.0 170 0 14.0 15.9 7.5 2.5 2 1 3 2 2
5805.6 1629.1 489.3 83 0 7.1 10.4 7.5 2.5 2 1 3 1 1
5793.3 1645.8 489.6 171 0 9.6 13.7 7.5 2.5 2 1 3 3 3
5860.6 1683.7 488.8 347 0 8.3 14.6 5.0 2.5 2 1 2 4 4
5865.4 1675.6 488.5 347 0 5.0 15.6 7.5 2.5 2 1 3 2 2
5867.0 1653.1 488.3 347 0 12.1 11.9 7.5 2.5 4 0 3 1 1
5865.7 1634.9 488.2 356 0 15.4 15.2 7.5 0.0 0 0 3 4 4
4202.4 -948.5 492.7 347 0 11.5 13.0 5.0 2.5 2 1 2 0 0
4224.7 -943.9 492.6 168 0 9.7 17.9 5.0 2.5 2 1 2 3 3
4234.7 -966.7 492.6 167 0 16.9 18.5 10.0 2.5 2 1 4 2 2
4267.6 -954.2 492.6 346 0 7.8 14.1 5.0 2.5 2 1 2 4 4
4273.8 -964.6 492.5 349 0 10.0 18.6 5.0 2.5 2 1 2 1 1
4294.2 -1009.3 492.6 164 0 12.6 16.6 7.5 2.5 2 1 3 4 4
4289.7 -994.3 492.5 166 0 12.3 14.0 7.5 2.5 2 1 3 1 1
4314.3 -953.6 492.3 352 0 10.8 11.8 2.5 2.5 2 1 1 0 0
4284.8 -974.1 492.4 171 0 15.9 30.0 7.5 2.5 2 1 3 4 4
4238.4 -982.0 492.7 256 0 7.5 12.1 7.5 2.5 2 1 3 2 2
4278.6 -1025.8 492.7 76 0 14.9 14.2 2.5 2.5 2 0 1 5 5
6194.0 -4065.2 484.7 347 0 16.4 15.3 12.5 2.5 4 0 5 4 4
6224.1 -4069.8 484.0 167 0 8.5 9.7 7.5 2.5 2 1 3 5 5
6215.0 -4071.8 483.4 257 0 6.5 12.2 7.5 2.5 2 1 3 0 0
6201.8 -4078.6 483.0 257 0 11.2 13.0 5.0 2.5 2 1 2 4 4
6184.6 -4101.6 481.7 167 0 14.9 14.4 2.5 2.5 2 0 1 5 5
2955.9 454.1 491.5 168 0 10.3 10.0 2.5 2.5 2 0 1 3 3
2985.9 372.5 492.5 93 0 27.2 18.8 7.5 2.5 2 0 3 5 5
2869.0 543.0 492.1 178 0 10.4 10.4 7.5 2.5 2 1 3 3 3
2895.3 535.9 492.0 359 0 17.6 13.7 5.0 2.5 4 0 2 2 2
2895.0 552.6 492.1 3 0 8.5 8.6 7.5 2.5 2 1 3 2 2
2942.6 609.8 492.0 258 0 11.5 26.4 7.5 2.5 2 1 3 1 1
2953.0 573.0 491.9 81 0 13.0 9.8 2.5 2.5 2 0 1 1 1
2964.9 544.4 491.8 264 0 15.6 9.3 5.0 2.5 2 0 2 0 0
2954.6 531.9 491.8 274 0 9.7 8.7 5.0 2.5 2 0 2 3 3
2930.4 520.4 491.8 185 0 9.5 7.0 5.0 2.5 2 0 2 3 3
2941.1 552.6 491.9 276 0 14.5 16.1 5.0 2.5 2 1 2 0 0
2922.4 546.9 491.9 278 0 11.9 11.4 7.5 2.5 2 0 3 2 2
2916.9 561.9 492.0 86 0 11.2 15.3 7.5 2.5 2 1 3 3 3
2894.4 580.1 492.1 358 0 9.7 6.8 7.5 2.5 2 0 3 0 0
2902.9 526.1 491.9 185 0 14.7 18.9 15.0 0.0 0 1 6 0 0
2377.7 -4227.9 484.1 82 0 15.3 21.5 10.0 2.5 2 1 4 3 3
2391.3 -4246.7 484.0 356 0 19.9 20.4 10.0 2.5 2 1 4 1 1
2411.3 -4295.2 483.9 358 0 16.2 26.0 10.0 2.5 4 1 4 4 4
3807.7 2387.6 501.9 183 0 9.2 13.0 5.0 2.5 2 1 2 2 2
3762.9 2390.4 499.3 16 0 15.5 13.5 10.0 2.5 2 0 4 4 4
3766.7 2351.3 500.5 8 0 12.4 14.9 5.0 2.5 4 1 2 3 3
3808.5 2425.3 500.9 185 0 10.9 17.5 10.0 2.5 2 1 4 1 1
3825.9 2338.5 503.6 100 0 8.2 15.1 5.0 2.5 2 1 2 4 4
3852.3 2399.8 503.2 288 0 13.6 24.7 10.0 2.5 2 1 4 0 0
3854.2 2338.5 504.6 4 0 11.3 11.9 10.0 2.5 2 1 4 2 2
3787.2 2371.5 501.5 182 0 9.9 9.5 7.5 2.5 2 0 3 0 0
3808.3 2405.9 501.4 185 0 17.6 12.8 5.0 2.5 4 0 2 5 5
3781.4 2345.7 502.1 183 0 10.1 17.1 5.0 2.5 2 1 2 4 4
3780.4 2328.7 502.9 180 0 15.3 16.6 10.0 2.5 2 1 4 0 0
4959.4 1344.3 495.8 257 0 12.2 14.7 10.0 2.5 2 1 4 3 3
5032.2 1348.8 495.1 157 0 9.6 10.2 7.5 2.5 2 1 3 2 2
5015.1 1349.3 495.3 338 0 22.0 13.4 10.0 2.5 2 0 4 1 1
5020.5 1326.4 495.0 337 0 13.9 14.9 5.0 2.5 2 1 2 3 3
5050.8 1306.4 494.4 332 0 14.3 11.9 5.0 2.5 2 0 2 0 0
5019.6 1276.9 494.5 70 0 7.0 8.9 5.0 2.5 2 1 2 4 4
4985.2 1268.0 494.6 349 0 17.2 7.1 5.0 2.5 2 0 2 4 4
4536.6 -2353.0 488.8 83 0 12.6 13.5 2.5 2.5 4 1 1 0 0
4554.6 -2308.8 489.2 79 0 13.4 10.3 2.5 2.5 2 0 1 2 2
4546.2 -2285.3 488.7 260 0 18.1 11.7 5.0 2.5 2 0 2 5 5
4546.8 -2267.1 488.0 259 0 12.5 16.6 5.0 2.5 2 1 2 0 0
4531.0 -2269.9 487.6 257 0 12.6 13.5 7.5 2.5 2 1 3 0 0
4520.4 -2298.7 488.3 169 0 14.2 16.8 5.0 2.5 4 1 2 3 3
4606.4 -2311.6 489.6 355 0 8.9 10.4 7.5 2.5 4 1 3 0 0
4579.0 -2304.9 489.5 84 0 9.9 11.2 5.0 2.5 2 1 2 3 3
4575.4 -2249.3 488.1 263 0 25.9 22.0 10.0 2.5 2 0 4 5 5
5579.7 1154.0 489.8 344 0 12.8 10.3 5.0 2.5 2 0 2 2 2
5637.6 1102.0 491.6 157 0 23.4 13.3 7.5 2.5 2 0 3 2 2
5659.7 1170.0 488.6 336 0 11.9 13.0 7.5 2.5 2 1 3 2 2
5632.1 1130.1 490.8 156 0 17.2 8.4 2.5 2.5 2 0 1 2 2
5634.7 1155.9 489.3 156 0 6.7 13.7 7.5 0.0 0 1 3 3 3
5628.4 1164.0 489.2 156 0 9.1 12.7 2.5 2.5 2 1 1 0 0
5618.0 1205.2 488.5 258 0 13.9 12.9 5.0 0.0 0 0 2 4 4
5586.6 1188.3 488.9 352 0 13.6 21.3 10.0 2.5 4 1 4 2 2
5592.7 1175.9 489.3 345 0 12.4 42.3 12.5 2.5 2 1 5 3 3
5537.0 1142.1 489.6 165 0 15.3 30.7 10.0 2.5 2 1 4 4 4
5558.0 1118.8 490.0 75 0 16.7 15.7 10.0 2.5 2 0 4 0 0
5595.8 1141.6 490.2 345 0 14.4 30.6 10.0 2.5 2 1 4 3 3
5592.8 1107.7 491.2 75 0 34.1 13.2 10.0 2.5 2 0 4 2 2
5216.9 2987.3 493.3 157 0 19.8 10.2 7.5 0.0 0 0 3 5 5
5240.0 2994.7 492.6 159 0 21.7 9.9 5.0 2.5 2 0 2 3 3
3116.8 1046.8 495.1 254 0 11.3 9.6 7.5 2.5 2 0 3 3 3
3118.0 1063.1 496.7 84 0 9.5 13.1 7.5 2.5 2 1 3 5 5
3080.7 1074.7 497.7 85 0 11.7 9.0 5.0 2.5 2 0 2 0 0
3068.0 1049.3 496.0 88 0 8.7 14.3 5.0 2.5 2 1 2 2 2
2989.5 1116.0 493.6 184 0 9.3 74.1 7.5 2.5 2 1 3 4 4
3537.7 -3234.2 486.5 84 0 6.8 5.3 7.5 0.0 0 0 3 0 0
3540.5 -3245.7 487.3 263 0 7.6 7.1 2.5 2.5 2 0 1 0 0
3548.5 -3222.9 485.7 87 0 6.3 11.5 7.5 2.5 2 1 3 1 1
3531.8 -3200.5 485.2 253 0 8.1 10.3 7.5 2.5 2 1 3 0 0
3496.3 -3231.9 486.4 88 0 5.3 7.2 7.5 0.0 0 1 3 0 0
3483.5 -3216.8 485.7 166 0 11.4 10.1 2.5 2.5 2 0 1 1 1
3827.8 2228.6 504.5 180 0 10.5 8.3 5.0 2.5 2 0 2 0 0
4675.6 -536.3 490.7 78 0 9.7 7.2 7.5 2.5 2 0 3 2 2
4706.5 -545.7 490.7 80 0 14.8 15.2 7.5 0.0 0 1 3 5 5
4687.1 -548.4 490.9 79 0 12.0 11.1 5.0 2.5 2 0 2 5 5
4657.5 -541.7 490.6 81 0 8.4 13.5 5.0 2.5 2 1 2 3 3
4626.6 -549.0 490.4 78 0 6.9 8.7 5.0 2.5 2 1 2 1 1
3294.4 1541.2 493.6 250 0 86.5 92.9 10.0 0.0 0 1 4 1 1
3481.7 1581.0 492.2 250 0 71.8 52.9 10.0 0.0 0 0 4 0 0
4378.2 2260.6 506.7 349 0 13.9 29.0 10.0 2.5 2 1 4 1 1
4382.6 2239.2 507.3 349 0 12.5 29.6 10.0 2.5 2 1 4 5 5
4387.1 2222.3 507.7 349 0 13.2 30.5 10.0 2.5 2 1 4 2 2
4387.7 2198.7 507.6 349 0 13.2 28.2 12.5 2.5 2 1 5 4 4
4415.3 2141.6 508.2 169 0 26.9 10.3 7.5 2.5 2 0 3 0 0
4408.8 2171.2 508.7 169 0 26.1 11.9 10.0 0.0 0 0 4 5 5
4402.9 2200.8 508.9 169 0 24.3 11.5 7.5 2.5 2 0 3 0 0
4396.2 2232.3 508.1 169 0 26.3 13.0 10.0 0.0 0 0 4 2 2
4440.5 2234.9 508.2 349 0 12.5 26.1 10.0 2.5 2 1 4 0 0
4445.0 2214.7 508.4 349 0 11.7 25.9 12.5 2.5 2 1 5 0 0
4454.8 2193.0 507.9 349 0 26.3 9.3 5.0 2.5 4 0 2 0 0
4461.4 2163.9 507.8 349 0 25.0 10.1 10.0 0.0 0 0 4 2 2
4468.3 2133.9 507.8 349 0 27.3 12.1 12.5 2.5 2 0 5 0 0
4421.1 2117.4 507.9 169 0 12.3 25.9 12.5 2.5 2 1 5 2 2
4464.3 1887.8 504.7 169 0 16.2 22.5 12.5 2.5 2 1 5 2 2
4460.5 1911.8 504.8 169 0 21.4 16.3 12.5 2.5 4 0 5 5 5
4444.6 1979.7 505.9 169 0 19.3 24.2 12.5 2.5 2 1 5 4 4
4439.8 2008.1 506.7 169 0 20.1 23.7 10.0 2.5 2 1 4 3 3
4432.0 2044.2 507.6 169 0 19.0 23.6 10.0 2.5 2 1 4 2 2
4482.5 2054.5 506.5 349 0 19.4 23.7 12.5 2.5 2 1 5 5 5
4490.4 2018.1 505.5 349 0 18.9 22.7 10.0 2.5 2 1 4 1 1
4495.7 1990.5 504.8 349 0 18.4 21.9 12.5 2.5 2 1 5 1 1
4500.2 1960.0 504.1 349 0 17.3 20.3 12.5 2.5 2 1 5 4 4
4505.6 1937.5 503.5 349 0 16.3 20.6 15.0 0.0 0 1 6 3 3
4511.2 1913.8 503.3 349 0 15.8 21.4 10.0 2.5 2 1 4 0 0
4506.8 1882.7 503.3 79 0 22.3 17.2 10.0 2.5 2 0 4 1 1
4532.2 1935.4 501.5 169 0 22.9 18.2 10.0 2.5 2 0 4 2 2
4526.8 1963.0 502.1 169 0 23.5 19.6 15.0 0.0 0 0 6 1 1
4521.0 1990.5 502.9 169 0 23.4 19.3 7.5 0.0 0 0 3 4 4
4513.1 2024.5 503.8 169 0 23.8 19.2 10.0 0.0 0 0 4 3 3
4507.8 2053.1 504.7 169 0 22.0 17.5 10.0 2.5 2 0 4 5 5
4502.2 2080.3 505.3 169 0 22.7 17.8 12.5 0.0 0 0 5 3 3
4495.2 2110.6 506.2 169 0 24.4 18.7 12.5 2.5 2 0 5 5 5
4467.4 2234.9 505.3 169 0 12.2 27.0 12.5 2.5 2 1 5 0 0
4473.0 2214.5 505.5 169 0 11.1 26.9 10.0 2.5 2 1 4 4 4
4477.4 2193.7 505.9 169 0 24.4 19.8 7.5 2.5 2 0 3 4 4
4483.3 2165.3 506.2 169 0 24.5 20.0 7.5 2.5 2 0 3 1 1
4489.2 2138.4 506.4 169 0 23.1 20.3 10.0 2.5 2 0 4 4 4
4280.7 2129.2 502.4 163 0 7.9 5.4 5.0 2.5 2 0 2 3 3
4283.0 2120.7 502.2 163 0 7.7 6.0 2.5 0.0 0 0 1 5 5
4283.5 2109.7 501.8 163 0 10.0 10.1 7.5 2.5 2 1 3 3 3
4257.7 2216.9 504.4 164 0 16.9 35.7 12.5 2.5 2 1 5 2 2
4235.0 2204.5 502.1 349 0 23.2 17.2 10.0 2.5 2 0 4 2 2
4260.9 2096.9 499.6 348 0 13.6 13.4 2.5 2.5 2 0 1 5 5
4270.1 2069.0 499.1 4 0 10.6 12.9 2.5 2.5 2 1 1 3 3
4263.3 2033.1 497.8 344 0 10.5 13.6 7.5 2.5 2 1 3 1 1
4352.6 1885.1 501.5 88 0 11.9 14.1 2.5 2.5 2 1 1 0 0
4366.5 1880.3 502.4 88 0 11.3 17.1 7.5 2.5 2 1 3 2 2
4378.9 1880.4 503.3 88 0 10.7 20.1 10.0 0.0 0 1 4 2 2
4395.6 1909.7 504.5 88 0 13.6 14.7 2.5 2.5 2 1 1 5 5
4393.2 1957.2 505.0 268 0 15.1 11.2 5.0 2.5 2 0 2 0 0
4435.0 1946.1 506.7 352 0 23.0 14.2 5.0 2.5 2 0 2 2 2
4441.8 1891.4 505.6 352 0 15.1 20.3 7.5 2.5 2 1 3 4 4
4440.8 1918.6 506.4 352 0 20.3 17.3 10.0 2.5 2 0 4 1 1
4308.0 1840.7 498.3 350 0 7.7 9.6 7.5 2.5 2 1 3 5 5
4309.0 1832.4 498.4 359 0 7.3 11.1 5.0 2.5 2 1 2 5 5
4296.1 1840.5 497.5 359 0 9.7 7.7 5.0 2.5 4 0 2 5 5
4261.0 1820.0 495.7 179 0 10.1 18.1 5.0 2.5 2 1 2 1 1
4298.1 1867.3 497.1 20 0 13.1 10.5 5.0 2.5 4 0 2 5 5
4296.8 1855.5 496.9 359 0 10.5 14.7 7.5 2.5 2 1 3 0 0
4264.4 1905.6 496.5 179 0 9.3 14.6 2.5 2.5 2 1 1 0 0
4292.4 1895.6 497.2 358 0 9.7 11.7 2.5 2.5 2 1 1 3 3
4291.6 1909.6 497.7 354 0 7.2 9.9 2.5 2.5 2 1 1 0 0
4290.1 1973.8 499.2 354 0 10.5 11.1 7.5 2.5 2 1 3 1 1
4256.0 1982.7 498.0 174 0 7.8 15.5 7.5 2.5 2 1 3 0 0
4256.4 1960.8 497.5 174 0 8.5 16.3 7.5 2.5 2 1 3 5 5
4295.1 1953.6 499.0 354 0 10.2 10.9 5.0 2.5 4 1 2 1 1
4282.9 1953.3 498.4 354 0 9.2 8.9 5.0 2.5 4 0 2 3 3
4259.3 1949.9 497.4 174 0 11.2 13.3 7.5 2.5 2 1 3 3 3
4284.5 1940.9 498.0 354 0 8.7 11.1 5.0 2.5 2 1 2 1 1
4297.7 1943.4 498.9 354 0 9.0 11.3 7.5 2.5 2 1 3 3 3
4299.1 1933.1 498.7 354 0 9.6 10.6 2.5 2.5 2 1 1 0 0
4286.8 1931.4 497.9 354 0 8.3 11.4 5.0 2.5 4 1 2 2 2
4262.1 1928.5 497.0 174 0 8.9 12.3 2.5 2.5 2 1 1 1 1
4263.4 1917.6 496.7 174 0 11.1 12.1 7.5 2.5 2 1 3 4 4
4288.7 1920.5 497.6 354 0 12.3 11.9 2.5 2.5 2 0 1 4 4
3238.4 3623.9 488.8 245 0 10.5 12.0 5.0 2.5 2 1 2 4 4
3167.0 3657.2 491.4 360 0 19.0 13.0 10.0 2.5 2 0 4 2 2
3189.7 3697.0 487.3 332 0 25.9 18.0 12.5 2.5 2 0 5 2 2
3186.9 3663.0 489.9 359 0 9.9 13.6 2.5 2.5 2 1 1 5 5
3188.0 3651.9 490.6 359 0 11.0 14.4 5.0 2.5 2 1 2 3 3
3193.3 3641.8 491.1 328 0 11.4 13.2 10.0 2.5 2 1 4 5 5
3200.6 3658.8 489.0 236 0 10.6 11.8 5.0 2.5 2 1 2 1 1
3222.6 3625.8 489.6 56 0 10.6 13.0 7.5 2.5 2 1 3 4 4
3233.8 3631.2 488.3 56 0 12.3 14.9 7.5 2.5 2 1 3 0 0
3165.1 3727.5 486.4 59 0 12.6 10.4 7.5 2.5 2 0 3 1 1
3118.5 3735.4 487.0 239 0 11.4 12.6 7.5 2.5 2 1 3 1 1
3130.2 3739.0 488.0 239 0 10.2 11.9 7.5 2.5 2 1 3 2 2
3142.5 3718.1 488.8 59 0 9.6 10.9 5.0 2.5 2 1 2 3 3
3122.5 3749.6 485.2 68 0 10.6 11.8 2.5 0.0 0 1 1 3 3
3132.8 3752.8 486.0 68 0 9.8 12.1 7.5 2.5 2 1 3 4 4
3170.9 3761.7 483.5 145 0 12.7 13.8 7.5 2.5 2 1 3 4 4
3177.7 3750.1 483.8 145 0 12.0 14.9 2.5 2.5 2 1 1 1 1
3185.7 3738.8 484.1 145 0 13.4 14.8 5.0 2.5 2 1 2 3 3
3195.7 3727.1 484.4 145 0 12.9 13.3 7.5 2.5 2 1 3 1 1
3203.3 3715.6 484.6 145 0 11.8 12.4 7.5 2.5 2 1 3 0 0
3219.7 3704.0 484.9 55 0 12.7 11.6 5.0 2.5 2 0 2 2 2
3727.5 4533.3 482.9 181 0 13.7 14.4 5.0 2.5 2 1 2 3 3
3727.8 4517.2 482.7 181 0 14.5 14.0 10.0 2.5 2 0 4 1 1
3753.7 4540.5 482.5 271 0 15.3 14.5 7.5 0.0 0 0 3 5 5
3751.2 4510.2 482.7 91 0 15.4 13.6 10.0 2.5 2 0 4 2 2
3771.1 4539.2 482.9 271 0 15.7 13.7 5.0 2.5 2 0 2 4 4
3768.2 4509.8 483.1 91 0 15.9 13.6 5.0 0.0 0 0 2 5 5
3787.2 4538.1 483.5 271 0 14.0 13.3 5.0 2.5 2 0 2 0 0
3784.4 4508.6 483.7 91 0 14.2 15.1 7.5 0.0 0 1 3 1 1
3803.7 4539.7 484.0 271 0 13.7 15.0 7.5 2.5 2 1 3 3 3
3801.4 4508.4 484.3 91 0 16.2 15.1 5.0 2.5 2 0 2 0 0
3820.3 4538.8 484.6 271 0 15.0 13.9 5.0 2.5 2 0 2 5 5
3818.2 4509.5 484.9 91 0 14.8 14.3 2.5 2.5 2 0 1 0 0
3837.4 4538.3 485.2 271 0 15.1 13.8 5.0 2.5 2 0 2 1 1
3834.2 4509.4 485.5 91 0 13.7 13.5 7.5 2.5 2 0 3 0 0
3858.6 4516.6 486.0 1 0 13.5 14.4 5.0 2.5 2 1 2 3 3
3859.0 4530.9 485.9 1 0 11.2 11.2 7.5 2.5 2 1 3 1 1
3882.4 4551.4 485.7 91 0 12.8 13.3 10.0 0.0 0 1 4 2 2
3881.9 4539.1 486.5 271 0 13.2 14.3 5.0 2.5 2 1 2 0 0
3881.7 4508.9 487.1 91 0 13.6 13.6 2.5 2.5 2 0 1 3 3
3898.9 4507.2 487.3 91 0 16.6 14.9 5.0 2.5 2 0 2 5 5
3897.4 4537.1 486.8 271 0 11.2 12.2 2.5 2.5 2 1 1 4 4
3843.2 4472.0 486.4 89 0 13.4 20.0 7.5 2.5 2 1 3 3 3
3833.5 4464.8 486.2 359 0 12.8 16.2 5.0 2.5 2 1 2 2 2
3825.8 4490.7 485.8 269 0 15.7 16.5 7.5 2.5 2 1 3 2 2
3793.6 4490.9 484.7 269 0 14.0 13.3 2.5 2.5 2 0 1 0 0
3793.8 4465.2 485.0 89 0 12.7 11.1 2.5 2.5 2 0 1 4 4
3780.6 4466.4 484.6 89 0 11.2 10.7 5.0 2.5 2 0 2 0 0
3760.4 4493.5 483.5 269 0 15.2 14.5 2.5 2.5 2 0 1 2 2
3766.6 4468.3 484.0 89 0 14.1 9.6 2.5 2.5 2 0 1 3 3
3743.0 4492.7 483.1 269 0 15.8 13.6 7.5 2.5 2 0 3 1 1
3726.7 4491.9 483.2 269 0 14.5 16.7 2.5 2.5 2 1 1 1 1
3709.5 4491.4 484.5 269 0 15.8 16.0 10.0 2.5 2 1 4 3 3
3641.2 4419.7 489.3 225 0 9.5 14.8 5.0 0.0 0 1 2 4 4
3652.4 4408.5 488.4 225 0 11.3 11.4 7.5 2.5 2 1 3 3 3
3661.6 4435.9 487.8 225 0 13.8 11.0 7.5 2.5 2 0 3 4 4
3678.7 4438.4 486.4 225 0 11.0 12.2 7.5 2.5 2 1 3 2 2
3669.9 4427.6 487.0 225 0 12.8 12.0 7.5 2.5 2 0 3 0 0
3653.0 4505.8 490.1 47 0 12.4 11.2 5.0 2.5 2 0 2 3 3
3642.6 4494.0 490.9 47 0 12.6 12.0 5.0 2.5 4 0 2 2 2
3620.4 4452.2 491.5 227 0 13.5 12.4 2.5 2.5 2 0 1 2 2
3630.4 4462.2 490.8 227 0 12.3 12.7 2.5 2.5 2 1 1 0 0
3664.3 4458.0 488.6 47 0 11.7 11.8 5.0 0.0 0 1 2 0 0
3654.4 4450.1 489.4 47 0 12.6 11.4 5.0 2.5 2 0 2 5 5
3644.3 4440.2 490.1 47 0 13.6 11.5 7.5 2.5 2 0 3 3 3
3634.3 4429.9 490.9 47 0 13.8 12.1 5.0 2.5 2 0 2 5 5
5103.3 3837.7 503.7 83 0 10.3 11.0 7.5 2.5 2 1 3 3 3
5114.6 3839.2 503.4 83 0 10.6 11.7 7.5 2.5 2 1 3 1 1
5117.0 3824.1 504.4 83 0 9.0 10.3 2.5 2.5 2 1 1 2 2
5125.6 3841.6 503.1 83 0 9.5 11.4 2.5 2.5 2 1 1 1 1
5140.3 3827.0 503.7 83 0 10.7 11.9 5.0 2.5 4 1 2 3 3
5137.2 3843.4 502.8 83 0 11.4 11.3 7.5 2.5 2 0 3 1 1
4952.8 3698.6 510.2 169 0 9.5 9.9 5.0 2.5 2 1 2 4 4
4964.0 3724.6 510.0 169 0 10.0 10.7 5.0 2.5 2 1 2 2 2
4979.2 3676.2 509.8 79 0 12.4 9.9 2.5 0.0 0 0 1 4 4
5025.1 3675.3 508.9 349 0 11.8 14.5 5.0 2.5 2 1 2 4 4
5020.7 3687.3 508.9 349 0 10.3 13.5 2.5 2.5 2 1 1 3 3
5019.3 3698.2 509.0 349 0 8.2 13.3 5.0 2.5 2 1 2 4 4
5001.4 3706.5 509.4 349 0 10.5 12.0 5.0 2.5 2 1 2 3 3
5018.6 3709.6 509.1 349 0 10.1 11.3 7.5 2.5 2 1 3 0 0
5016.4 3721.3 509.2 349 0 10.1 12.8 5.0 2.5 2 1 2 5 5
4997.9 3718.0 509.5 349 0 10.3 10.7 7.5 2.5 2 1 3 0 0
4995.2 3729.4 509.6 349 0 9.8 11.1 7.5 2.5 2 1 3 5 5
5012.5 3731.6 509.2 349 0 8.4 11.6 5.0 0.0 0 1 2 1 1
5009.0 3743.1 509.3 349 0 9.3 11.4 7.5 2.5 2 1 3 0 0
5006.8 3754.0 509.3 349 0 9.2 12.4 7.5 0.0 0 1 3 1 1
4981.2 3765.5 509.4 259 0 11.7 9.5 7.5 0.0 0 0 3 0 0
4990.6 3750.6 509.6 349 0 9.5 10.8 2.5 2.5 2 1 1 0 0
4992.6 3740.0 509.6 349 0 10.3 11.0 5.0 2.5 2 1 2 0 0
5052.2 3705.9 508.4 167 0 9.3 14.1 2.5 2.5 2 1 1 4 4
5046.0 3730.2 508.6 167 0 5.2 15.1 5.0 2.5 2 1 2 2 2
5039.5 3770.0 508.3 167 0 5.7 11.1 5.0 2.5 2 1 2 1 1
5036.3 3782.1 508.1 167 0 5.8 10.9 7.5 2.5 2 1 3 0 0
5065.5 3717.4 508.4 167 0 14.8 11.9 5.0 2.5 4 0 2 4 4
5063.3 3730.6 508.5 167 0 9.6 10.2 2.5 2.5 4 1 1 0 0
5061.4 3738.9 508.5 167 0 4.8 10.2 7.5 2.5 2 1 3 2 2
5056.2 3744.3 508.5 167 0 6.2 13.8 2.5 2.5 2 1 1 1 1
5057.7 3754.1 508.5 167 0 11.0 11.6 7.5 2.5 2 1 3 4 4
5056.8 3782.0 508.1 257 0 10.8 10.1 7.5 2.5 2 0 3 5 5
5206.2 3879.0 499.9 343 0 8.7 17.6 2.5 0.0 0 1 1 5 5
5200.4 3857.7 500.8 73 0 11.8 12.3 7.5 2.5 4 1 3 3 3
5217.5 3852.4 501.3 73 0 14.1 10.1 2.5 2.5 2 0 1 3 3
5203.8 3848.2 501.4 73 0 12.7 9.4 7.5 2.5 4 0 3 3 3
5183.8 3991.5 494.3 269 0 11.7 8.6 7.5 2.5 2 0 3 0 0
5189.3 3977.7 494.6 359 0 8.8 12.3 7.5 2.5 2 1 3 1 1
5188.3 3966.7 495.0 359 0 12.1 11.7 2.5 2.5 2 0 1 5 5
5143.3 3976.7 495.2 254 0 11.5 15.1 2.5 2.5 2 1 1 5 5
5132.4 3965.7 496.1 254 0 9.7 13.0 5.0 2.5 2 1 2 2 2
5131.8 3942.9 496.9 164 0 13.0 12.1 5.0 2.5 2 0 2 3 3
5023.0 3841.4 505.5 172 0 5.1 12.7 7.5 2.5 2 1 3 1 1
5024.5 3831.6 505.8 172 0 10.3 12.1 5.0 2.5 2 1 2 1 1
5034.5 3811.1 506.3 82 0 11.8 14.9 5.0 2.5 2 1 2 1 1
5044.5 3846.7 504.8 262 0 12.5 8.9 2.5 2.5 2 0 1 2 2
5049.8 3812.6 506.0 82 0 14.1 13.2 7.5 2.5 2 0 3 5 5
5078.1 3803.9 506.6 353 0 13.9 10.0 7.5 2.5 2 0 3 2 2
5069.8 3815.7 505.5 83 0 11.5 12.8 7.5 0.0 0 1 3 5 5
5069.2 3833.1 504.6 83 0 8.4 11.8 7.5 2.5 2 1 3 4 4
4882.5 1636.4 499.8 254 0 10.7 14.5 2.5 2.5 4 1 1 2 2
5300.2 -214.9 490.5 79 0 46.2 62.3 12.5 0.0 0 1 5 5 5
3464.2 -328.8 491.5 167 0 34.0 19.3 7.5 0.0 0 0 3 0 0
3502.4 -309.0 491.3 259 0 15.1 34.0 12.5 2.5 2 1 5 0 0
-878.5 -3950.6 492.9 179 0 12.2 29.1 10.0 2.5 2 1 4 1 1
5370.0 -2948.1 490.3 343 0 26.6 12.9 10.0 2.5 2 0 4 4 4
3828.9 -1655.5 489.2 343 0 43.0 22.6 7.5 0.0 0 0 3 5 5
877.3 -128.8 492.5 62 0 16.4 12.0 7.5 2.5 2 0 3 4 4
5430.1 3650.1 498.6 70 0 28.6 49.3 7.5 0.0 0 1 3 3 3
2664.1 286.1 493.0 19 0 15.6 7.4 5.0 2.5 2 0 2 5 5
2268.7 1743.8 512.5 90 0 12.9 12.6 5.0 2.5 2 0 2 2 2
2158.9 1758.8 511.3 90 0 13.4 12.9 10.0 2.5 2 0 4 5 5
6258.3 -781.4 491.1 346 0 7.9 8.3 5.0 2.5 2 1 2 1 1
1908.2 6231.3 494.0 18 0 14.5 10.7 2.5 2.5 2 0 1 1 1
1882.5 6152.9 495.8 274 0 16.7 17.0 10.0 2.5 2 1 4 2 2
6885.1 -1420.3 480.2 162 0 27.9 164.2 12.5 0.0 0 1 5 5 5
5152.7 5375.9 492.7 190 0 26.0 36.3 10.0 0.0 0 1 4 0 0
5250.9 5356.6 492.5 8 0 27.4 48.2 12.5 0.0 0 1 5 1 1
5249.4 5235.5 491.2 355 0 48.3 78.0 10.0 0.0 0 1 4 1 1
5360.1 5034.9 494.2 237 0 44.1 51.1 7.5 0.0 0 1 3 2 2
5098.4 5257.5 491.6 360 0 41.0 71.6 10.0 0.0 0 1 4 3 3
6745.8 4380.3 485.3 97 0 47.2 38.2 10.0 0.0 0 0 4 1 1
6583.9 4707.2 484.7 294 0 42.9 39.7 10.0 0.0 0 0 4 0 0
6683.2 4417.4 482.4 20 0 39.3 40.4 10.0 0.0 0 1 4 5 5
6688.7 4450.9 480.2 110 0 42.2 48.3 10.0 0.0 0 1 4 3 3
6691.3 4383.5 486.0 288 0 36.2 39.9 10.0 0.0 0 1 4 3 3
6761.4 4641.6 480.3 141 0 70.0 44.6 12.5 0.0 0 0 5 2 2
6713.3 4712.1 482.9 144 0 38.7 35.6 7.5 0.0 0 0 3 0 0
6683.7 4779.6 484.2 234 0 35.6 38.7 10.0 0.0 0 1 4 1 1
6727.2 4847.6 483.4 234 0 35.6 38.7 12.5 0.0 0 1 5 2 2
6790.5 4797.0 481.9 324 0 38.7 35.6 12.5 0.0 0 0 5 0 0
6856.3 4731.2 479.6 321 0 70.0 44.6 12.5 0.0 0 0 5 1 1
6632.9 4855.9 483.0 9 0 63.3 56.4 12.5 0.0 0 0 5 5 5
5148.3 4398.2 494.6 185 0 49.8 28.9 12.5 0.0 0 0 5 0 0
5249.6 4323.2 489.2 175 0 46.8 102.6 12.5 0.0 0 1 5 4 4
6028.6 4944.8 496.1 71 0 41.7 81.6 12.5 0.0 0 1 5 2 2
6028.2 5278.0 489.0 15 0 23.9 60.5 12.5 2.5 4 1 5 3 3
1649.7 5876.2 496.8 270 0 45.7 26.2 10.0 0.0 0 0 4 4 4
1791.2 5589.9 491.6 343 0 40.0 59.3 10.0 0.0 0 1 4 0 0
2732.5 4000.0 492.8 304 0 25.4 23.5 10.0 2.5 2 0 4 3 3
2744.2 4007.0 495.4 122 0 25.1 58.5 10.0 2.5 2 1 4 1 1
2882.9 3373.7 488.0 11 0 16.1 13.3 5.0 2.5 2 0 2 3 3
-2487.0 6586.5 503.0 186 0 40.7 25.4 10.0 0.0 0 0 4 0 0
-2098.5 6835.5 513.2 260 0 35.2 44.1 12.5 0.0 0 1 5 0 0
-3694.0 3295.4 491.7 101 0 22.0 30.6 7.5 0.0 0 1 3 0 0
-4378.3 3537.5 491.2 180 0 41.0 30.3 10.0 0.0 0 0 4 4 4
-5085.6 4191.3 489.5 170 0 63.3 32.2 14.0 0.0 0 0 4 5 5
-5830.7 1915.8 490.4 0 0 11.6 7.8 7.0 2.5 2 0 2 2 2
-5830.0 1952.7 489.9 275 0 11.6 16.6 7.0 2.5 2 1 2 1 1
-5838.1 1931.7 490.7 359 0 10.8 7.9 7.0 2.5 2 0 2 4 4
-5799.1 1908.2 489.7 197 0 23.5 19.3 7.5 2.5 2 0 3 4 4
-5817.8 1830.7 489.5 179 0 6.3 14.4 5.0 2.5 2 1 2 1 1
-5817.6 1890.3 490.1 6 0 9.2 4.7 5.0 2.5 2 0 2 1 1
-5777.6 1964.2 489.1 195 0 13.7 19.2 10.0 2.5 2 1 4 0 0
-5063.1 4999.0 498.1 24 0 11.0 24.0 10.5 3.5 2 1 3 0 0
-5110.8 5018.1 498.0 203 0 10.2 24.9 10.5 0.0 0 1 3 2 2
-5098.1 5022.0 498.9 113 0 22.5 26.4 10.5 3.5 4 1 3 5 5
6919.2 -1023.2 484.1 79 0 20.3 32.2 12.5 2.5 2 1 5 2 2
6764.3 -2151.0 488.5 342 0 11.9 11.1 10.5 2.5 2 0 3 3 3
4639.9 3451.7 500.0 358 0 15.3 36.7 10.0 2.5 2 1 4 3 3
-1471.7 612.8 493.2 1 0 21.6 41.9 12.5 2.5 4 1 5 5 5
-2632.1 -1904.5 490.1 5 0 8.7 34.6 7.5 2.5 2 1 3 2 2
-2714.5 -1851.1 488.1 180 0 12.3 25.0 12.5 2.5 2 1 5 4 4
3680.6 2005.0 493.6 93 0 12.6 28.3 7.5 2.5 2 1 3 2 2
-1125.1 -2906.8 489.3 183 0 14.9 27.8 7.5 2.5 2 1 3 5 5
2719.7 235.0 496.4 58 0 16.6 25.7 10.0 2.5 2 1 4 3 3
2697.0 201.3 498.5 35 0 42.3 12.5 7.5 2.5 2 0 3 2 2
-5543.2 4532.5 490.2 272 0 32.5 31.3 14.0 0.0 0 0 4 2 2
2558.9 4873.4 495.9 81 0 10.1 32.9 10.0 2.5 2 1 4 3 3
2950.0 5196.7 502.8 269 0 11.5 13.9 7.5 0.0 0 1 3 0 0
2545.7 4852.4 494.6 70 0 25.7 50.0 10.0 0.0 0 1 4 2 2
2889.8 5541.8 485.3 356 0 24.4 20.5 10.0 2.5 4 0 4 2 2
1944.8 5578.8 501.2 165 0 20.7 36.3 12.5 0.0 0 1 5 5 5
2639.6 5139.2 493.9 106 0 9.2 12.8 5.0 2.5 2 1 2 2 2
2613.3 5147.2 494.1 108 0 11.3 8.7 2.5 2.5 2 0 1 4 4
2571.6 4967.1 498.0 263 0 8.3 11.4 5.0 2.5 2 1 2 5 5
2573.0 4952.9 497.9 269 0 9.2 6.7 5.0 2.5 2 0 2 4 4
2488.9 4940.8 491.9 31 0 10.5 8.1 5.0 0.0 0 0 2 3 3
2523.4 5047.3 497.9 254 0 11.1 16.7 7.5 2.5 2 1 3 0 0
2639.1 5043.0 495.8 160 0 8.6 11.2 5.0 2.5 2 1 2 2 2
2653.8 5022.6 497.6 156 0 12.1 13.1 5.0 2.5 2 1 2 5 5
2657.9 5066.9 495.5 262 0 14.9 14.5 5.0 2.5 2 0 2 4 4
2567.2 5065.9 496.3 82 0 12.5 10.5 5.0 2.5 2 0 2 5 5
2548.4 5070.1 497.1 74 0 8.3 12.8 5.0 2.5 2 1 2 5 5
2646.5 4975.9 499.0 81 0 9.1 12.2 2.5 2.5 2 1 1 0 0
2657.2 4979.4 499.0 75 0 8.5 10.7 5.0 2.5 2 1 2 1 1
2713.7 5024.9 500.1 59 0 10.9 10.3 7.5 2.5 2 0 3 3 3
2719.8 5016.2 499.5 64 0 9.8 8.7 7.5 2.5 2 0 3 1 1
2722.0 4965.1 496.3 145 0 19.3 13.4 12.5 2.5 2 0 5 5 5
2724.7 5031.5 500.0 156 0 8.3 10.9 7.5 2.5 2 1 3 1 1
2717.4 5045.3 500.5 244 0 13.6 9.8 2.5 2.5 2 0 1 2 2
2504.6 5053.3 496.9 75 0 10.6 15.2 7.5 2.5 2 1 3 3 3
2545.3 5153.2 496.1 349 0 11.5 13.5 7.5 2.5 2 1 3 0 0
2528.1 5089.5 497.3 70 0 17.1 16.8 10.0 0.0 0 0 4 1 1
2478.4 5052.6 493.8 330 0 11.9 9.0 7.5 0.0 0 0 3 4 4
2443.0 5019.3 488.5 45 0 11.1 17.5 2.5 0.0 0 1 1 5 5
2651.8 4962.8 498.1 359 0 5.9 9.8 2.5 2.5 2 1 1 5 5
2682.9 4927.5 495.6 88 0 14.5 22.7 10.0 2.5 2 1 4 3 3
2766.1 4992.6 497.2 47 0 8.3 14.7 5.0 2.5 2 1 2 2 2
2784.6 4974.4 495.8 56 0 8.1 13.1 5.0 2.5 2 1 2 1 1
2521.9 4907.5 495.0 159 0 10.1 23.7 5.0 2.5 2 1 2 5 5
2796.8 5099.1 501.4 89 0 7.4 17.6 5.0 2.5 2 1 2 0 0
2812.3 5098.0 501.6 89 0 6.9 21.0 5.0 0.0 0 1 2 1 1
2663.2 5015.3 498.7 249 0 13.2 13.1 7.5 2.5 2 0 3 3 3
2711.4 4958.1 496.3 156 0 14.5 10.8 5.0 2.5 2 0 2 5 5
2782.4 5099.7 500.3 89 0 13.1 18.3 10.0 2.5 2 1 4 0 0
2714.1 4917.6 494.2 349 0 10.9 20.2 7.5 0.0 0 1 3 2 2
2719.7 4891.3 492.8 353 0 12.5 19.7 10.0 2.5 2 1 4 5 5
2619.7 4910.6 496.5 90 0 7.2 15.2 2.5 2.5 2 1 1 5 5
2548.5 4999.9 497.6 338 0 6.6 10.7 7.5 0.0 0 1 3 4 4
2543.8 4971.1 495.9 336 0 4.2 8.2 5.0 2.5 2 1 2 3 3
2446.8 5003.8 488.6 231 0 12.8 10.0 2.5 0.0 0 0 1 4 4
2481.4 5105.0 497.9 158 0 12.2 7.7 2.5 2.5 2 0 1 1 1
2744.9 5058.2 500.6 345 0 10.3 15.1 5.0 0.0 0 1 2 2 2
2784.8 5053.1 499.5 355 0 16.2 15.1 5.0 0.0 0 0 2 5 5
2765.8 5065.1 500.6 345 0 13.3 17.2 5.0 2.5 2 1 2 2 2
2758.1 5115.6 498.5 8 0 11.5 9.3 5.0 2.5 2 0 2 2 2
2827.6 5098.5 501.3 90 0 8.5 19.3 2.5 2.5 2 1 1 3 3
2844.2 5099.6 501.0 88 0 7.5 18.4 7.5 2.5 2 1 3 4 4
2868.2 5111.4 500.6 358 0 18.4 14.1 10.0 0.0 0 0 4 3 3
2856.2 5129.2 501.9 0 0 14.2 10.3 5.0 2.5 2 0 2 2 2
2809.8 5052.0 499.2 89 0 12.8 17.0 7.5 2.5 2 1 3 2 2
2839.6 5053.5 498.6 90 0 12.9 16.1 7.5 2.5 2 1 3 1 1
2854.8 5052.1 498.2 89 0 13.4 16.5 5.0 2.5 2 1 2 0 0
2869.7 5051.7 497.8 90 0 13.5 16.8 5.0 2.5 2 1 2 4 4
2885.3 5051.4 497.5 87 0 12.6 17.0 10.0 2.5 2 1 4 4 4
2807.0 5090.0 500.4 267 0 13.1 15.6 5.0 2.5 2 1 2 5 5
2821.8 5089.6 500.1 270 0 12.7 15.8 2.5 2.5 2 1 1 2 2
2836.7 5091.0 499.7 268 0 13.5 17.7 5.0 2.5 2 1 2 4 4
2851.2 5090.0 499.4 273 0 13.6 16.0 5.0 2.5 2 1 2 0 0
2866.3 5091.9 499.1 272 0 14.9 16.3 7.5 2.5 2 1 3 3 3
2881.2 5092.1 498.8 275 0 14.3 15.7 5.0 2.5 2 1 2 3 3
2508.1 5126.9 497.6 162 0 14.4 12.5 7.5 2.5 2 0 3 4 4
2501.4 5148.1 497.8 171 0 9.7 6.8 5.0 2.5 4 0 2 2 2
2468.1 5129.3 497.9 162 0 12.8 12.0 7.5 2.5 2 0 3 2 2
2524.7 5155.1 497.0 339 0 8.1 5.9 7.5 2.5 2 0 3 0 0
2458.5 5153.9 498.4 152 0 13.1 15.9 5.0 2.5 2 1 2 0 0
2453.6 5136.7 496.9 160 0 13.5 10.3 2.5 2.5 2 0 1 3 3
2439.6 5221.3 498.9 168 0 9.5 13.1 7.5 0.0 0 1 3 5 5
2451.0 5233.9 498.8 358 0 8.7 13.4 5.0 2.5 2 1 2 1 1
2428.8 5191.1 497.3 176 0 14.7 18.8 5.0 2.5 2 1 2 3 3
2423.0 5223.2 498.3 96 0 10.3 13.1 7.5 2.5 2 1 3 5 5
2413.3 5214.4 496.9 76 0 7.3 17.5 2.5 2.5 2 1 1 1 1
2393.9 5225.7 496.4 75 0 9.5 12.5 7.5 2.5 2 1 3 4 4
2791.8 5166.9 498.4 272 0 9.6 12.2 5.0 2.5 4 1 2 2 2
2768.7 5152.3 497.7 267 0 11.0 10.3 7.5 2.5 2 0 3 4 4
2756.6 5142.9 497.4 271 0 11.8 9.4 7.5 2.5 2 0 3 4 4
2795.0 5182.7 497.2 90 0 8.4 9.9 7.5 2.5 2 1 3 5 5
2805.5 5179.9 498.1 91 0 6.2 10.6 7.5 2.5 2 1 3 1 1
2778.5 5186.0 496.0 89 0 12.7 8.8 5.0 2.5 2 0 2 2 2
2776.1 5198.3 495.2 92 0 6.6 13.2 7.5 2.5 2 1 3 3 3
2767.6 5226.4 493.7 180 0 12.3 9.2 5.0 2.5 2 0 2 2 2
2811.8 5258.5 494.1 359 0 9.8 9.7 7.5 2.5 2 0 3 0 0
2825.8 5247.4 495.6 358 0 11.2 10.6 7.5 2.5 4 0 3 2 2
2805.1 5298.4 492.1 294 0 7.3 10.4 5.0 2.5 2 1 2 0 0
2622.1 5203.0 493.2 285 0 10.8 14.5 5.0 2.5 2 1 2 3 3
2563.3 5307.4 492.3 240 0 9.1 16.3 5.0 2.5 2 1 2 0 0
2551.3 5233.3 494.3 282 0 10.7 9.3 7.5 2.5 2 0 3 1 1
2421.9 5008.9 486.6 66 0 9.2 10.2 2.5 2.5 2 1 1 2 2
2403.3 4944.1 486.1 19 0 8.5 17.3 7.5 2.5 2 1 3 4 4
2379.7 4898.2 485.9 275 0 20.5 11.4 7.5 2.5 2 0 3 0 0
2371.4 4860.0 486.3 99 0 12.9 11.8 5.0 2.5 2 0 2 0 0
2342.7 4867.4 484.9 188 0 11.5 10.4 7.5 2.5 2 0 3 3 3
2261.2 4848.5 488.3 79 0 13.0 14.8 5.0 2.5 4 1 2 2 2
2245.2 4846.7 488.9 79 0 14.8 13.9 2.5 2.5 2 0 1 0 0
2255.3 4718.2 487.1 0 0 16.0 7.8 7.5 2.5 2 0 3 3 3
2225.7 4706.1 488.4 178 0 14.8 12.9 2.5 2.5 4 0 1 2 2
2196.2 4818.5 488.0 161 0 19.2 18.1 7.5 2.5 4 0 3 5 5
2211.0 4793.7 486.9 178 0 10.2 15.2 5.0 0.0 0 1 2 0 0
2209.6 4784.4 486.6 184 0 8.2 14.8 5.0 2.5 2 1 2 0 0
2263.5 4654.3 491.8 3 0 7.9 6.5 7.5 2.5 2 0 3 2 2
2252.1 4628.3 493.8 349 0 9.8 10.7 7.5 2.5 2 1 3 1 1
2263.2 4614.9 494.4 356 0 13.5 23.6 10.0 2.5 2 1 4 2 2
2230.9 4602.6 495.5 91 0 9.6 10.8 5.0 2.5 2 1 2 2 2
2196.2 4636.3 494.3 154 0 7.0 12.3 5.0 2.5 2 1 2 4 4
2191.7 4644.5 494.0 151 0 8.4 6.7 7.5 2.5 2 0 3 5 5
2186.8 4653.4 493.4 149 0 6.0 6.1 5.0 2.5 2 1 2 4 4
2183.4 4659.3 493.0 148 0 5.3 6.5 7.5 2.5 2 1 3 1 1
2164.8 4677.5 491.0 140 0 22.8 9.1 2.5 2.5 2 0 1 0 0
2443.9 5100.1 492.8 342 0 12.0 10.5 7.5 2.5 2 0 3 5 5
2423.8 5110.3 491.0 340 0 17.2 14.0 10.0 2.5 2 0 4 2 2
2426.7 5147.9 493.3 334 0 13.5 14.8 2.5 2.5 2 1 1 1 1
2405.1 5162.4 492.4 357 0 15.6 10.0 5.0 2.5 2 0 2 5 5
2390.8 5144.2 491.8 354 0 10.1 5.8 2.5 2.5 2 0 1 1 1
2406.5 5195.8 494.4 355 0 12.9 9.2 2.5 2.5 2 0 1 3 3
2364.6 5194.7 494.8 271 0 16.7 10.7 10.0 2.5 2 0 4 4 4
2335.7 5163.4 494.0 180 0 10.7 14.9 7.5 0.0 0 1 3 0 0
2310.7 5172.4 495.8 243 0 11.7 10.4 7.5 2.5 2 0 3 2 2
2403.0 5248.7 497.5 73 0 11.4 10.1 7.5 2.5 2 0 3 1 1
2416.7 5267.9 499.3 261 0 13.7 10.9 10.0 2.5 2 0 4 0 0
2420.6 5276.8 499.4 350 0 11.9 11.4 7.5 2.5 2 0 3 3 3
2431.7 5295.6 498.6 346 0 5.7 12.0 7.5 0.0 0 1 3 2 2
2364.8 5235.3 497.8 82 0 7.2 15.5 5.0 2.5 2 1 2 1 1
2348.3 5289.7 500.7 272 0 12.1 10.2 5.0 0.0 0 0 2 5 5
2420.8 5321.8 497.8 88 0 18.6 16.7 7.5 0.0 0 0 3 5 5
2480.6 5306.7 495.8 87 0 12.2 18.8 2.5 2.5 2 1 1 3 3
2458.5 5303.0 496.6 86 0 26.0 14.1 12.5 2.5 2 0 5 3 3
2461.9 5336.1 496.0 87 0 18.1 16.5 10.0 2.5 2 0 4 3 3
2461.4 5370.1 495.7 270 0 18.1 15.5 12.5 2.5 4 0 5 0 0
3014.0 5202.9 503.2 220 0 10.8 7.7 7.5 2.5 2 0 3 2 2
3022.7 5151.4 503.2 114 0 7.6 10.8 7.5 2.5 2 1 3 2 2
3013.0 5022.1 500.3 113 0 13.7 29.7 12.5 0.0 0 1 5 4 4
2984.9 5034.2 498.4 112 0 18.1 12.0 7.5 2.5 4 0 3 2 2
2973.3 5108.4 497.8 295 0 12.1 26.6 12.5 2.5 2 1 5 1 1
3030.0 4994.4 500.3 318 0 15.7 13.3 10.0 2.5 2 0 4 4 4
3019.1 4984.4 499.3 316 0 17.4 13.2 7.5 2.5 2 0 3 3 3
3008.6 4963.6 498.5 51 0 13.1 16.0 7.5 2.5 2 1 3 5 5
2987.6 5016.3 497.5 309 0 12.2 18.5 5.0 2.5 2 1 2 2 2
2963.8 5006.5 496.1 262 0 10.5 18.7 7.5 2.5 2 1 3 4 4
2940.8 4985.3 495.0 144 0 15.7 12.9 2.5 2.5 2 0 1 1 1
2919.7 5037.7 495.0 269 0 13.8 17.6 5.0 2.5 2 1 2 5 5
2903.7 5036.9 495.4 273 0 14.3 16.3 5.0 0.0 0 1 2 1 1
2888.7 5036.5 495.8 271 0 13.8 15.8 5.0 2.5 2 1 2 2 2
2873.1 5037.5 496.1 270 0 13.8 16.9 7.5 2.5 2 1 3 1 1
2857.3 5038.6 496.5 270 0 13.3 16.8 10.0 2.5 2 1 4 3 3
2842.7 5039.1 496.9 270 0 13.5 16.9 7.5 2.5 2 1 3 4 4
2827.2 5040.3 497.3 270 0 14.3 16.7 2.5 2.5 2 1 1 1 1
2926.1 5276.8 500.7 181 0 11.5 11.2 5.0 0.0 0 0 2 2 2
2999.5 5330.4 501.8 16 0 11.2 8.1 2.5 2.5 4 0 1 2 2
3016.1 5388.7 496.8 67 0 5.5 16.6 7.5 2.5 2 1 3 0 0
3000.3 5391.2 497.8 333 0 10.7 11.1 5.0 2.5 2 1 2 2 2
2988.8 5386.0 497.7 334 0 9.3 10.1 5.0 2.5 2 1 2 4 4
2969.4 5377.1 497.7 158 0 9.5 9.9 7.5 2.5 2 1 3 5 5
2954.4 5384.6 496.4 153 0 9.1 8.9 7.5 2.5 2 0 3 3 3
2973.3 5402.9 496.3 242 0 9.7 10.2 5.0 2.5 2 1 2 4 4
2990.0 5406.4 496.3 332 0 10.2 9.5 7.5 0.0 0 0 3 1 1
3008.5 5417.2 495.5 334 0 13.0 8.9 5.0 0.0 0 0 2 3 3
2940.6 5624.0 484.2 353 0 4.5 9.5 7.5 2.5 4 1 3 3 3
2964.0 5631.1 486.7 195 0 10.4 10.8 7.5 2.5 2 1 3 0 0
5433.4 -3520.5 483.7 354 0 14.0 16.8 2.5 2.5 2 1 1 1 1
-5610.2 4383.6 487.0 271 0 16.8 24.3 14.0 3.5 2 1 4 4 4
-6032.1 4612.0 480.1 184 0 57.2 68.2 10.0 0.0 0 1 4 3 3
-5506.2 5003.1 493.6 102 0 16.6 49.1 10.0 2.5 2 1 4 5 5
-5404.4 5167.7 496.0 306 0 62.5 30.5 17.5 0.0 0 0 7 2 2
-5437.5 5207.7 494.7 114 0 28.8 27.6 10.0 0.0 0 0 4 4 4
-5303.0 5130.7 497.6 105 0 44.7 40.9 10.0 0.0 0 0 4 5 5
-2295.3 5055.3 488.2 91 0 21.5 35.5 10.0 0.0 0 1 4 5 5
-2178.8 5161.0 489.6 272 0 19.1 22.2 12.5 2.5 2 1 5 2 2
-1915.4 4906.2 500.7 21 0 13.5 14.7 2.5 2.5 4 1 1 3 3
-2777.8 6060.9 498.7 106 0 19.0 14.1 10.0 2.5 2 0 4 2 2
-2906.1 5673.9 501.0 201 0 25.2 25.0 7.5 0.0 0 0 3 3 3
1081.2 2140.0 498.0 207 0 58.5 37.4 7.5 0.0 0 0 3 3 3
6775.5 -547.2 491.4 72 0 26.6 33.1 7.5 0.0 0 1 3 3 3
5446.1 2394.7 495.3 157 0 40.9 23.4 12.5 0.0 0 0 5 3 3
6857.5 -1187.1 481.5 172 0 17.7 13.3 5.0 2.5 2 0 2 3 3
6872.0 -1226.2 480.2 259 0 16.1 9.3 7.5 2.5 2 0 3 0 0
-5847.4 3515.7 488.1 86 0 12.3 31.5 7.5 2.5 2 1 3 4 4
1842.9 2225.1 498.0 160 0 9.5 18.1 5.0 2.5 2 1 2 0 0
-5567.8 4369.6 488.8 272 0 19.2 24.5 28.0 0.0 0 1 8 3 3
-5346.7 4490.5 491.1 270 0 13.5 18.0 10.5 3.5 2 1 3 0 0
-5403.9 3879.6 485.4 345 0 21.4 27.2 21.0 0.0 0 1 6 1 1
-5353.1 3864.7 484.9 356 0 24.8 10.1 7.0 3.5 2 0 2 4 4
5654.8 5316.0 485.9 257 0 36.0 45.1 7.5 0.0 0 1 3 2 2
-4780.7 4634.0 500.5 94 0 24.2 12.5 14.0 0.0 0 0 4 1 1
3736.3 1728.6 501.9 288 0 18.0 10.2 5.0 2.5 2 0 2 4 4
3666.5 1489.3 499.2 264 0 28.7 17.7 12.5 2.5 2 0 5 4 4
3785.5 1843.2 499.5 71 0 14.7 15.7 10.0 2.5 2 1 4 2 2
3744.0 1691.3 502.3 93 0 23.2 15.2 7.5 2.5 2 0 3 1 1
5714.4 -75.0 489.4 251 0 10.8 19.4 2.5 2.5 2 1 1 4 4
-1970.9 -4602.1 491.3 345 0 21.3 15.0 10.0 2.5 2 0 4 4 4
5816.0 -0.8 490.2 70 0 13.2 37.5 10.0 2.5 2 1 4 4 4
-4141.0 3797.7 491.9 90 0 9.9 20.3 7.5 0.0 0 1 3 2 2
-5479.0 4533.4 490.7 268 0 8.8 11.0 10.5 3.5 2 1 3 0 0
-86.8 -191.9 492.0 189 0 13.9 10.5 5.0 2.5 4 0 2 3 3
-72.9 -218.2 492.0 93 0 9.7 13.6 2.5 0.0 0 1 1 1 1
-61.5 -221.2 492.2 101 0 11.2 13.7 7.5 2.5 2 1 3 3 3
-53.7 -192.6 493.0 289 0 10.4 13.0 7.5 0.0 0 1 3 5 5
-47.6 -223.8 492.6 92 0 9.8 13.2 7.5 2.5 2 1 3 0 0
1675.4 -1973.0 491.2 167 0 32.7 72.3 7.5 0.0 0 1 3 3 3
-5374.5 4137.9 488.4 72 0 17.0 21.0 10.5 3.5 2 1 3 4 4
4310.0 3127.9 501.0 127 0 9.8 18.5 7.5 2.5 2 1 3 3 3
-4229.3 1159.8 488.3 91 0 14.8 18.2 7.5 0.0 0 1 3 0 0
4794.3 -872.6 490.3 337 0 14.3 22.2 5.0 2.5 2 1 2 0 0
6550.5 -1869.1 484.4 259 0 8.9 14.9 5.0 2.5 2 1 2 0 0
6763.0 -3912.2 482.8 165 0 29.6 18.9 10.0 2.5 2 0 4 2 2
2906.3 -691.0 491.9 74 0 26.3 28.3 10.0 0.0 0 1 4 5 5
2189.3 1724.4 510.2 271 0 10.6 38.0 12.5 2.5 2 1 5 0 0
2153.8 1697.7 511.1 180 0 8.5 17.3 7.5 0.0 0 1 3 2 2
3674.1 -85.1 490.8 261 0 14.5 57.3 10.0 2.5 2 1 4 4 4
3652.9 -2174.3 486.5 167 0 23.4 40.2 10.0 0.0 0 1 4 0 0
3238.7 -1555.5 490.7 159 0 13.3 14.2 7.5 2.5 2 1 3 2 2
3243.7 -1506.4 490.8 257 0 15.2 32.1 7.5 2.5 2 1 3 4 4
3253.1 -1500.9 491.0 162 0 13.1 24.0 10.0 2.5 2 1 4 3 3
3289.2 -1544.9 491.2 346 0 10.9 8.7 2.5 2.5 2 0 1 5 5
3315.2 -1330.4 491.7 358 0 14.3 18.3 12.5 2.5 4 1 5 2 2
3321.1 -1462.1 492.0 77 0 8.6 12.0 2.5 0.0 0 1 1 0 0
3252.8 -1419.8 491.0 348 0 12.7 17.1 5.0 2.5 2 1 2 0 0
3355.2 -1330.0 491.5 90 0 14.2 13.1 7.5 0.0 0 0 3 5 5
3380.9 -1285.9 491.4 266 0 13.6 18.8 5.0 2.5 2 1 2 4 4
3393.2 -1176.3 492.0 344 0 11.8 13.2 5.0 2.5 2 1 2 5 5
3366.4 -1225.0 491.4 69 0 8.8 25.8 7.5 2.5 4 1 3 4 4
3311.9 -1154.9 491.6 351 0 10.9 12.5 5.0 2.5 2 1 2 5 5
3394.3 -1222.5 491.7 76 0 9.5 28.5 7.5 0.0 0 1 3 5 5
3408.3 -1048.4 492.4 68 0 11.3 11.7 5.0 2.5 2 1 2 0 0
3423.2 -1020.9 492.5 341 0 36.4 13.9 10.0 2.5 4 0 4 5 5
3057.6 -918.7 490.3 254 0 17.2 42.5 7.5 2.5 4 1 3 1 1
732.6 4646.4 512.3 181 0 46.0 12.8 10.0 2.5 2 0 4 4 4
