529.5 4666.2 473.9 222 0 9.7 21.5 2.5 2.5 2 1 1 2 2
432.0 4655.3 469.3 178 0 25.9 13.4 12.5 2.5 2 0 5 1 1
568.4 4990.1 454.4 354 0 30.1 10.7 7.5 2.5 2 0 3 1 1
544.6 4682.7 476.5 221 0 8.6 12.2 5.0 0.0 0 1 2 4 4
567.5 4932.8 454.0 85 0 9.9 38.5 7.5 2.5 2 1 3 3 3
-5504.1 966.8 -475.0 350 0 44.7 30.3 10.0 0.0 0 0 4 0 0
-5554.5 1672.5 -470.8 84 0 46.1 42.5 7.5 0.0 0 0 3 0 0
-6338.1 773.4 -481.4 355 0 46.6 23.3 10.0 0.0 0 0 4 0 0
4612.0 2002.9 388.9 347 0 12.5 22.3 7.5 2.5 2 1 3 1 1
4543.7 1950.6 389.7 95 0 11.7 43.9 7.5 2.5 2 1 3 5 5
3529.3 1018.2 441.0 82 0 11.1 26.8 10.0 2.5 2 1 4 1 1
3475.9 1007.2 443.8 73 0 11.3 11.3 7.5 2.5 2 1 3 5 5
3455.5 1045.4 444.4 256 0 9.3 21.0 5.0 2.5 2 1 2 3 3
3423.0 986.4 444.5 74 0 49.3 9.4 7.5 2.5 2 0 3 4 4
3428.8 1196.1 443.1 2 0 20.4 19.0 12.5 0.0 0 0 5 0 0
-5525.5 1398.2 -475.4 177 0 81.4 112.2 17.5 0.0 0 1 7 3 3
-5710.7 928.6 -473.9 93 0 27.4 33.8 10.0 0.0 0 1 4 3 3
