-5576.3 2486.1 15.2 216 0 11.0 12.7 7.5 2.5 2 1 3 5 5
-6053.3 2207.7 9.6 206 0 25.5 28.5 7.5 0.0 0 1 3 3 3
-6272.3 1857.1 10.7 213 0 27.8 48.2 10.0 0.0 0 1 4 1 1
-1193.8 -6280.3 -7.8 182 0 69.6 17.6 10.0 2.5 2 0 4 2 2
-1184.2 -6217.2 -7.0 268 0 16.6 25.2 10.0 2.5 2 1 4 1 1
-1130.3 -6254.4 -6.8 90 0 37.3 80.7 7.5 0.0 0 1 3 1 1
-1166.9 -6277.9 -7.8 270 0 19.5 37.6 10.0 0.0 0 0 4 5 5
906.9 -3888.9 -1.2 181 0 19.4 29.7 7.5 2.5 2 1 3 4 4
-5443.8 2310.7 11.2 220 0 41.3 20.1 15.0 2.5 2 0 6 4 4
-5448.1 2224.2 13.4 17 0 40.7 20.3 12.5 2.5 2 0 5 2 2
-1966.5 -6020.4 -14.4 297 0 65.0 102.2 10.0 0.0 0 1 4 5 5
-4611.3 -3324.9 -18.6 7 0 17.1 18.5 15.0 0.0 0 1 6 4 4
-4709.2 -3392.9 -20.7 90 0 22.5 39.8 10.0 0.0 0 1 4 3 3
2970.8 -5902.6 -11.7 263 0 7.8 14.5 7.5 2.5 2 0 3 4 4
953.4 -4045.8 1.9 90 0 37.1 45.8 12.5 0.0 0 1 5 3 3
