6395.5 -3756.7 -3.0 180 0 95.0 76.8 7.5 0.0 0 0 3 2 2
5078.9 -3897.1 26.1 282 0 68.5 28.6 12.5 0.0 0 0 5 3 3
-6013.0 1875.3 -16.0 174 0 81.0 92.1 14.0 0.0 0 1 4 1 1
-6562.8 2245.0 -32.1 359 0 56.0 44.9 10.0 0.0 0 0 4 3 3
3213.9 -3003.5 -15.0 270 0 65.0 80.2 12.5 0.0 0 1 5 4 4
-218.1 -2861.5 -22.1 18 0 45.3 65.7 10.0 0.0 0 1 4 4 4
4601.6 -3556.8 -18.2 98 0 53.3 54.7 10.0 0.0 0 1 4 5 5
-5905.8 333.0 -31.2 264 0 66.6 58.9 10.0 0.0 0 0 4 3 3
-5837.4 328.8 -29.3 355 0 21.7 15.0 12.5 2.5 2 0 5 2 2
-5859.3 145.8 -20.9 214 0 34.9 13.0 12.5 2.5 2 0 5 0 0
4925.6 -4742.3 19.1 190 0 47.6 51.8 12.5 0.0 0 1 5 3 3
5462.1 -3781.6 29.4 88 0 23.9 26.1 12.5 0.0 0 1 5 2 2
4633.0 -3208.0 -22.1 269 0 24.8 38.0 12.5 0.0 0 1 5 1 1
4453.7 -4205.4 -2.3 90 0 13.4 23.7 10.0 2.5 2 1 4 3 3
4433.9 -4038.1 -9.2 193 0 35.4 15.9 12.5 2.5 2 0 5 1 1
3412.2 -3078.6 -11.8 276 0 11.4 28.8 7.5 2.5 2 1 3 2 2
3371.3 -3162.4 -12.2 93 0 47.3 5.7 7.5 2.5 2 0 3 2 2
3361.3 -3139.6 -11.5 92 0 21.3 6.9 7.0 2.5 2 0 2 2 2
5513.9 -3945.6 42.3 105 0 15.6 17.0 7.5 0.0 0 1 3 2 2
5529.9 -3951.3 42.4 105 0 13.4 15.7 5.0 2.5 2 1 2 4 4
5556.6 -3957.6 43.5 106 0 35.4 10.6 12.5 2.5 2 0 5 5 5
5859.2 3814.0 -27.1 2 0 23.4 17.5 10.0 2.5 2 0 4 2 2
5832.5 3836.9 -26.7 272 0 9.4 23.3 5.0 2.5 2 1 2 4 4
3590.3 -2993.7 -13.8 293 0 13.4 28.6 12.5 2.5 2 1 5 0 0
2111.7 -2119.4 -44.4 358 0 32.7 22.9 10.0 0.0 0 0 4 4 4
2026.9 -2020.6 -42.6 87 0 16.8 16.0 10.0 2.5 4 0 4 1 1
674.0 -2002.2 -21.2 92 0 8.3 15.1 3.5 2.5 2 1 1 0 0
683.2 -1963.2 -19.4 189 0 8.4 33.7 7.5 2.5 2 1 3 1 1
217.0 -2570.6 -17.2 132 0 9.7 34.6 7.5 2.5 2 1 3 5 5
255.6 -2530.0 -18.0 316 0 8.4 16.9 7.0 2.5 2 1 2 3 3
276.0 -2503.0 -18.8 309 0 11.4 29.9 10.0 2.5 2 1 4 3 3
269.8 -2559.2 -17.5 45 0 10.5 22.2 10.5 2.5 2 1 3 4 4
199.7 -2484.7 -19.4 219 0 9.5 18.3 3.5 0.0 0 1 1 1 1
281.9 -2414.4 -21.6 303 0 8.4 60.9 7.5 2.5 2 1 3 5 5
-919.1 -3392.0 -13.0 264 0 13.5 16.6 7.5 2.5 2 1 3 3 3
-5273.1 -1555.5 -3.0 85 0 27.4 30.4 7.5 0.0 0 1 3 5 5
-5437.5 -555.9 -24.6 242 0 9.1 15.5 7.5 2.5 2 1 3 5 5
-5393.0 -601.9 -22.6 326 0 25.1 23.1 10.0 2.5 2 0 4 3 3
-5711.0 -387.6 -37.3 162 0 37.4 59.8 10.0 0.0 0 1 4 3 3
-5584.6 1523.2 -12.6 264 0 20.1 37.0 12.5 0.0 0 1 5 0 0
-5329.7 1425.1 -23.7 290 0 47.2 85.3 12.5 0.0 0 1 5 0 0
-5686.9 1770.3 -6.7 254 0 26.0 18.2 12.5 2.5 4 0 5 2 2
-6386.8 3186.0 -8.6 91 0 19.4 20.1 15.0 0.0 0 1 6 1 1
-6366.1 3270.0 -15.1 91 0 12.3 24.4 10.0 2.5 2 1 4 3 3
-6238.9 3246.9 -22.3 88 0 24.3 17.0 10.0 2.5 2 0 4 5 5
-6270.8 3149.2 -15.7 109 0 17.5 25.7 10.0 0.0 0 1 4 1 1
-5078.8 2838.2 -21.5 92 0 28.6 23.4 15.0 0.0 0 0 6 2 2
3342.1 5671.5 -26.1 92 0 29.2 30.4 12.5 0.0 0 1 5 5 5
-2848.2 4245.4 -15.6 269 0 36.0 33.0 10.0 0.0 0 0 4 4 4
-6056.2 2513.7 -15.3 232 0 20.9 26.7 12.5 2.5 2 1 5 2 2
-4873.9 1495.8 -3.8 97 0 39.0 35.2 12.5 0.0 0 0 5 3 3
-4819.0 1531.8 -7.5 278 0 16.4 43.7 10.0 2.5 2 1 4 4 4
6730.5 -5701.1 -22.6 89 0 19.7 22.5 12.5 2.5 2 1 5 4 4
6825.3 1837.4 -13.5 4 0 24.5 22.6 15.0 0.0 0 0 6 2 2
6458.8 4735.4 -18.4 4 0 9.0 8.7 5.0 2.5 2 0 2 3 3
839.8 5701.7 -13.7 289 0 30.9 30.7 15.0 0.0 0 0 6 5 5
-4430.8 6258.8 -24.7 84 0 11.3 16.3 7.5 2.5 2 1 3 4 4
1477.9 2524.0 -12.7 300 0 18.9 16.1 10.0 2.5 2 0 4 2 2
1551.2 2410.1 -15.1 58 0 20.3 32.2 12.5 0.0 0 1 5 2 2
1646.6 2593.4 -25.5 91 0 24.3 30.4 15.0 0.0 0 1 6 5 5
1679.9 2727.9 -28.2 88 0 22.1 26.4 12.5 2.5 2 1 5 3 3
1700.8 2270.8 -26.1 66 0 23.2 14.3 10.0 2.5 2 0 4 2 2
4370.7 4659.9 -14.3 356 0 28.9 19.2 10.0 0.0 0 0 4 2 2
634.6 4322.7 -5.9 2 0 61.9 53.6 10.0 0.0 0 0 4 2 2
525.9 4802.7 -15.0 89 0 22.3 32.0 12.5 0.0 0 1 5 1 1
2615.8 -175.2 -22.2 101 0 25.6 15.5 10.0 2.5 2 0 4 0 0
2220.7 -1631.6 -47.7 85 0 56.6 72.6 12.5 0.0 0 1 5 5 5
6383.5 5755.0 -25.1 276 0 23.4 35.2 15.0 0.0 0 1 6 1 1
-466.3 6530.6 -8.4 110 0 45.2 18.9 10.0 2.5 4 0 4 2 2
3601.6 -4783.3 -19.2 1 0 26.8 27.8 15.0 0.0 0 1 6 0 0
-2092.9 -4074.8 -25.5 89 0 22.9 23.8 12.5 2.5 2 1 5 5 5
3824.8 5645.2 -22.1 90 0 17.6 22.1 10.0 2.5 2 1 4 4 4
3860.5 5838.1 -17.8 265 0 24.3 33.4 7.5 0.0 0 1 3 5 5
4012.8 5314.0 -23.3 89 0 18.6 22.9 10.0 2.5 2 1 4 1 1
-6210.9 -4443.5 -21.4 352 0 36.8 31.8 10.0 0.0 0 0 4 1 1
-5466.3 -1115.4 -22.3 90 0 17.3 21.6 12.5 2.5 2 1 5 1 1
5975.0 -1805.3 -34.7 359 0 43.5 35.4 15.0 0.0 0 0 6 5 5
6722.1 -1495.3 -17.1 4 0 54.8 44.6 15.0 0.0 0 0 6 3 3
4884.4 -371.8 -30.3 359 0 43.8 34.0 10.0 0.0 0 0 4 2 2
4896.7 -5467.6 -7.3 180 0 28.2 21.3 15.0 0.0 0 0 6 5 5
5257.9 -5314.5 -14.9 96 0 22.4 24.5 10.0 2.5 2 1 4 4 4
3693.2 -2135.5 -19.8 354 0 89.8 35.1 12.5 0.0 0 0 5 4 4
3301.6 -2620.6 -18.9 12 0 8.2 11.4 2.5 2.5 2 1 1 4 4
-5785.4 1712.0 -7.7 337 0 25.3 23.8 7.5 2.5 4 0 3 2 2
-5256.0 1506.6 -12.3 88 0 5.3 6.6 2.5 2.5 2 1 1 0 0
-5402.6 1501.9 -15.7 269 0 14.2 47.0 10.0 2.5 2 1 4 1 1
-5590.5 1579.0 -9.1 286 0 9.8 14.6 7.5 2.5 2 1 3 2 2
-5697.7 1619.7 -8.6 253 0 47.1 18.8 12.5 0.0 0 0 5 1 1
-5699.6 1582.1 -8.3 78 0 20.5 9.4 7.5 2.5 2 0 3 2 2
-5847.3 726.0 -30.9 125 0 16.8 13.3 10.5 2.5 2 0 3 1 1
-5850.8 738.1 -30.8 221 0 11.5 19.3 7.5 2.5 2 1 3 2 2
-5783.4 731.9 -32.5 54 0 10.5 21.6 10.0 2.5 2 1 4 0 0
-6121.2 3260.5 -25.0 4 0 19.9 22.8 7.5 0.0 0 1 3 5 5
-6373.0 3546.4 -27.8 214 0 15.2 16.3 8.0 2.5 2 1 2 4 4
-6332.1 3519.3 -28.2 124 0 17.7 13.2 5.0 2.5 4 0 2 1 1
