-2736.2 -2350.7 567.8 9 0 16.3 14.6 2.5 2.5 2 0 1 0 0
-2719.3 -2378.0 574.2 359 0 20.5 23.3 12.5 2.5 2 1 5 1 1
-4598.3 -4199.2 421.8 85 0 6.7 8.3 5.0 0.0 0 1 2 1 1
-4614.6 -4236.9 410.2 326 0 9.9 8.8 7.5 2.5 2 0 3 5 5
-4663.3 -4490.6 443.8 88 0 15.9 14.4 7.5 2.5 2 0 3 0 0
-4654.5 -4462.4 441.7 213 0 19.2 10.7 10.0 2.5 2 0 4 5 5
-6803.9 -406.6 226.4 92 0 22.5 34.0 10.0 0.0 0 1 4 3 3
-6877.1 -475.6 231.2 180 0 20.5 30.8 7.5 0.0 0 1 3 1 1
-6846.9 -531.6 239.6 358 0 30.5 18.0 15.0 0.0 0 0 6 5 5
-6898.5 -3072.5 223.1 296 0 16.8 11.6 7.5 2.5 2 0 3 4 4
-6907.0 -3196.4 233.1 201 0 10.0 11.8 2.5 2.5 2 1 1 5 5
-6848.8 -3193.8 230.3 353 0 13.9 12.1 7.5 2.5 2 0 3 1 1
-6838.9 -3235.6 232.6 78 0 10.9 12.6 5.0 2.5 2 1 2 3 3
-6888.4 -3142.6 228.2 280 0 14.4 13.6 7.5 0.0 0 0 3 1 1
-6884.1 -3259.7 237.3 249 0 13.0 10.6 10.0 0.0 0 0 4 4 4
-6826.6 -3287.9 237.4 304 0 12.9 11.0 5.0 2.5 2 0 2 2 2
-6833.2 -3242.6 233.3 147 0 10.7 12.2 5.0 2.5 2 1 2 2 2
-6668.9 -3016.9 223.8 280 0 11.8 19.0 7.5 2.5 2 1 3 3 3
-6535.1 -3095.8 228.6 314 0 10.1 10.5 5.0 0.0 0 1 2 3 3
-6408.1 -3076.6 234.1 317 0 9.9 14.5 7.5 2.5 2 1 3 4 4
-6449.8 -3073.4 232.7 223 0 9.1 7.2 7.5 2.5 2 0 3 5 5
-6406.9 -3093.4 234.1 315 0 8.2 13.0 7.5 2.5 2 1 3 2 2
-6389.2 -3081.9 235.1 4 0 10.8 9.0 2.5 2.5 2 0 1 2 2
-6402.3 -3126.3 234.2 46 0 9.7 8.9 7.5 2.5 2 0 3 2 2
-6465.4 -3121.3 231.7 142 0 8.5 8.4 7.5 2.5 2 0 3 2 2
-6450.9 -3130.6 232.3 147 0 7.6 9.0 7.5 2.5 2 1 3 4 4
-6455.9 -3159.8 232.3 144 0 8.6 11.7 7.5 2.5 2 1 3 3 3
-6621.8 -3079.4 231.2 307 0 15.3 22.7 10.0 2.5 2 1 4 3 3
-6612.7 -3126.9 238.2 122 0 11.4 19.2 2.5 2.5 2 1 1 0 0
-6451.4 -3243.9 241.1 304 0 13.3 12.0 7.5 2.5 2 0 3 5 5
-6429.5 -3256.0 241.8 304 0 13.0 9.5 7.5 2.5 2 0 3 3 3
-6443.4 -3268.7 243.5 295 0 10.7 12.3 5.0 2.5 2 1 2 2 2
-6421.1 -3279.5 244.4 282 0 11.2 9.6 5.0 2.5 2 0 2 1 1
-6395.1 -3249.8 239.2 145 0 10.4 10.7 7.5 2.5 4 1 3 2 2
-6379.5 -3262.1 240.2 146 0 8.8 9.9 5.0 2.5 2 1 2 2 2
-6318.7 -3252.9 238.3 332 0 10.6 9.5 7.5 2.5 4 0 3 3 3
-6321.9 -3298.9 243.5 178 0 10.6 10.2 5.0 2.5 2 0 2 0 0
-6125.4 -3250.8 241.9 1 0 69.1 37.8 12.5 0.0 0 0 5 4 4
-5524.1 -3262.4 366.0 265 0 14.9 19.1 12.5 0.0 0 1 5 1 1
-5399.6 -3199.6 339.8 346 0 25.3 10.2 12.5 2.5 2 0 5 5 5
-5394.0 -3228.3 339.8 351 0 24.9 9.2 7.5 2.5 2 0 3 1 1
-6914.9 -1416.1 279.2 58 0 29.8 20.1 12.5 2.5 2 0 5 0 0
-6717.9 -1315.2 254.4 195 0 14.8 11.4 5.0 2.5 2 0 2 2 2
-6691.0 -1126.9 260.6 181 0 26.1 9.9 7.5 2.5 2 0 3 4 4
-6698.6 -1161.9 259.6 193 0 22.5 8.5 2.5 2.5 4 0 1 4 4
-6794.1 -1259.6 257.3 153 0 23.9 12.4 12.5 2.5 4 0 5 4 4
-6824.0 -1136.8 253.1 173 0 23.0 14.5 7.5 2.5 2 0 3 5 5
-6516.8 -933.2 298.2 320 0 8.1 19.0 7.5 2.5 2 1 3 3 3
-6738.7 -2619.7 234.4 0 0 19.6 18.3 12.5 2.5 2 0 5 2 2
-6581.1 -2656.2 224.0 85 0 11.1 22.9 10.0 2.5 4 1 4 1 1
-6563.4 -2639.4 222.7 355 0 26.5 10.0 10.0 2.5 2 0 4 1 1
-6352.2 -2922.5 230.5 161 0 15.0 23.6 10.0 2.5 2 1 4 2 2
-6881.2 -3040.0 220.7 238 0 10.5 25.6 10.0 2.5 4 1 4 1 1
-6915.5 -3031.3 219.5 137 0 12.0 10.6 7.5 2.5 2 0 3 3 3
6043.5 5486.9 -568.3 270 0 13.4 10.7 5.0 0.0 0 0 2 4 4
6106.0 5598.1 -569.6 285 0 7.7 6.2 5.0 2.5 2 0 2 1 1
6126.2 5595.6 -569.2 289 0 11.3 9.3 7.5 2.5 2 0 3 3 3
6195.5 5358.2 -567.0 144 0 5.9 8.6 2.5 2.5 2 1 1 4 4
6209.1 5308.3 -566.0 163 0 14.2 7.5 7.5 2.5 2 0 3 5 5
6341.1 5508.5 -570.3 268 0 9.5 8.3 7.5 2.5 2 0 3 5 5
6260.4 5542.9 -566.3 269 0 17.3 7.8 7.5 2.5 2 0 3 2 2
6138.1 5574.0 -569.0 279 0 14.9 5.3 5.0 2.5 2 0 2 2 2
6159.2 5301.8 -561.2 134 0 6.8 8.6 2.5 2.5 2 1 1 3 3
6366.0 5086.6 -576.1 287 0 13.6 6.3 7.5 2.5 2 0 3 5 5
6830.9 5121.7 -567.8 162 0 8.2 12.1 7.5 2.5 2 1 3 5 5
6850.1 5236.5 -568.9 335 0 9.4 15.0 7.5 2.5 2 1 3 5 5
6716.4 5068.0 -580.8 81 0 6.2 7.2 2.5 2.5 2 1 1 3 3
6917.1 5190.3 -576.6 39 0 16.0 14.0 10.0 2.5 2 0 4 3 3
6874.5 5221.4 -572.7 128 0 7.1 11.5 7.5 2.5 2 1 3 1 1
-156.4 6806.1 -555.5 242 0 11.6 11.2 5.0 2.5 2 0 2 5 5
-357.9 6681.5 -564.1 125 0 16.8 11.2 7.5 2.5 2 0 3 2 2
-422.4 6705.9 -562.7 337 0 8.0 7.5 5.0 0.0 0 0 2 1 1
-362.6 6671.6 -564.5 313 0 14.8 7.9 2.5 2.5 4 0 1 1 1
-362.7 6632.1 -564.2 72 0 7.5 12.0 5.0 2.5 2 1 2 5 5
-363.9 6614.3 -564.5 249 0 13.6 8.5 5.0 0.0 0 0 2 4 4
-310.1 6527.6 -565.0 342 0 10.8 15.8 10.0 2.5 2 1 4 3 3
-296.2 6492.5 -563.6 344 0 14.3 17.1 7.5 2.5 2 1 3 1 1
-391.9 6551.9 -564.6 66 0 10.0 10.2 7.5 2.5 2 1 3 4 4
-375.9 6550.9 -564.6 67 0 11.7 11.0 5.0 2.5 2 0 2 5 5
-331.1 6571.5 -564.8 331 0 7.8 9.4 5.0 2.5 2 1 2 0 0
-430.7 6579.7 -564.2 255 0 13.2 17.4 5.0 2.5 2 1 2 4 4
-394.6 6690.2 -563.7 314 0 7.7 7.7 5.0 2.5 2 1 2 0 0
-403.6 6669.1 -563.5 241 0 11.1 11.8 10.0 2.5 2 1 4 0 0
-417.8 6663.3 -563.5 244 0 10.1 16.4 5.0 2.5 2 1 2 5 5
-432.6 6662.7 -563.2 163 0 12.2 7.7 5.0 2.5 2 0 2 0 0
6814.9 3164.1 -446.9 118 0 13.7 13.9 7.5 2.5 2 1 3 0 0
6705.2 3672.1 -505.3 305 0 8.7 10.9 7.5 2.5 2 1 3 3 3
5878.3 3800.4 -475.6 68 0 15.3 15.4 5.0 2.5 2 1 2 1 1
5864.6 3868.9 -478.7 33 0 10.0 12.4 7.5 2.5 2 1 3 5 5
5721.9 3755.6 -460.7 63 0 10.9 14.4 5.0 2.5 4 1 2 1 1
5701.8 3723.8 -455.5 25 0 8.8 12.0 5.0 2.5 2 1 2 0 0
5880.9 3598.2 -483.5 74 0 8.1 8.6 7.5 2.5 2 1 3 5 5
5537.6 3596.3 -435.6 29 0 12.5 8.0 7.5 2.5 2 0 3 1 1
5563.9 3626.3 -443.2 20 0 11.8 20.1 10.0 2.5 2 1 4 0 0
5270.5 3759.3 -419.9 89 0 12.5 14.7 5.0 2.5 2 1 2 1 1
5219.6 3780.6 -416.3 242 0 8.8 10.0 7.5 2.5 4 1 3 4 4
5175.5 3698.7 -407.8 41 0 12.9 12.7 7.5 2.5 2 0 3 3 3
5115.0 3533.7 -393.2 203 0 7.4 16.0 5.0 2.5 2 1 2 2 2
5022.0 3545.3 -379.8 222 0 6.8 11.2 7.5 2.5 4 1 3 0 0
4979.2 3380.8 -358.3 178 0 12.9 7.5 7.5 2.5 2 0 3 4 4
4919.8 3250.9 -341.6 50 0 19.7 10.1 7.5 2.5 2 0 3 5 5
5028.2 3219.4 -344.1 119 0 11.7 19.8 15.0 0.0 0 1 6 5 5
-3910.1 4326.7 -534.3 77 0 15.8 10.3 5.0 2.5 4 0 2 4 4
-2386.8 4803.3 -543.4 76 0 7.5 5.6 2.5 2.5 2 0 1 3 3
-2441.7 4802.5 -545.3 248 0 6.0 5.7 7.5 0.0 0 0 3 5 5
6873.4 4067.7 -573.3 83 0 16.7 18.3 7.5 2.5 2 1 3 3 3
6772.3 4081.4 -567.2 85 0 16.7 15.7 17.5 0.0 0 0 7 0 0
-4784.3 -4022.9 385.4 320 0 10.4 16.5 7.5 2.5 4 1 3 0 0
-4799.8 -4007.3 383.9 320 0 12.2 10.5 2.5 2.5 4 0 1 4 4
-4839.6 -3986.7 381.6 333 0 11.6 8.8 5.0 0.0 0 0 2 4 4
-4838.8 -3957.3 380.7 295 0 7.2 11.9 7.5 2.5 4 1 3 3 3
-4882.6 -3922.6 383.4 313 0 10.0 10.5 10.0 0.0 0 1 4 0 0
-4855.7 -3900.8 381.2 160 0 17.9 13.3 5.0 2.5 2 0 2 0 0
-4873.2 -3879.5 380.8 96 0 10.6 9.4 5.0 2.5 2 0 2 4 4
-4984.7 -3868.6 363.6 90 0 13.1 12.6 2.5 2.5 2 0 1 5 5
-4986.5 -3835.2 362.6 283 0 10.2 12.8 2.5 2.5 2 1 1 2 2
-5059.4 -3825.1 350.2 184 0 13.3 13.1 5.0 2.5 2 0 2 4 4
-5031.5 -3806.6 353.2 297 0 9.9 10.3 7.5 0.0 0 1 3 2 2
-5048.0 -3789.2 351.7 308 0 13.7 12.6 7.5 2.5 2 0 3 0 0
-5092.8 -3762.9 352.1 203 0 8.4 11.8 7.5 2.5 2 1 3 4 4
-5243.7 -3974.6 355.0 166 0 10.5 14.4 5.0 2.5 2 1 2 5 5
-5231.2 -3951.1 353.3 169 0 6.7 15.0 7.5 2.5 4 1 3 5 5
-5359.7 -3606.4 328.5 325 0 11.1 12.1 5.0 2.5 2 1 2 3 3
-5369.7 -3532.7 335.2 187 0 9.0 14.8 2.5 2.5 2 1 1 1 1
-5366.0 -3382.9 337.5 239 0 10.0 28.8 7.5 2.5 2 1 3 0 0
-5353.2 -3468.0 337.7 287 0 8.6 9.4 5.0 2.5 4 1 2 0 0
-5342.4 -3505.1 339.7 100 0 10.1 12.4 7.5 2.5 2 1 3 4 4
-5378.2 -3511.6 334.0 154 0 7.4 13.8 5.0 2.5 2 1 2 1 1
-5364.0 -3420.8 336.7 291 0 8.9 7.4 7.5 2.5 2 0 3 1 1
-5379.4 -3327.0 343.6 277 0 11.8 19.7 2.5 2.5 2 1 1 1 1
-5398.0 -3392.6 335.1 39 0 24.3 11.1 10.0 2.5 2 0 4 4 4
-5423.0 -3342.8 345.7 296 0 15.0 15.4 2.5 0.0 0 1 1 4 4
-5436.0 -3409.0 334.0 49 0 12.3 26.8 10.0 2.5 2 1 4 2 2
-5447.0 -3433.7 328.8 51 0 12.4 26.2 10.0 0.0 0 1 4 2 2
-5453.5 -3443.1 321.8 263 0 12.0 25.5 10.0 2.5 2 1 4 2 2
-5466.6 -3527.5 317.2 101 0 15.4 20.0 10.0 2.5 2 1 4 3 3
-5438.5 -3548.4 321.3 246 0 14.9 14.5 5.0 2.5 2 0 2 0 0
-5467.6 -3549.0 314.7 305 0 24.3 12.3 12.5 2.5 4 0 5 2 2
-5398.3 -3453.2 331.1 194 0 9.0 10.7 2.5 2.5 2 1 1 3 3
-5505.1 -3525.5 311.0 8 0 7.6 13.0 5.0 2.5 2 1 2 3 3
-5547.9 -3476.6 316.9 82 0 8.8 25.0 5.0 2.5 2 1 2 4 4
-5568.2 -3463.2 313.4 58 0 12.6 24.2 10.0 2.5 2 1 4 1 1
-5593.2 -3494.2 303.8 202 0 13.6 25.7 12.5 2.5 4 1 5 5 5
-5613.0 -3518.6 302.7 219 0 24.5 12.0 10.0 0.0 0 0 4 1 1
-5603.3 -3432.0 312.4 148 0 25.9 13.7 10.0 2.5 2 0 4 2 2
-5644.1 -3466.4 298.6 271 0 11.8 24.7 15.0 0.0 0 1 6 5 5
-5640.2 -3527.8 298.7 83 0 11.8 25.5 10.0 2.5 2 1 4 0 0
-5622.0 -3460.9 301.4 275 0 10.4 24.0 5.0 2.5 4 1 2 5 5
-5667.6 -3525.6 295.6 97 0 11.3 26.6 12.5 2.5 4 1 5 5 5
-5671.0 -3433.9 298.1 270 0 12.1 25.6 10.0 2.5 2 1 4 0 0
-5695.1 -3430.0 297.3 292 0 11.5 26.6 10.0 2.5 2 1 4 0 0
-5693.4 -3474.0 293.3 192 0 24.6 14.2 12.5 2.5 2 0 5 3 3
-5716.8 -3515.3 289.2 97 0 9.7 25.2 7.5 2.5 2 1 3 3 3
-5704.3 -3545.3 289.9 96 0 25.2 11.2 12.5 2.5 2 0 5 3 3
-5723.7 -3539.9 285.4 20 0 13.5 26.8 10.0 0.0 0 1 4 4 4
-5675.6 -3395.1 312.7 111 0 27.2 11.0 10.0 2.5 4 0 4 3 3
-5714.9 -3632.6 298.7 90 0 8.9 7.0 5.0 2.5 4 0 2 0 0
-5713.4 -3882.9 348.4 90 0 13.4 11.1 5.0 2.5 2 0 2 5 5
-6116.2 -3412.5 256.0 345 0 11.2 20.0 7.5 2.5 2 1 3 0 0
-6123.9 -3396.6 255.2 345 0 11.2 20.0 5.0 2.5 2 1 2 5 5
-6142.6 -3376.9 254.4 255 0 20.0 11.2 7.5 2.5 2 0 3 1 1
-6208.6 -3530.2 257.7 156 0 10.2 7.5 5.0 2.5 2 0 2 0 0
-6223.9 -3532.3 260.2 348 0 8.2 11.2 7.5 2.5 2 1 3 3 3
-6225.5 -3519.6 259.4 343 0 7.6 11.9 5.0 2.5 2 1 2 3 3
-6257.3 -3562.5 264.7 170 0 6.4 11.7 7.5 2.5 2 1 3 5 5
-6220.2 -3568.7 262.9 342 0 6.5 11.5 5.0 2.5 2 1 2 2 2
-6235.6 -3507.0 259.5 330 0 11.7 6.4 5.0 2.5 2 0 2 4 4
-6241.6 -3452.5 254.4 143 0 8.0 9.4 2.5 0.0 0 1 1 0 0
-6257.3 -3331.2 244.4 329 0 8.5 9.4 5.0 2.5 2 1 2 4 4
-6324.8 -3350.6 251.7 329 0 8.5 9.4 5.0 2.5 2 1 2 0 0
-6316.6 -3356.4 252.3 329 0 8.5 9.4 2.5 0.0 0 1 1 1 1
-6312.0 -3324.9 246.7 143 0 8.0 9.4 7.5 2.5 2 1 3 1 1
-6320.2 -3313.4 245.2 143 0 8.6 10.0 7.5 0.0 0 1 3 5 5
-6288.7 -3296.4 242.9 329 0 8.5 9.4 5.0 2.5 2 1 2 4 4
-6277.4 -3423.7 256.3 329 0 8.5 9.4 7.5 2.5 2 1 3 3 3
-6207.1 -3801.8 282.9 329 0 8.5 9.4 2.5 2.5 2 1 1 2 2
-6171.8 -3846.6 284.4 143 0 8.0 9.4 7.5 2.5 2 1 3 0 0
-6179.7 -3885.9 288.2 329 0 8.5 9.4 2.5 2.5 2 1 1 0 0
-6215.5 -3900.7 286.4 329 0 8.5 9.4 7.5 2.5 2 1 3 5 5
-6181.7 -3924.6 292.7 329 0 8.5 9.4 5.0 2.5 2 1 2 2 2
-6235.9 -3968.5 301.3 59 0 9.4 8.5 7.5 2.5 2 0 3 4 4
-6256.2 -4006.1 309.9 59 0 9.4 8.5 7.5 2.5 2 0 3 4 4
-6161.8 -3955.2 291.3 143 0 8.0 9.4 7.5 2.5 4 1 3 5 5
-6224.3 -3855.9 286.7 244 0 9.9 21.0 7.5 2.5 4 1 3 0 0
-6253.4 -3907.9 287.9 233 0 10.0 8.6 2.5 2.5 2 0 1 1 1
-6259.6 -4276.6 341.2 59 0 9.4 8.5 2.5 2.5 2 0 1 2 2
-6287.7 -4406.5 343.4 329 0 8.5 9.4 5.0 2.5 2 1 2 0 0
-6238.0 -4519.2 349.2 143 0 8.0 9.4 7.5 2.5 2 1 3 1 1
-6355.9 -4424.5 350.5 239 0 10.0 8.5 2.5 2.5 4 0 1 4 4
-6376.1 -4229.7 340.5 59 0 9.4 8.5 7.5 2.5 2 0 3 1 1
-6349.7 -3884.9 279.2 59 0 9.4 8.5 7.5 2.5 2 0 3 5 5
-6376.2 -3752.9 274.2 329 0 8.5 9.4 5.0 0.0 0 1 2 3 3
-6384.0 -3718.0 274.9 329 0 8.5 9.4 7.5 2.5 2 1 3 0 0
-6438.6 -3553.6 258.5 53 0 10.0 8.6 7.5 2.5 2 0 3 2 2
-6432.6 -3521.9 257.3 329 0 8.5 9.4 7.5 2.5 2 1 3 1 1
-6434.0 -3809.1 265.3 329 0 8.5 9.4 5.0 2.5 2 1 2 4 4
-6489.0 -3778.4 263.3 143 0 8.0 9.4 5.0 2.5 2 1 2 1 1
-6465.1 -3778.6 264.4 329 0 8.5 9.4 7.5 2.5 2 1 3 4 4
-6450.0 -3785.6 265.3 329 0 8.5 9.4 2.5 2.5 2 1 1 3 3
-6510.5 -3949.2 289.9 329 0 8.5 9.4 5.0 2.5 2 1 2 5 5
-6509.3 -3964.8 292.2 329 0 8.5 9.4 5.0 2.5 2 1 2 4 4
-6516.0 -3986.0 294.6 143 0 8.0 9.4 5.0 2.5 4 1 2 2 2
-6498.9 -3682.1 268.0 143 0 8.0 9.4 5.0 2.5 2 1 2 3 3
-6526.8 -3703.2 264.5 143 0 8.0 9.4 2.5 2.5 2 1 1 5 5
-6533.8 -3649.8 266.0 329 0 8.5 9.4 5.0 2.5 2 1 2 1 1
-6523.6 -3657.1 266.4 329 0 8.5 9.4 5.0 2.5 2 1 2 5 5
-6525.9 -3645.0 267.9 143 0 8.0 9.4 5.0 2.5 2 1 2 5 5
-6589.0 -3601.5 250.8 329 0 8.5 9.4 7.5 2.5 2 1 3 0 0
-6600.0 -3554.8 246.2 143 0 8.0 9.4 2.5 2.5 2 1 1 4 4
-6596.6 -3571.5 246.8 143 0 8.0 9.4 2.5 2.5 2 1 1 5 5
-6620.4 -3549.1 250.2 329 0 8.5 9.4 7.5 2.5 2 1 3 2 2
-6625.4 -3578.4 253.0 329 0 8.5 9.4 5.0 2.5 2 1 2 0 0
-6615.5 -3563.8 250.6 329 0 8.5 9.4 5.0 2.5 2 1 2 0 0
-6643.1 -3515.5 256.0 329 0 8.5 9.4 2.5 2.5 2 1 1 3 3
-6694.3 -3655.8 257.8 323 0 8.6 10.0 7.5 2.5 2 1 3 1 1
-6701.6 -3743.5 258.7 239 0 10.0 8.5 2.5 2.5 2 0 1 0 0
-6703.0 -3511.5 262.6 143 0 8.0 9.4 2.5 0.0 0 1 1 2 2
-6660.5 -3500.6 260.1 329 0 8.5 9.4 5.0 2.5 2 1 2 4 4
-6698.0 -3418.1 248.3 143 0 8.0 9.4 2.5 2.5 4 1 1 4 4
-6690.2 -3431.0 251.2 143 0 8.0 9.4 5.0 2.5 2 1 2 4 4
-6690.5 -3447.4 253.8 143 0 8.0 9.4 5.0 2.5 2 1 2 3 3
-6897.7 -3441.7 252.4 142 0 8.0 9.4 2.5 2.5 2 1 1 2 2
-6733.0 -3796.6 263.8 95 0 11.5 8.4 5.0 2.5 2 0 2 0 0
-6737.8 -3869.3 277.1 349 0 9.3 6.1 5.0 2.5 2 0 2 5 5
-6740.5 -3831.9 270.2 357 0 10.5 9.7 5.0 2.5 2 0 2 2 2
-6907.8 -4044.1 243.6 186 0 7.9 12.4 5.0 2.5 2 1 2 3 3
-6849.4 -4017.5 252.1 106 0 12.4 9.8 2.5 2.5 2 0 1 3 3
-6795.8 -4015.2 252.1 106 0 12.4 9.8 5.0 2.5 2 0 2 1 1
-6814.8 -4036.1 245.5 277 0 12.4 8.8 5.0 2.5 2 0 2 2 2
-6755.9 -3963.4 264.1 16 0 9.8 12.4 7.5 2.5 2 1 3 4 4
-6734.4 -3939.9 265.5 16 0 9.8 12.4 5.0 2.5 2 1 2 3 3
-6720.5 -3924.9 266.4 16 0 9.8 12.4 5.0 2.5 2 1 2 3 3
-6786.7 -4135.1 249.1 64 0 7.8 12.4 7.5 2.5 2 1 3 1 1
-6659.9 -3936.5 270.3 88 0 7.8 12.4 7.5 2.5 2 1 3 5 5
-6686.2 -3969.4 264.4 88 0 7.8 12.4 2.5 2.5 2 1 1 4 4
-6622.4 -3784.9 269.6 88 0 7.8 12.4 7.5 2.5 2 1 3 5 5
-6505.8 -4074.3 306.0 185 0 12.5 8.8 5.0 2.5 2 0 2 3 3
-6542.1 -4286.2 307.5 5 0 12.5 8.8 7.5 2.5 2 0 3 0 0
