-2983.6 -2528.3 -11.6 87 0 18.3 14.7 5.0 2.5 2 0 2 1 1
-1326.7 -437.5 -6.9 55 0 24.1 38.2 10.0 0.0 0 1 4 5 5
-1921.9 -1655.2 -31.5 30 0 27.3 10.2 12.5 2.5 2 0 5 1 1
-1174.8 -574.5 2.8 341 0 13.0 24.0 7.5 2.5 2 1 3 4 4
-1370.3 -341.6 -8.5 11 0 16.4 18.4 10.0 2.5 2 1 4 3 3
-1215.4 -572.3 -1.1 254 0 24.1 25.4 12.5 2.5 2 1 5 1 1
-1384.3 -297.6 -8.4 7 0 14.0 17.5 12.5 2.5 2 1 5 3 3
-2280.2 -1848.0 -26.9 53 0 14.4 15.9 2.5 0.0 0 1 1 0 0
-2334.3 -1604.5 -28.8 180 0 7.2 17.3 2.5 2.5 2 1 1 2 2
-2254.8 -1481.4 -26.3 291 0 14.4 23.6 10.0 0.0 0 1 4 5 5
-1991.8 -1603.1 -25.1 237 0 10.9 26.2 12.5 2.5 4 1 5 3 3
-2095.9 -1661.9 -32.6 164 0 25.4 11.5 17.5 0.0 0 0 7 5 5
-2510.0 -1533.2 -28.2 123 0 9.4 16.3 5.0 2.5 2 1 2 3 3
-2064.6 -1680.8 -28.0 84 0 12.0 25.2 15.0 0.0 0 1 6 3 3
-2563.0 -1433.7 -32.2 18 0 13.9 7.9 5.0 2.5 2 0 2 5 5
-2271.7 -1506.5 -25.9 270 0 7.6 7.8 2.5 2.5 2 1 1 5 5
-2064.8 -1597.8 -29.9 234 0 25.7 10.8 10.0 2.5 2 0 4 1 1
-2347.3 -1516.0 -21.0 273 0 10.6 9.8 7.5 2.5 2 0 3 3 3
-2230.0 -1588.0 -34.1 87 0 12.1 12.3 7.5 2.5 2 1 3 0 0
-2076.1 -1619.8 -30.5 257 0 11.4 24.7 15.0 0.0 0 1 6 1 1
-2047.2 -1572.0 -33.0 68 0 26.1 10.2 10.0 2.5 2 0 4 4 4
-2483.8 -1581.9 -27.4 131 0 10.8 9.3 7.5 2.5 2 0 3 4 4
-2600.5 -1413.6 -31.9 121 0 9.8 9.7 7.5 2.5 2 0 3 2 2
-2016.2 -1560.1 -33.5 65 0 26.4 11.5 10.0 2.5 2 0 4 0 0
-2370.4 -1536.1 -25.0 92 0 13.9 10.7 5.0 2.5 2 0 2 3 3
-2004.9 -1754.7 -26.9 275 0 24.2 11.1 7.5 2.5 2 0 3 0 0
-1995.9 -1571.2 -30.9 83 0 25.4 10.7 12.5 2.5 2 0 5 4 4
-1997.4 -1795.4 -28.5 0 0 10.5 17.0 7.5 2.5 2 1 3 3 3
-2023.2 -1694.6 -24.6 241 0 26.6 10.0 12.5 2.5 2 0 5 0 0
-2083.1 -1818.4 -30.6 91 0 11.2 15.7 7.5 2.5 2 1 3 5 5
-1943.7 -1685.0 -29.7 40 0 26.7 9.0 5.0 2.5 2 0 2 1 1
-2038.1 -1680.1 -23.7 151 0 25.6 11.9 10.0 2.5 2 0 4 3 3
-1978.1 -1718.0 -27.8 134 0 10.8 27.1 10.0 2.5 2 1 4 5 5
-2026.3 -1672.6 -23.2 150 0 24.9 11.0 12.5 2.5 2 0 5 1 1
-2100.3 -1808.6 -30.6 87 0 16.3 11.0 10.0 2.5 2 0 4 0 0
-2011.5 -1729.7 -25.6 160 0 8.6 25.2 7.5 2.5 2 1 3 3 3
-2008.5 -1665.2 -24.3 152 0 25.3 10.8 12.5 2.5 2 0 5 2 2
-1995.2 -1662.6 -25.5 152 0 25.0 10.7 10.0 2.5 4 0 4 2 2
-2033.1 -1651.5 -25.4 60 0 12.4 28.2 10.0 2.5 2 1 4 4 4
-1955.4 -1639.1 -28.1 323 0 10.1 26.6 10.0 2.5 2 1 4 5 5
-2036.2 -1621.6 -23.8 238 0 10.4 25.8 12.5 2.5 2 1 5 3 3
-2021.1 -1613.0 -24.3 235 0 10.6 24.9 10.0 0.0 0 1 4 5 5
-2057.1 -1520.5 -38.2 324 0 9.1 8.6 7.5 2.5 2 0 3 0 0
-2009.0 -1609.3 -24.2 236 0 10.6 26.7 7.5 2.5 2 1 3 2 2
-2078.5 -1701.0 -30.4 72 0 10.8 25.1 10.0 0.0 0 1 4 5 5
-1926.4 -1600.4 -30.2 322 0 30.7 11.8 10.0 2.5 2 0 4 4 4
-2074.4 -1597.5 -32.8 43 0 31.0 9.9 7.5 0.0 0 0 3 3 3
-2177.5 -1486.9 -30.6 233 0 11.2 7.0 5.0 2.5 2 0 2 2 2
-2201.6 -1611.7 -37.8 359 0 13.5 11.6 2.5 2.5 2 0 1 5 5
-2317.8 -1515.5 -23.8 270 0 17.0 13.0 2.5 2.5 4 0 1 5 5
-2111.1 -1491.2 -36.8 317 0 7.4 11.5 2.5 2.5 2 1 1 3 3
-2940.0 -2328.6 -8.4 0 0 10.1 9.9 2.5 0.0 0 0 1 4 4
-2367.4 -1730.2 -32.1 130 0 10.0 14.0 5.0 0.0 0 1 2 0 0
-1971.5 -1424.4 -37.1 323 0 6.1 13.3 5.0 0.0 0 1 2 4 4
-2923.6 -2276.0 -8.0 26 0 5.8 8.1 2.5 2.5 2 1 1 0 0
-2953.5 -2549.5 -8.0 87 0 27.5 19.3 10.0 2.5 2 0 4 1 1
-2519.4 -1369.9 -30.4 311 0 9.5 12.5 5.0 2.5 4 1 2 5 5
-1724.8 -1341.2 -25.1 240 0 26.7 11.8 12.5 2.5 2 0 5 5 5
-1852.2 -1445.1 -35.0 319 0 19.8 8.4 2.5 2.5 2 0 1 2 2
-2092.7 -1337.8 -28.9 180 0 14.9 10.0 7.5 2.5 2 0 3 1 1
-1684.3 -1323.5 -21.2 330 0 11.9 26.2 15.0 0.0 0 1 6 5 5
-1752.0 -1353.6 -28.9 240 0 28.7 10.9 10.0 2.5 4 0 4 0 0
-2031.0 -1343.4 -37.0 90 0 12.7 16.8 7.5 2.5 2 1 3 3 3
-1804.6 -1227.7 -26.2 69 0 12.1 26.2 12.5 2.5 2 1 5 0 0
-1447.8 -1284.3 9.6 90 0 11.3 26.5 7.5 2.5 2 1 3 5 5
-2782.8 -2368.4 -17.8 357 0 11.9 13.1 7.5 2.5 2 1 3 5 5
-1831.9 -1196.6 -26.7 166 0 12.1 28.5 15.0 0.0 0 1 6 0 0
-1827.8 -2368.7 -1.3 269 0 11.0 27.8 12.5 2.5 2 1 5 3 3
-1693.6 -2454.8 -0.9 38 0 11.4 28.4 12.5 2.5 2 1 5 1 1
-1723.7 -2412.3 -4.0 335 0 11.6 28.5 12.5 2.5 2 1 5 5 5
-2529.3 -1346.2 -29.4 303 0 9.8 11.5 5.0 2.5 2 1 2 2 2
-1794.2 -2404.8 -6.0 298 0 25.7 12.1 10.0 2.5 2 0 4 0 0
-1828.7 -2465.6 -3.2 157 0 11.2 26.7 10.0 2.5 2 1 4 0 0
-1773.3 -2454.7 -2.6 71 0 27.3 11.2 12.5 2.5 2 0 5 2 2
-1767.8 -2415.5 -5.7 284 0 25.1 11.7 10.0 2.5 2 0 4 0 0
-2576.1 -1340.7 -30.2 304 0 10.8 11.7 2.5 2.5 2 1 1 2 2
-6527.3 2623.2 -27.2 175 0 12.9 28.1 14.0 3.5 2 1 4 2 2
-5724.7 1718.8 -46.1 27 0 15.6 27.9 14.0 3.5 2 1 4 2 2
-5653.0 2227.0 -47.9 181 0 18.2 33.8 14.0 3.5 4 1 4 3 3
-4738.1 2395.9 -42.7 91 0 19.9 7.0 10.5 3.5 2 0 3 1 1
-4753.8 2382.8 -43.5 270 0 39.0 21.7 15.0 0.0 0 0 6 1 1
-4767.4 2396.0 -41.6 90 0 30.7 8.3 10.5 3.5 2 0 3 4 4
5645.7 -2630.4 56.8 44 0 13.5 9.6 5.0 2.5 2 0 2 3 3
5669.7 -2769.1 36.2 359 0 20.4 8.9 5.0 0.0 0 0 2 4 4
5722.7 -2757.0 39.8 133 0 27.3 17.2 10.0 2.5 2 0 4 5 5
5709.3 -2710.3 39.6 265 0 10.1 15.5 7.5 2.5 2 1 3 1 1
5624.5 -2715.9 42.3 344 0 8.1 7.8 2.5 2.5 2 0 1 1 1
5593.1 -2687.1 47.2 13 0 21.8 12.1 10.0 2.5 2 0 4 1 1
5289.9 -4426.9 -26.8 357 0 21.2 14.9 10.0 2.5 2 0 4 0 0
5219.4 -4407.3 -24.0 184 0 18.6 17.6 15.0 0.0 0 0 6 4 4
-1520.5 -98.1 -4.5 327 0 62.6 61.9 12.5 0.0 0 0 5 3 3
-1398.3 -153.8 -4.3 85 0 42.7 18.6 7.5 2.5 2 0 3 4 4
-5965.0 -5216.1 -42.6 351 0 5.8 8.4 7.5 0.0 0 1 3 5 5
-5966.1 -5228.3 -44.2 11 0 4.9 7.7 7.5 2.5 2 1 3 1 1
-167.6 6512.5 22.6 261 0 5.6 7.3 7.5 2.5 4 1 3 3 3
-1697.0 -968.0 2.1 317 0 10.5 8.4 5.0 2.5 2 0 2 4 4
-1681.4 -1082.6 -1.6 51 0 59.1 10.0 7.5 2.5 2 0 3 1 1
-1739.1 -1093.9 -5.2 54 0 9.5 11.6 7.5 2.5 2 0 3 1 1
-1723.8 -1091.2 -3.9 54 0 18.4 18.4 7.5 2.5 2 0 3 3 3
-1669.7 -1058.1 3.2 50 0 70.0 45.6 12.5 0.0 0 0 5 5 5
-1655.4 -969.9 0.2 223 0 10.8 11.5 5.0 0.0 0 1 2 2 2
-1733.0 -975.7 3.1 230 0 45.1 33.4 10.0 0.0 0 0 4 3 3
-1637.2 -1009.3 2.2 320 0 32.3 14.3 12.5 2.5 2 0 5 2 2
-4536.3 2274.4 -47.9 275 0 41.6 60.8 10.0 0.0 0 1 4 5 5
500.7 -1878.1 -40.4 153 0 61.4 14.4 12.5 2.5 2 0 5 0 0
4785.2 -5074.9 14.8 86 0 12.0 10.6 5.0 2.5 2 0 2 3 3
4862.4 -5046.3 33.3 191 0 8.0 4.8 7.5 2.5 2 0 3 2 2
4902.9 -4986.0 42.7 252 0 9.2 5.7 5.0 2.5 2 0 2 5 5
4653.1 -5372.8 66.2 182 0 10.2 5.8 7.5 2.5 4 0 3 4 4
6518.7 -4157.6 -445.2 319 0 7.4 4.8 5.0 2.5 2 0 2 1 1
6294.0 5261.0 367.5 9 0 18.9 11.5 5.0 2.5 2 0 2 0 0
6177.4 4907.6 435.7 102 0 22.6 14.8 12.5 2.5 2 0 5 3 3
-4672.5 2501.5 -45.6 208 0 24.9 58.6 10.0 2.5 2 1 4 2 2
