-5708.2 -957.2 -250.2 305 0 49.8 63.5 7.5 0.0 0 1 3 5 5
-3406.2 -2424.2 -293.2 6 0 73.8 49.5 12.5 0.0 0 0 5 5 5
-5137.1 -3347.2 -281.1 329 0 59.4 123.6 7.5 0.0 0 1 3 0 0
-4149.5 -6446.7 -320.4 247 0 17.8 13.0 12.5 2.5 2 0 5 2 2
-3624.1 -6564.7 -301.1 178 0 13.3 11.6 5.0 2.5 2 0 2 3 3
-3534.8 -6456.3 -312.2 88 0 8.3 14.5 7.5 2.5 2 1 3 0 0
-3573.2 -6498.2 -315.1 270 0 15.1 11.3 2.5 2.5 2 0 1 4 4
-3557.5 -6480.5 -315.2 272 0 9.0 29.3 7.5 2.5 2 1 3 2 2
-3624.6 -6529.9 -306.3 184 0 12.3 14.7 7.5 2.5 2 1 3 5 5
624.9 -6306.4 -247.1 357 0 10.9 15.7 5.0 2.5 2 1 2 1 1
1304.4 -5443.2 -149.6 212 0 8.2 41.0 7.5 2.5 2 1 3 0 0
1353.9 -6230.2 -267.5 182 0 10.5 10.5 10.0 0.0 0 0 4 2 2
1137.6 -6198.6 -233.3 38 0 8.5 7.5 5.0 2.5 2 0 2 2 2
1075.4 -6212.6 -229.7 233 0 12.7 5.4 5.0 2.5 2 0 2 5 5
1145.9 -6070.6 -226.7 9 0 13.0 9.4 7.5 2.5 2 0 3 3 3
1143.6 -6144.0 -233.3 31 0 6.2 5.9 2.5 0.0 0 0 1 1 1
1235.4 -6110.7 -237.6 235 0 14.2 13.2 5.0 0.0 0 0 2 1 1
916.5 -6263.5 -222.1 135 0 32.2 13.0 10.0 2.5 4 0 4 1 1
2893.3 6637.2 -94.4 244 0 6.3 7.0 7.5 2.5 2 1 3 4 4
1196.9 2755.1 -170.1 117 0 19.5 21.3 12.5 2.5 2 1 5 2 2
1296.3 2924.7 -129.6 103 0 16.0 9.4 7.5 2.5 2 0 3 4 4
2793.9 1261.7 -301.7 184 0 13.8 16.4 2.5 2.5 2 1 1 4 4
2870.4 1166.1 -303.3 355 0 17.0 10.7 10.0 2.5 2 0 4 2 2
2862.8 912.0 -294.1 56 0 13.0 11.8 7.5 2.5 2 0 3 1 1
2766.0 1173.4 -305.5 9 0 10.6 11.8 7.5 2.5 2 1 3 2 2
305.4 4314.0 71.8 50 0 56.5 9.8 7.5 2.5 2 0 3 3 3
281.3 4374.2 75.7 206 0 9.9 58.0 7.5 2.5 2 1 3 2 2
311.1 4347.8 71.3 304 0 10.2 48.0 10.0 2.5 2 1 4 5 5
250.4 4289.0 62.7 96 0 36.2 8.9 7.5 0.0 0 0 3 2 2
201.8 4303.7 60.2 117 0 37.5 9.8 7.5 2.5 2 0 3 0 0
150.5 4200.1 36.7 228 0 58.7 17.0 15.0 2.5 2 0 6 3 3
352.9 4332.0 86.2 111 0 8.6 28.9 7.5 2.5 2 1 3 0 0
178.2 3987.5 13.2 76 0 13.1 52.4 12.5 2.5 2 1 5 1 1
-34.9 4472.4 117.8 339 0 10.1 18.1 5.0 2.5 2 1 2 1 1
-42.0 4049.2 45.8 170 0 9.1 9.5 7.5 2.5 4 1 3 5 5
-125.6 3642.3 50.2 7 0 9.5 9.6 5.0 2.5 2 1 2 5 5
-337.8 3248.1 21.2 114 0 19.0 44.1 17.5 2.5 4 1 7 5 5
-358.5 3261.3 25.7 117 0 20.3 50.0 10.0 2.5 2 1 4 3 3
-253.6 3151.8 22.2 85 0 10.5 13.3 5.0 0.0 0 1 2 4 4
-401.3 3250.5 36.2 244 0 22.2 9.6 5.0 0.0 0 0 2 2 2
-424.5 3198.1 26.9 92 0 18.8 11.1 7.5 2.5 2 0 3 0 0
-348.3 3225.1 24.6 325 0 36.0 12.7 12.5 2.5 2 0 5 3 3
-492.0 3267.2 43.4 266 0 13.4 16.5 10.0 2.5 4 1 4 0 0
-770.9 3228.1 26.9 85 0 23.1 10.1 7.5 2.5 2 0 3 2 2
-816.7 3221.8 27.3 90 0 15.6 12.0 2.5 2.5 4 0 1 4 4
-815.5 3260.7 38.5 275 0 8.8 6.7 7.5 2.5 2 0 3 0 0
-865.1 3612.2 105.3 115 0 8.4 12.9 7.5 0.0 0 1 3 3 3
-813.3 3705.9 94.5 276 0 9.5 15.4 2.5 2.5 2 1 1 2 2
-994.2 3856.9 93.6 109 0 16.9 16.6 12.5 2.5 2 0 5 5 5
-1080.3 3952.5 107.0 158 0 7.8 9.5 5.0 0.0 0 1 2 5 5
-1090.6 3972.6 110.8 151 0 14.1 7.9 5.0 0.0 0 0 2 5 5
-1181.9 3708.9 118.7 354 0 15.0 16.7 12.5 2.5 2 1 5 2 2
-1378.9 3692.3 174.8 173 0 16.6 16.9 10.0 2.5 2 1 4 4 4
-543.0 3827.0 86.2 269 0 45.4 26.6 12.5 0.0 0 0 5 3 3
-783.2 4322.2 175.6 148 0 36.6 28.7 10.0 0.0 0 0 4 5 5
-390.5 4691.9 174.9 88 0 11.6 21.8 12.5 2.5 2 1 5 2 2
-198.6 4577.3 138.7 99 0 12.4 11.2 5.0 2.5 4 0 2 0 0
-1277.7 5378.1 273.8 20 0 17.4 13.5 5.0 2.5 2 0 2 5 5
-1238.1 5331.0 299.8 219 0 7.2 20.0 7.5 2.5 2 1 3 1 1
-1267.8 5269.2 310.2 177 0 15.0 18.4 12.5 2.5 2 1 5 3 3
-1211.6 5263.6 321.0 90 0 16.6 10.8 2.5 2.5 2 0 1 0 0
-1177.0 5303.1 311.6 13 0 13.6 9.4 7.5 2.5 2 0 3 4 4
-1405.9 5275.3 271.4 113 0 11.6 19.4 7.5 2.5 2 1 3 4 4
-1629.4 5321.0 263.3 67 0 23.0 12.7 10.0 2.5 2 0 4 2 2
-1697.1 5309.3 259.7 249 0 13.8 12.1 7.5 2.5 4 0 3 4 4
-1548.1 5404.1 272.9 349 0 12.9 55.4 7.5 2.5 2 1 3 1 1
-1637.3 5450.8 277.8 205 0 8.9 54.6 7.5 2.5 2 1 3 5 5
-1515.7 5360.5 266.1 250 0 33.9 8.3 7.5 0.0 0 0 3 0 0
519.0 4172.9 133.3 269 0 6.7 12.0 7.5 2.5 2 1 3 5 5
4163.6 4140.0 -275.9 94 0 9.9 7.3 2.5 2.5 2 0 1 3 3
4180.5 4147.4 -278.2 266 0 8.9 7.6 2.5 2.5 2 0 1 5 5
4163.0 4170.8 -275.9 260 0 9.6 11.2 5.0 0.0 0 1 2 2 2
4111.6 4231.7 -267.2 4 0 9.4 9.4 7.5 2.5 2 1 3 5 5
4139.6 4291.7 -271.1 100 0 7.4 15.4 5.0 2.5 2 1 2 3 3
4266.8 4274.4 -282.9 348 0 12.2 11.8 7.5 2.5 2 0 3 0 0
4052.2 3937.1 -262.1 115 0 11.0 8.5 2.5 2.5 2 0 1 1 1
4076.0 3942.5 -265.0 290 0 10.0 15.1 7.5 2.5 2 1 3 0 0
4318.6 3875.6 -286.6 7 0 11.8 14.4 5.0 0.0 0 1 2 0 0
4276.1 3894.3 -283.6 282 0 9.9 8.4 5.0 2.5 2 0 2 2 2
4443.1 3785.1 -276.8 349 0 13.0 16.8 2.5 2.5 2 1 1 3 3
4530.6 3625.0 -261.6 356 0 9.4 12.0 2.5 2.5 2 1 1 0 0
4522.9 3484.6 -278.1 37 0 10.3 12.5 2.5 0.0 0 1 1 0 0
4478.6 3504.0 -284.3 310 0 10.7 11.0 7.5 2.5 2 1 3 1 1
4470.7 3522.2 -284.6 325 0 11.1 10.0 7.5 2.5 2 0 3 4 4
4345.4 4111.8 -279.2 353 0 12.3 11.3 5.0 0.0 0 0 2 1 1
4321.8 4154.5 -278.7 165 0 22.3 13.8 10.0 2.5 4 0 4 3 3
4322.7 4234.5 -275.7 176 0 10.8 8.3 5.0 2.5 2 0 2 3 3
4376.7 5339.0 -250.6 171 0 24.3 13.6 12.5 2.5 2 0 5 2 2
4383.2 5192.2 -248.5 337 0 13.1 24.2 15.0 0.0 0 1 6 5 5
4272.5 5085.9 -259.6 166 0 9.7 10.7 5.0 2.5 2 1 2 5 5
4494.6 3284.5 -291.3 177 0 14.7 12.3 5.0 2.5 2 0 2 5 5
4610.9 3217.0 -268.7 117 0 12.2 10.8 5.0 2.5 2 0 2 4 4
4467.0 3367.0 -290.5 183 0 33.5 20.5 10.0 0.0 0 0 4 3 3
4408.4 3323.9 -298.9 254 0 18.1 17.9 10.0 2.5 2 0 4 4 4
4331.6 3463.4 -299.5 99 0 14.0 15.4 12.5 2.5 2 1 5 5 5
4338.7 3519.2 -298.0 167 0 10.0 16.1 5.0 2.5 2 1 2 5 5
4267.6 3514.6 -292.5 79 0 14.3 13.7 2.5 2.5 2 0 1 1 1
5068.7 3335.1 -165.9 173 0 14.0 22.2 15.0 0.0 0 1 6 3 3
5132.4 3377.5 -155.3 4 0 9.4 11.6 2.5 2.5 2 1 1 5 5
5100.7 3492.0 -128.0 272 0 10.5 14.0 5.0 2.5 4 1 2 0 0
5195.6 4395.7 -37.2 24 0 10.5 8.5 2.5 2.5 2 0 1 3 3
5238.4 4287.8 -1.8 123 0 12.0 16.1 5.0 2.5 2 1 2 4 4
5139.1 4902.3 -60.2 276 0 11.7 14.5 5.0 2.5 2 1 2 3 3
4920.2 5468.0 -89.8 102 0 13.1 13.6 7.5 2.5 2 1 3 2 2
4914.2 5387.2 -80.5 180 0 18.2 17.2 10.0 2.5 2 0 4 0 0
4811.3 5251.9 -135.0 96 0 11.0 9.6 7.5 2.5 2 0 3 5 5
3436.6 3345.1 -99.2 108 0 16.1 12.3 7.5 2.5 2 0 3 2 2
4211.5 3171.2 -273.7 80 0 13.4 12.8 7.5 2.5 2 0 3 1 1
4055.1 2624.6 -245.8 113 0 15.3 13.0 7.5 2.5 2 0 3 3 3
6695.9 -2021.6 -303.3 275 0 15.3 13.4 5.0 2.5 2 0 2 3 3
6827.6 -5589.7 -329.4 98 0 11.5 13.2 5.0 2.5 2 1 2 1 1
6192.5 -5543.9 -305.6 5 0 10.9 31.1 10.0 2.5 2 0 4 2 2
5871.4 -5412.7 -315.1 85 0 19.0 15.2 15.0 0.0 0 0 6 0 0
5629.2 -5449.7 -313.3 266 0 10.2 11.3 10.0 2.5 2 1 4 5 5
5676.6 -5476.4 -311.5 341 0 7.2 9.7 5.0 2.5 2 1 2 2 2
