-3327.9 996.9 467.3 197 0 10.8 23.9 7.5 2.5 2 1 3 1 1
-2342.4 4670.2 355.3 213 0 13.0 18.0 7.5 2.5 2 1 3 4 4
-3399.7 1007.0 450.4 192 0 16.5 11.0 7.5 2.5 2 0 3 3 3
-3375.7 980.6 453.6 112 0 9.8 9.4 5.0 2.5 2 0 2 0 0
5756.2 5046.7 -472.3 7 0 46.8 69.0 10.0 0.0 0 1 4 0 0
5760.7 5091.3 -472.9 6 0 21.2 20.5 12.5 2.5 2 0 5 0 0
-4759.1 -4960.4 450.6 33 0 8.4 9.2 2.5 2.5 2 1 1 1 1
-6746.0 -4608.8 -124.3 309 0 6.9 9.9 7.5 2.5 2 1 3 5 5
-6905.8 -6250.8 -269.5 145 0 7.8 11.5 5.0 2.5 2 1 2 1 1
-6884.8 -6238.1 -270.0 244 0 6.5 18.4 7.5 2.5 2 1 3 5 5
-6335.6 -6600.7 -159.0 36 0 8.6 7.3 7.5 0.0 0 0 3 3 3
