2522.9 590.6 6.4 94 0 11.4 23.4 10.0 2.5 2 1 4 2 2
840.0 -206.0 -6.5 195 0 16.9 23.3 7.5 2.5 2 1 3 0 0
2378.3 545.3 7.1 114 0 12.4 20.8 7.5 0.0 0 1 3 1 1
1530.1 287.0 3.1 182 0 17.8 19.9 14.0 0.0 0 1 4 4 4
1134.5 382.8 -2.3 360 0 13.8 32.5 10.5 3.5 2 1 3 5 5
2606.7 632.2 6.2 105 0 13.9 34.0 10.0 2.5 2 1 4 2 2
820.8 -294.3 -4.5 105 0 21.5 11.1 2.5 2.5 2 0 1 1 1
694.0 -379.6 -5.5 111 0 17.3 32.4 10.0 2.5 2 1 4 5 5
1689.8 -154.4 5.1 348 0 10.7 21.7 10.5 3.5 2 1 3 3 3
1637.8 -115.6 5.0 177 0 9.4 10.2 10.5 3.5 2 1 3 3 3
1637.4 -80.5 5.4 178 0 3.8 11.1 10.5 0.0 0 1 3 5 5
1097.1 1700.0 -2.8 12 0 27.4 20.3 12.5 2.5 2 0 5 3 3
1072.3 741.7 -7.7 84 0 26.1 13.8 7.5 2.5 2 0 3 1 1
