-2532.7 -6353.7 -48.8 277 0 4.8 7.5 10.5 3.5 2 1 3 5 5
-2509.4 -6350.5 -48.8 280 0 6.2 8.3 10.5 3.5 2 1 3 4 4
-2491.4 -6353.2 -48.8 277 0 21.4 17.2 10.5 3.5 2 0 3 4 4
-2470.4 -6359.5 -48.8 259 0 10.5 32.3 10.5 0.0 0 1 3 1 1
-833.7 -5800.2 -12.8 86 0 12.5 31.2 12.5 2.5 4 1 5 1 1
-793.4 -5791.5 -8.9 0 0 9.5 11.4 5.0 2.5 2 0 2 2 2
-786.7 -5796.6 -6.3 199 0 9.0 21.6 7.5 2.5 2 1 3 1 1
-729.8 -5814.7 -2.9 64 0 20.6 9.5 7.5 2.5 2 0 3 4 4
-669.7 -5777.9 -4.6 214 0 16.8 12.8 2.5 2.5 2 0 1 4 4
-678.4 -5789.6 -3.7 221 0 12.5 9.9 5.0 2.5 2 0 2 0 0
-4216.2 -6767.8 34.2 196 0 11.6 26.2 10.0 2.5 2 1 4 4 4
-4249.8 -6791.7 40.1 118 0 10.3 33.6 10.0 2.5 2 1 4 2 2
-4229.8 -6815.3 38.7 300 0 43.9 11.0 10.0 2.5 2 0 4 3 3
-4296.6 -6799.9 39.2 80 0 22.7 10.4 7.5 2.5 2 0 3 0 0
