2850.1 -3394.7 -12.3 95 0 9.1 26.3 2.5 2.5 2 1 1 3 3
3123.0 -3430.3 -15.5 299 0 5.9 25.2 7.5 2.5 2 1 3 1 1
3097.2 -3504.4 -10.8 299 0 7.2 37.9 7.5 2.5 2 1 3 3 3
3156.2 -3501.3 -12.7 29 0 15.5 56.5 12.5 2.5 2 1 5 0 0
2897.6 -3368.9 -13.3 274 0 8.4 32.4 7.5 2.5 2 1 3 1 1
3111.1 -3511.1 -12.5 298 0 7.0 38.4 7.5 2.5 2 1 3 3 3
2911.1 -3327.2 -13.7 11 0 22.0 7.8 5.0 2.5 2 0 2 0 0
2886.4 -3367.1 -13.3 274 0 8.0 32.7 7.5 2.5 2 1 3 3 3
2926.1 -3360.0 -15.3 194 0 10.6 24.2 15.0 0.0 0 1 6 2 2
3027.8 -3438.6 -10.1 24 0 11.4 23.7 10.0 2.5 2 1 4 3 3
2811.4 -3383.5 -9.9 9 0 9.8 24.7 2.5 2.5 2 1 1 2 2
3126.6 -3512.8 -12.9 117 0 37.9 12.9 10.0 2.5 2 0 4 3 3
2929.0 -3343.8 -14.7 194 0 7.7 11.4 7.5 2.5 2 1 3 5 5
2881.0 -3332.3 -13.0 100 0 10.7 22.8 2.5 2.5 2 0 1 5 5
2849.3 -3325.0 -12.1 101 0 9.9 26.6 7.5 2.5 2 1 3 4 4
3137.1 -3526.9 -10.9 298 0 6.8 37.6 7.5 0.0 0 1 3 5 5
2829.9 -3396.4 -9.4 344 0 22.5 10.2 7.5 2.5 2 0 3 5 5
3086.1 -3490.7 -13.2 121 0 12.6 36.6 10.0 0.0 0 1 4 3 3
4360.2 -3836.2 4.0 290 0 8.8 5.6 5.0 2.5 2 0 2 1 1
3050.1 -3409.3 -15.8 117 0 7.6 16.3 7.5 2.5 2 1 3 1 1
2878.2 -3300.5 -12.5 280 0 6.5 20.3 7.5 2.5 2 0 3 2 2
3051.6 -3418.4 -13.2 296 0 9.0 34.8 7.5 2.5 2 1 3 1 1
2874.5 -3366.8 -13.0 276 0 8.5 32.3 7.5 2.5 2 1 3 0 0
3063.2 -3505.0 -10.2 115 0 6.7 37.4 7.5 2.5 2 1 3 4 4
4375.0 -3880.3 11.5 345 0 12.4 11.6 10.0 2.5 2 0 4 5 5
3067.2 -3528.7 -9.2 118 0 7.1 35.8 7.5 2.5 2 1 3 4 4
3124.9 -3519.6 -11.8 298 0 6.6 38.3 7.5 2.5 2 1 3 0 0
2893.7 -3334.0 -13.4 100 0 8.6 22.5 7.5 2.5 2 1 3 5 5
3024.0 -3392.1 -15.4 115 0 46.1 9.5 7.5 2.5 2 0 3 2 2
2924.1 -3326.7 -14.0 9 0 18.7 8.6 7.5 2.5 2 0 3 0 0
3142.9 -3672.9 -1.8 57 0 11.7 14.6 5.0 2.5 2 1 2 0 0
2888.5 -3357.2 -13.8 100 0 7.2 16.0 5.0 2.5 2 1 2 4 4
2910.1 -3375.0 -12.9 275 0 8.7 27.7 2.5 2.5 2 1 1 3 3
2828.2 -3310.6 -11.9 190 0 34.5 17.0 7.5 0.0 0 0 3 4 4
