2118.5 2448.5 -60.5 92 0 31.2 41.9 14.0 0.0 0 1 4 3 3
2171.8 2072.2 -66.2 2 0 58.1 40.6 17.5 0.0 0 0 5 5 5
1811.5 2416.1 -42.9 228 0 45.8 47.6 17.5 0.0 0 1 5 2 2
1853.9 2506.2 -55.2 87 0 32.9 25.3 17.5 0.0 0 0 5 0 0
2254.4 1828.5 -79.7 258 0 25.6 27.1 14.0 0.0 0 1 4 1 1
1934.4 1440.0 -108.3 81 0 23.7 55.9 17.5 3.5 2 1 5 2 2
1245.3 767.8 -122.6 5 0 69.4 56.9 14.0 0.0 0 0 4 0 0
1219.1 843.9 -121.7 272 0 28.1 31.5 14.0 0.0 0 1 4 4 4
2379.0 2569.7 -74.6 234 0 11.8 14.2 17.5 3.5 2 1 5 4 4
2192.7 1480.1 -99.5 93 0 10.8 44.0 17.5 3.5 2 1 5 1 1
2227.2 1543.7 -99.1 273 0 21.6 64.1 17.5 0.0 0 1 5 4 4
2266.5 1499.9 -100.4 2 0 66.1 20.4 17.5 3.5 2 0 5 4 4
2311.0 1979.3 -75.0 180 0 40.9 9.3 10.5 3.5 2 0 3 4 4
2700.7 3072.7 -99.1 87 0 47.3 12.0 14.0 3.5 2 0 4 2 2
2723.7 3093.5 -98.1 356 0 11.4 43.0 14.0 3.5 2 1 4 3 3
640.5 3634.3 -88.1 22 0 29.4 18.8 12.5 2.5 4 0 5 4 4
-5138.0 6826.2 -62.8 99 0 29.3 37.2 12.5 0.0 0 1 5 0 0
-5091.0 6212.5 -105.5 182 0 25.8 20.1 7.5 2.5 2 0 3 4 4
-5464.7 6335.3 -92.4 87 0 12.7 13.3 5.0 2.5 2 1 2 5 5
-6305.5 6830.3 -81.5 140 0 42.6 12.6 10.5 3.5 2 0 3 0 0
-6289.0 6833.8 -80.4 141 0 41.9 8.0 10.5 3.5 2 0 3 4 4
-6254.2 6830.7 -78.7 54 0 11.2 33.3 14.0 3.5 2 1 4 3 3
-6268.9 6188.0 -97.1 283 0 24.8 24.5 14.0 3.5 2 0 4 2 2
-5564.8 6235.2 -98.3 274 0 19.3 19.5 10.5 3.5 2 1 3 5 5
-6387.3 5976.0 -96.1 92 0 12.5 22.2 10.0 2.5 2 1 4 0 0
-2941.8 6347.4 -91.3 256 0 12.7 19.8 12.5 0.0 0 1 5 0 0
-3764.7 6202.5 -117.0 283 0 12.8 24.8 10.0 2.5 2 1 4 2 2
-4291.0 6298.0 -99.7 257 0 15.6 16.5 10.0 2.5 2 0 4 3 3
-5249.9 6379.3 -104.3 260 0 25.2 34.0 15.0 0.0 0 1 6 2 2
-6270.1 5432.0 -107.7 21 0 48.8 37.4 10.0 0.0 0 0 4 1 1
-6253.8 5427.8 -108.9 203 0 48.8 26.3 12.5 0.0 0 0 5 2 2
-6413.0 4701.7 -96.2 278 0 17.9 16.4 12.5 2.5 2 0 5 0 0
-6247.8 4827.4 -107.8 97 0 10.3 12.6 10.0 2.5 4 1 4 1 1
-6505.5 4545.7 -85.3 200 0 30.1 24.5 10.0 0.0 0 0 4 1 1
-6473.9 5415.2 -100.6 192 0 15.0 26.3 10.5 3.5 2 1 3 4 4
-6443.3 5617.3 -103.6 180 0 28.4 54.3 10.5 0.0 0 1 3 5 5
-6443.0 5676.7 -104.1 178 0 31.5 37.6 10.5 0.0 0 1 3 2 2
-6441.1 5728.1 -103.3 184 0 22.0 21.7 10.5 3.5 2 0 3 5 5
-6488.9 5563.8 -100.9 85 0 30.5 10.7 10.5 3.5 2 0 3 0 0
-5998.2 2531.6 -76.8 81 0 20.6 21.1 10.0 0.0 0 1 4 1 1
-6177.8 3058.2 -87.4 106 0 24.3 36.7 12.5 0.0 0 1 5 3 3
-6306.7 3190.1 -99.4 347 0 9.3 6.0 7.5 0.0 0 0 3 0 0
-6400.6 5501.3 -104.1 90 0 34.0 28.0 10.5 0.0 0 0 3 4 4
2241.2 1965.8 -70.1 338 0 23.9 9.8 10.5 3.5 2 0 3 4 4
2225.8 1907.7 -75.5 357 0 14.7 9.3 10.5 0.0 0 0 3 5 5
2191.3 1979.7 -70.5 180 0 32.5 19.2 14.0 0.0 0 0 4 0 0
2312.0 1776.4 -79.0 343 0 9.2 27.5 10.5 3.5 2 1 3 2 2
2293.0 1796.0 -79.3 341 0 13.6 27.5 14.0 3.5 2 1 4 0 0
2392.1 1679.7 -75.6 266 0 26.7 13.8 17.5 3.5 2 0 5 3 3
-5891.1 6051.8 -104.1 83 0 53.7 37.1 10.5 0.0 0 0 3 4 4
-5440.5 6352.9 -94.0 271 0 14.2 16.5 2.5 2.5 2 1 1 5 5
-5517.7 6427.4 -92.3 180 0 18.0 21.6 10.5 0.0 0 1 3 4 4
-2804.7 6657.7 -87.4 263 0 35.3 23.2 12.5 0.0 0 0 5 0 0
5537.7 6533.3 -108.8 269 0 30.4 44.4 10.0 0.0 0 1 4 4 4
2999.3 4376.8 -108.8 56 0 32.9 38.7 12.5 0.0 0 1 5 3 3
2929.7 4332.2 -105.6 263 0 15.1 12.3 5.0 2.5 2 0 2 1 1
2724.2 3221.6 -94.4 110 0 104.6 191.9 14.0 0.0 0 1 4 2 2
4033.6 -5420.0 -80.4 93 0 43.2 111.2 17.5 0.0 0 1 7 5 5
3789.9 -5388.7 -68.3 81 0 16.7 13.4 5.0 2.5 2 0 2 0 0
4441.0 -5523.6 -104.8 236 0 21.4 27.0 12.5 2.5 2 1 5 0 0
1575.0 1262.1 -116.4 117 0 12.1 20.2 17.5 3.5 2 1 5 0 0
1639.7 1412.9 -104.7 205 0 18.2 34.1 17.5 0.0 0 1 5 3 3
1688.9 1357.8 -112.1 7 0 11.3 30.4 17.5 3.5 4 1 5 4 4
1788.5 1204.0 -118.3 296 0 35.2 14.7 17.5 3.5 2 0 5 1 1
1820.2 1180.0 -118.0 26 0 13.7 13.4 17.5 3.5 2 0 5 5 5
-2387.8 1140.0 -105.9 108 0 12.9 13.2 2.5 0.0 0 1 1 2 2
-2437.9 1225.1 -106.7 185 0 12.6 16.7 5.0 0.0 0 1 2 3 3
-2587.6 1147.7 -83.3 85 0 16.5 13.0 10.0 2.5 4 0 4 3 3
-2135.7 1000.5 -119.4 83 0 10.4 11.3 2.5 2.5 2 1 1 2 2
-2383.8 1352.6 -108.9 182 0 11.6 8.1 5.0 2.5 2 0 2 1 1
-2349.5 1271.5 -111.2 111 0 12.5 13.7 2.5 2.5 2 1 1 0 0
-2265.2 1312.5 -110.1 352 0 14.0 16.8 10.0 2.5 2 1 4 0 0
-2328.6 1281.0 -110.9 102 0 7.9 12.6 7.5 2.5 2 1 3 0 0
-2058.9 1345.7 -109.1 270 0 13.5 16.0 5.0 2.5 2 1 2 1 1
-2195.7 918.8 -117.0 183 0 17.6 15.1 12.5 2.5 2 0 5 4 4
-2160.8 930.6 -119.0 270 0 14.0 19.5 12.5 2.5 4 1 5 4 4
-2244.2 794.5 -116.4 120 0 19.8 12.6 10.0 2.5 2 0 4 3 3
-2268.0 874.8 -114.6 35 0 8.6 11.6 7.5 2.5 2 1 3 5 5
-2414.4 768.0 -107.3 76 0 20.7 18.0 10.0 2.5 2 0 4 5 5
-2509.5 766.5 -103.6 184 0 16.4 12.4 7.5 2.5 4 0 3 5 5
-2394.1 943.7 -92.2 85 0 13.8 11.6 5.0 2.5 2 0 2 0 0
-2471.3 831.5 -104.0 3 0 8.6 13.1 7.5 2.5 2 1 3 4 4
-2265.3 802.7 -115.3 111 0 18.9 15.2 12.5 2.5 2 0 5 3 3
-2143.0 1025.5 -118.9 256 0 9.5 9.1 7.5 2.5 2 0 3 0 0
-2260.3 944.3 -105.6 6 0 10.5 12.4 7.5 2.5 2 1 3 3 3
-2546.8 1042.2 -75.2 90 0 19.0 14.3 12.5 2.5 4 0 5 3 3
-2530.2 1159.2 -87.2 81 0 20.3 11.0 5.0 2.5 2 0 2 5 5
-2510.6 1225.5 -93.8 3 0 9.7 13.1 2.5 2.5 2 1 1 1 1
-2505.2 1292.2 -100.2 10 0 8.9 11.6 2.5 2.5 2 1 1 3 3
-2554.9 1150.4 -83.8 86 0 17.1 12.2 5.0 0.0 0 0 2 5 5
-2580.1 1226.1 -93.2 80 0 12.6 13.5 5.0 2.5 2 1 2 3 3
-2230.6 1336.5 -109.3 359 0 15.6 12.0 5.0 2.5 2 0 2 4 4
-2265.2 1390.0 -107.8 318 0 12.1 10.9 5.0 2.5 2 0 2 1 1
-2103.8 1230.4 -112.4 17 0 13.6 12.5 2.5 2.5 2 0 1 0 0
-1673.0 1238.6 -103.3 87 0 15.8 24.4 10.0 2.5 2 1 4 3 3
-1730.3 1279.9 -100.5 269 0 12.5 10.0 5.0 2.5 2 0 2 0 0
-1484.5 1090.4 -112.4 345 0 38.0 23.0 12.5 0.0 0 0 5 4 4
-1508.9 1038.2 -113.3 159 0 27.7 23.1 12.5 0.0 0 0 5 2 2
-1195.7 1215.3 -117.8 61 0 13.9 17.3 5.0 2.5 2 1 2 2 2
-1192.9 1260.7 -115.4 242 0 12.1 13.4 7.5 2.5 2 1 3 1 1
-1152.1 1246.0 -116.3 323 0 13.8 9.3 2.5 2.5 2 0 1 2 2
-1141.7 1248.8 -116.4 319 0 22.2 19.5 12.5 2.5 2 0 5 3 3
-1242.5 1499.6 -99.6 355 0 12.8 22.3 14.0 3.5 2 1 4 0 0
-1409.0 1631.8 -88.3 267 0 19.9 17.6 14.0 3.5 2 0 4 1 1
-1576.1 1510.0 -92.7 178 0 13.8 21.8 14.0 3.5 2 1 4 1 1
-1639.7 1534.3 -89.5 22 0 9.0 11.4 5.0 2.5 4 1 2 0 0
-1762.5 1428.3 -95.3 100 0 24.5 27.2 7.5 0.0 0 1 3 4 4
-1553.6 1581.6 -88.1 267 0 18.3 13.4 14.0 3.5 2 0 4 0 0
-1503.1 1565.3 -89.7 0 0 18.3 20.9 14.0 3.5 4 1 4 1 1
-1593.6 1630.6 -83.8 183 0 17.0 15.5 10.5 3.5 2 0 3 3 3
-1717.9 1574.8 -85.5 343 0 8.8 10.5 7.5 2.5 2 1 3 5 5
-1733.9 1559.9 -85.9 78 0 9.9 9.8 5.0 2.5 2 0 2 4 4
-1696.0 1521.8 -90.0 197 0 12.8 10.3 2.5 2.5 2 0 1 4 4
-1905.4 1703.8 -69.0 257 0 7.3 12.9 5.0 2.5 2 1 2 0 0
-2030.4 1470.4 -98.0 95 0 18.5 17.2 12.5 2.5 2 0 5 0 0
-2258.8 1458.5 -102.4 80 0 14.6 16.4 10.0 2.5 2 1 4 5 5
-2200.7 1673.3 -76.6 106 0 12.2 13.5 5.0 2.5 2 1 2 1 1
-2052.0 1690.1 -88.8 83 0 16.6 15.3 12.5 0.0 0 0 5 0 0
-2350.1 1833.1 -16.8 89 0 56.3 16.8 12.5 2.5 2 0 5 0 0
-2349.0 1891.2 -11.1 274 0 73.5 28.9 12.5 0.0 0 0 5 0 0
-2260.9 1968.8 1.2 91 0 12.5 29.5 7.5 2.5 2 1 3 1 1
-2050.0 1958.2 -14.9 272 0 16.2 26.4 12.5 2.5 2 1 5 3 3
-2015.4 2077.2 0.1 268 0 37.3 24.1 12.5 0.0 0 0 5 1 1
-1973.4 1975.7 -1.3 110 0 35.4 29.2 10.0 0.0 0 0 4 2 2
-1916.7 2002.0 -0.3 94 0 37.7 36.3 12.5 0.0 0 0 5 0 0
-1926.0 2085.2 2.7 185 0 16.1 34.3 10.0 2.5 2 1 4 2 2
-1860.4 1985.2 -8.2 110 0 72.0 61.0 12.5 0.0 0 0 5 2 2
-1770.4 1947.9 -10.9 47 0 50.6 22.9 10.0 2.5 2 0 4 4 4
-1394.7 1904.9 -84.9 22 0 16.0 11.2 5.0 2.5 4 0 2 5 5
-1331.9 2044.2 -85.2 197 0 15.7 16.8 10.0 2.5 2 1 4 1 1
-1280.0 2037.2 -89.8 356 0 12.4 21.6 10.0 2.5 2 1 4 2 2
-1245.9 1877.2 -95.1 78 0 12.1 12.0 2.5 2.5 2 0 1 1 1
-1059.6 1708.7 -109.0 87 0 9.1 12.9 5.0 2.5 2 1 2 4 4
-1056.5 1765.6 -108.8 258 0 11.4 10.9 5.0 2.5 2 0 2 3 3
-1060.6 1782.8 -108.6 246 0 17.6 10.6 5.0 2.5 2 0 2 3 3
-1076.3 1623.5 -108.9 10 0 17.6 22.1 12.5 2.5 2 1 5 5 5
-1114.0 1697.0 -105.8 103 0 10.8 13.4 5.0 0.0 0 1 2 0 0
-1269.1 1659.1 -97.8 143 0 22.8 26.8 14.0 3.5 2 1 4 5 5
-1094.4 1586.8 -108.3 5 0 15.7 18.2 15.0 0.0 0 1 6 0 0
-1165.1 1580.6 -104.2 91 0 15.4 13.8 5.0 2.5 2 0 2 0 0
-953.0 1821.5 -114.5 90 0 14.0 14.6 2.5 2.5 2 1 1 2 2
-910.5 1688.7 -117.7 79 0 14.3 15.2 7.5 2.5 2 1 3 4 4
-915.8 1726.1 -117.5 257 0 13.0 15.7 7.5 2.5 2 1 3 1 1
-1383.2 1698.2 -88.8 90 0 17.8 10.7 10.5 0.0 0 0 3 3 3
-1488.3 1627.9 -84.4 86 0 18.7 15.9 10.5 3.5 4 0 3 5 5
-1468.5 1640.3 -83.8 78 0 12.3 7.6 10.5 3.5 2 0 3 5 5
-1446.5 1647.5 -85.3 77 0 16.9 15.2 10.5 3.5 2 0 3 2 2
-1382.5 1668.2 -89.6 233 0 13.7 12.7 14.0 3.5 2 0 4 1 1
1473.4 -1311.8 -60.8 97 0 15.4 14.2 7.5 0.0 0 0 3 3 3
1731.5 -755.5 -116.5 4 0 51.1 23.5 7.5 2.5 2 0 3 5 5
2127.6 -977.1 -114.3 356 0 14.5 14.0 7.5 2.5 2 0 3 2 2
2119.1 -1075.3 -110.6 136 0 20.3 19.5 12.5 2.5 4 0 5 2 2
-6580.5 4567.3 -85.6 36 0 14.0 8.5 5.0 2.5 4 0 2 4 4
-6575.4 4602.4 -86.7 217 0 8.5 20.4 7.5 2.5 2 1 3 2 2
-6594.2 4483.6 -83.5 186 0 14.0 10.9 2.5 2.5 2 0 1 5 5
-6438.7 4828.4 -97.8 267 0 19.5 18.3 12.5 2.5 4 0 5 1 1
-6405.6 4768.2 -97.9 14 0 11.0 16.0 7.5 2.5 2 1 3 4 4
-6386.8 4802.3 -99.9 13 0 12.0 8.8 2.5 2.5 2 0 1 2 2
-6386.4 4500.8 -91.2 88 0 10.3 12.0 2.5 2.5 4 1 1 2 2
2111.4 -993.8 -111.8 357 0 10.6 14.0 7.5 2.5 2 1 3 5 5
2087.2 -1000.4 -109.8 176 0 12.2 8.6 7.5 2.5 4 0 3 4 4
-2572.7 -3210.6 125.2 276 0 13.9 48.1 10.0 2.5 2 1 4 4 4
-1062.3 -2509.2 -74.5 88 0 14.5 16.2 15.0 0.0 0 1 6 0 0
-1013.5 -2512.8 -78.5 4 0 19.6 19.4 10.0 2.5 2 0 4 0 0
-986.2 -2593.9 -82.2 103 0 17.6 17.2 10.0 2.5 2 0 4 2 2
-1054.7 -2559.2 -76.7 167 0 12.2 14.9 5.0 2.5 2 1 2 3 3
-1105.4 -2508.8 -66.5 93 0 17.0 12.5 5.0 2.5 2 0 2 5 5
-1121.4 -2487.0 -64.8 182 0 9.2 13.6 5.0 2.5 2 1 2 4 4
-1131.1 -2459.1 -63.1 146 0 15.3 10.5 5.0 2.5 2 0 2 3 3
-1041.6 -2459.8 -73.7 301 0 12.2 14.0 5.0 2.5 2 1 2 2 2
-1162.8 -2451.9 -56.2 104 0 12.9 13.5 7.5 2.5 2 1 3 0 0
-1230.6 -2395.3 -46.0 267 0 33.9 20.9 12.5 0.0 0 0 5 1 1
-1183.0 -2587.5 -51.6 315 0 23.4 25.4 10.0 2.5 2 1 4 1 1
-1150.8 -2415.3 -59.0 271 0 12.6 16.2 7.5 2.5 2 1 3 4 4
-1154.0 -2274.7 -52.3 105 0 13.1 15.5 5.0 2.5 2 1 2 1 1
-1055.3 -2289.4 -58.3 356 0 19.6 15.7 12.5 2.5 2 0 5 2 2
-1029.8 -2068.0 -20.4 43 0 27.7 34.8 12.5 0.0 0 1 5 5 5
-955.5 -2139.4 -32.0 87 0 24.0 26.1 10.0 0.0 0 1 4 4 4
-1027.2 -2927.1 -95.9 157 0 17.5 20.4 15.0 0.0 0 1 6 1 1
-981.5 -2873.2 -95.2 236 0 21.3 14.7 10.0 2.5 4 0 4 0 0
-1090.3 -1697.4 -0.2 16 0 44.6 19.1 12.5 2.5 2 0 5 2 2
-1061.7 -1664.7 -3.3 192 0 19.3 31.8 10.0 0.0 0 1 4 5 5
6043.7 -4266.8 -52.8 311 0 17.9 15.3 10.0 0.0 0 0 4 1 1
5955.4 -4358.9 -52.1 132 0 11.2 13.9 7.5 2.5 2 1 3 0 0
5957.0 -4322.4 -52.7 225 0 10.3 11.6 2.5 2.5 2 1 1 1 1
5966.1 -4314.9 -52.7 225 0 8.3 10.5 5.0 2.5 2 1 2 5 5
5974.7 -4308.2 -52.8 223 0 8.2 8.9 7.5 2.5 2 1 3 3 3
6032.9 -4310.2 -51.9 216 0 11.0 13.8 7.5 2.5 2 1 3 5 5
5974.7 -4404.6 -50.7 171 0 7.1 11.5 5.0 2.5 2 1 2 3 3
5918.3 -4461.2 -52.1 179 0 12.1 24.0 12.5 0.0 0 1 5 0 0
5943.7 -4411.1 -51.1 183 0 12.6 8.4 5.0 0.0 0 0 2 0 0
6044.2 -4347.3 -51.2 35 0 13.6 9.5 5.0 2.5 2 0 2 3 3
6076.6 -4304.0 -51.6 310 0 19.3 28.8 7.5 2.5 2 1 3 0 0
6095.1 -4406.0 -49.4 43 0 8.5 19.9 2.5 2.5 2 1 1 2 2
6150.0 -4291.4 -50.7 265 0 9.5 15.8 7.5 0.0 0 1 3 2 2
6176.8 -4285.1 -50.3 281 0 8.2 22.2 5.0 2.5 2 1 2 4 4
6206.7 -4289.1 -49.6 282 0 15.0 42.7 12.5 2.5 2 1 5 3 3
6174.4 -4259.8 -51.4 83 0 12.9 17.5 2.5 2.5 4 1 1 2 2
-2807.2 -2128.0 51.6 259 0 32.1 43.8 10.0 0.0 0 1 4 0 0
-1016.7 -3780.0 -58.5 357 0 13.5 20.5 10.0 2.5 2 1 4 0 0
-1039.1 -3581.5 -37.4 264 0 27.6 43.1 10.0 0.0 0 1 4 2 2
-1003.7 -3649.6 -46.0 190 0 20.4 21.8 12.5 2.5 2 1 5 4 4
-930.0 -3586.5 -26.2 100 0 15.4 22.0 15.0 0.0 0 1 6 3 3
-912.6 -3937.1 -69.4 0 0 14.2 15.2 7.5 0.0 0 1 3 3 3
-1227.1 -3472.4 -47.9 166 0 17.1 22.2 12.5 0.0 0 1 5 0 0
-1189.1 -3583.1 -43.3 177 0 77.9 26.3 15.0 0.0 0 0 6 3 3
-1455.9 -3790.6 -67.4 9 0 22.1 13.6 10.0 2.5 2 0 4 3 3
-1539.3 -3938.5 -68.6 87 0 24.1 18.7 10.0 2.5 2 0 4 3 3
-1486.7 -4038.1 -77.4 79 0 16.9 15.9 12.5 2.5 2 0 5 0 0
-1465.6 -3855.8 -73.2 183 0 14.8 19.6 10.0 2.5 2 1 4 1 1
-1841.8 -2693.6 -24.8 259 0 30.3 57.8 12.5 0.0 0 1 5 1 1
-3252.8 -3340.6 -76.5 354 0 48.8 22.7 10.0 2.5 2 0 4 3 3
-3236.6 -3486.4 -69.6 280 0 50.2 51.3 10.0 0.0 0 1 4 1 1
-3115.6 -3632.2 -50.2 78 0 23.5 29.3 12.5 0.0 0 1 5 5 5
-4621.8 4751.4 -83.9 175 0 13.8 19.6 12.5 2.5 2 1 5 3 3
-4615.6 4857.2 -86.2 203 0 20.1 10.1 5.0 2.5 2 0 2 4 4
-4467.7 4978.6 -86.8 208 0 13.5 17.9 5.0 2.5 2 1 2 0 0
-4437.9 5292.5 -99.9 266 0 17.9 16.5 10.0 2.5 2 0 4 5 5
-4497.2 5238.8 -96.2 64 0 13.5 22.5 10.0 2.5 2 1 4 2 2
-4511.0 5288.7 -97.4 235 0 12.6 21.5 10.0 2.5 2 1 4 0 0
-4421.5 5241.2 -97.8 358 0 11.7 17.0 5.0 2.5 2 1 2 4 4
-4471.5 5204.7 -95.0 171 0 8.9 11.7 5.0 2.5 2 1 2 2 2
-4469.3 5277.6 -98.3 242 0 14.5 24.4 15.0 0.0 0 1 6 0 0
-4485.6 5223.7 -95.7 154 0 14.0 14.2 2.5 2.5 2 1 1 4 4
-4328.8 5195.9 -98.3 267 0 11.8 16.8 7.5 2.5 2 1 3 2 2
-4233.6 5250.8 -103.9 176 0 18.1 17.3 12.5 2.5 2 0 5 2 2
-4193.7 5216.9 -102.4 80 0 15.2 16.9 17.5 0.0 0 1 7 4 4
-4148.0 5228.0 -103.0 88 0 17.6 12.6 2.5 2.5 2 0 1 1 1
-4135.7 5285.7 -106.3 258 0 16.1 16.3 10.0 2.5 2 1 4 0 0
-4171.7 5259.4 -104.4 256 0 17.1 14.8 12.5 2.5 4 0 5 2 2
-4100.2 5175.7 -98.6 263 0 12.2 17.3 5.0 2.5 2 1 2 5 5
-3976.8 5237.4 -104.1 61 0 14.6 13.5 7.5 2.5 2 0 3 4 4
-1294.3 -3823.8 -64.9 91 0 17.4 13.9 7.5 2.5 2 0 3 3 3
6174.1 -4545.9 -50.7 279 0 19.2 28.5 10.0 2.5 2 1 4 3 3
6242.4 -4426.3 -46.8 32 0 35.4 24.3 12.5 0.0 0 0 5 5 5
5861.9 -4604.1 -53.6 89 0 12.0 13.8 10.0 2.5 2 1 4 5 5
5799.2 -4548.0 -65.6 64 0 14.8 15.1 10.0 2.5 2 1 4 0 0
5870.9 -4649.7 -58.1 140 0 13.7 18.1 7.5 2.5 2 1 3 0 0
5909.0 -4581.9 -50.5 223 0 12.5 16.5 10.0 2.5 2 1 4 4 4
5786.3 -4647.5 -53.6 33 0 11.3 9.6 7.5 0.0 0 0 3 3 3
5511.1 -4443.3 -94.6 86 0 9.5 9.8 2.5 2.5 2 1 1 5 5
5568.8 -4412.8 -92.5 71 0 10.0 13.2 7.5 2.5 2 1 3 5 5
5556.4 -4516.4 -88.0 359 0 16.2 12.7 5.0 2.5 2 0 2 2 2
5533.4 -4436.0 -93.7 80 0 10.8 11.4 7.5 2.5 2 1 3 4 4
5487.2 -4442.6 -96.3 90 0 10.7 14.7 7.5 2.5 2 1 3 3 3
5523.2 -4336.8 -97.5 110 0 9.8 17.7 5.0 2.5 2 1 2 3 3
5484.8 -4267.9 -96.0 87 0 12.3 9.0 7.5 2.5 2 0 3 4 4
5396.2 -4263.9 -104.9 111 0 8.4 13.6 7.5 2.5 2 1 3 5 5
5449.0 -4057.6 -79.3 266 0 14.6 14.0 5.0 2.5 2 0 2 4 4
5354.5 -4102.0 -89.0 171 0 12.4 9.3 7.5 2.5 4 0 3 4 4
5355.0 -4693.0 -77.1 87 0 14.6 10.4 7.5 2.5 2 0 3 2 2
5370.5 -4819.3 -78.3 356 0 17.3 16.4 10.0 2.5 2 0 4 1 1
5331.2 -4816.3 -78.7 192 0 26.2 10.2 10.0 0.0 0 0 4 3 3
5354.2 -4774.9 -77.5 286 0 11.0 24.4 7.5 2.5 4 1 3 3 3
5370.5 -4780.1 -77.5 280 0 11.0 23.1 10.0 2.5 4 1 4 5 5
5319.2 -4779.5 -77.5 204 0 11.6 22.0 7.5 2.5 2 1 3 1 1
5284.4 -4694.1 -82.9 80 0 12.4 12.1 7.5 2.5 2 0 3 1 1
5419.9 -4736.3 -72.3 244 0 10.0 9.1 2.5 2.5 2 0 1 0 0
5267.5 -4899.0 -81.6 192 0 9.1 21.3 5.0 2.5 2 1 2 2 2
5335.1 -4957.1 -82.7 359 0 11.3 9.0 7.5 2.5 2 0 3 5 5
-4343.2 5426.2 -108.1 211 0 14.7 14.9 2.5 2.5 4 1 1 2 2
-4322.5 5501.2 -100.5 286 0 16.6 11.2 10.0 2.5 2 0 4 0 0
-4373.1 5486.8 -100.6 80 0 11.7 17.3 7.5 2.5 2 1 3 1 1
-3793.9 5390.0 -112.1 171 0 16.8 16.6 10.0 2.5 2 0 4 4 4
-3693.4 5338.0 -106.9 7 0 13.9 15.6 5.0 2.5 2 1 2 2 2
-3603.6 5293.4 -101.3 304 0 17.7 17.4 12.5 2.5 4 0 5 2 2
-3540.5 5358.6 -104.8 136 0 14.1 17.3 7.5 0.0 0 1 3 4 4
-3501.4 5390.9 -105.0 282 0 11.4 17.6 5.0 2.5 2 1 2 3 3
-3477.0 5365.4 -103.3 355 0 13.6 11.3 5.0 2.5 2 0 2 0 0
-3402.4 5430.3 -105.7 103 0 14.4 12.9 10.0 2.5 2 0 4 4 4
-3382.5 5495.4 -110.6 188 0 12.6 13.1 2.5 2.5 2 1 1 2 2
-3362.4 5524.3 -112.5 281 0 14.1 14.9 5.0 2.5 2 1 2 2 2
-3346.5 5505.4 -111.3 264 0 9.8 15.2 5.0 2.5 2 1 2 2 2
-3370.2 5553.4 -114.9 197 0 7.1 13.4 7.5 2.5 2 1 3 5 5
-3320.5 5466.1 -109.1 6 0 17.3 16.4 12.5 2.5 2 0 5 2 2
-3093.1 6204.2 -100.9 85 0 13.8 40.4 7.5 2.5 2 1 3 5 5
-3088.1 6364.7 -102.6 80 0 25.7 13.1 10.0 2.5 2 0 4 4 4
-3107.1 6285.7 -101.3 179 0 46.9 13.4 7.5 2.5 2 0 3 0 0
-2810.1 6452.3 -87.0 96 0 14.7 10.8 5.0 2.5 2 0 2 0 0
-2747.6 6452.6 -90.5 35 0 17.9 15.4 15.0 0.0 0 0 6 2 2
-2759.9 6439.8 -90.3 45 0 12.7 13.0 7.5 2.5 2 0 3 4 4
-2860.8 6614.8 -82.7 185 0 17.9 14.4 12.5 2.5 2 0 5 5 5
-2576.1 6561.8 -103.5 81 0 10.2 20.3 2.5 0.0 0 1 1 2 2
-2612.8 6506.3 -100.2 181 0 14.5 14.0 2.5 2.5 4 0 1 2 2
-2547.2 6697.6 -107.8 0 0 19.5 14.0 10.0 2.5 4 0 4 1 1
-2570.0 6759.7 -109.8 287 0 11.2 12.3 5.0 2.5 2 1 2 3 3
-6735.2 -2874.8 -64.0 212 0 17.3 18.2 15.0 0.0 0 1 6 3 3
-6784.5 -2925.7 -71.9 248 0 11.8 12.9 7.5 2.5 2 1 3 0 0
-6853.7 -2984.0 -69.9 346 0 18.0 20.0 10.0 2.5 2 1 4 3 3
-6844.0 -3106.8 -73.6 265 0 15.1 12.5 5.0 2.5 2 0 2 0 0
-6868.4 -3164.1 -68.4 92 0 14.9 12.5 7.5 2.5 4 0 3 3 3
-6861.2 -4950.2 -78.7 181 0 21.9 17.8 10.0 2.5 2 0 4 0 0
-6860.6 -4640.9 -77.9 99 0 20.6 11.4 10.0 2.5 2 0 4 2 2
-6785.8 -4681.1 -77.0 188 0 16.7 18.7 10.0 2.5 2 1 4 3 3
-6716.8 -4605.2 -92.5 285 0 14.7 14.6 10.0 2.5 2 0 4 5 5
-6710.9 -4675.8 -82.7 357 0 14.3 20.8 12.5 2.5 2 1 5 4 4
-6170.3 -5521.6 -113.5 102 0 28.1 16.4 10.0 2.5 2 0 4 1 1
-6151.0 -5565.8 -110.5 108 0 18.2 12.4 2.5 2.5 2 0 1 3 3
-6113.9 -5563.0 -108.3 111 0 21.8 17.4 12.5 2.5 2 0 5 0 0
-5576.9 -4878.8 -98.1 120 0 9.7 14.2 5.0 2.5 2 1 2 4 4
-6899.7 6087.2 -105.6 63 0 16.6 18.2 10.0 2.5 2 1 4 0 0
-6881.8 6097.8 -106.6 65 0 18.4 15.9 15.0 0.0 0 0 6 2 2
-6904.1 6274.7 -108.2 206 0 33.4 26.7 14.0 0.0 0 0 4 4 4
-6852.7 6426.6 -102.0 201 0 11.9 19.5 10.5 0.0 0 1 3 4 4
-6834.4 6381.6 -102.8 116 0 13.4 10.6 10.5 3.5 2 0 3 2 2
-6739.4 6326.9 -104.3 110 0 16.3 20.8 10.5 3.5 2 1 3 0 0
-6719.9 6319.9 -104.2 117 0 8.7 15.9 10.5 3.5 2 1 3 3 3
-6774.1 6373.1 -100.7 116 0 17.2 11.6 10.5 3.5 2 0 3 1 1
-6709.8 6422.4 -94.2 260 0 18.5 16.9 10.5 3.5 2 0 3 2 2
-6675.8 6425.8 -91.9 258 0 13.9 16.1 10.5 3.5 2 1 3 2 2
-6656.1 6411.8 -92.4 264 0 14.4 17.0 10.5 3.5 2 1 3 2 2
-6652.3 6354.5 -97.2 95 0 28.1 12.8 10.5 3.5 2 0 3 3 3
-6670.4 6298.2 -104.3 118 0 22.1 19.3 10.5 3.5 2 0 3 1 1
-6561.1 6332.8 -96.2 117 0 18.0 11.5 10.5 3.5 2 0 3 1 1
-6595.1 6326.0 -98.1 135 0 15.6 21.4 10.5 0.0 0 0 3 5 5
-6635.9 6437.0 -87.2 270 0 6.9 6.5 10.5 3.5 2 0 3 1 1
-6613.7 6448.2 -85.3 275 0 10.6 7.4 10.5 3.5 2 0 3 1 1
-6553.9 6413.7 -90.9 223 0 12.8 14.8 10.5 3.5 2 1 3 4 4
-6670.6 6468.6 -84.6 97 0 12.2 19.8 10.5 0.0 0 1 3 5 5
1948.8 1583.6 -101.0 74 0 12.2 23.1 17.5 3.5 2 1 5 0 0
2036.5 1591.8 -108.2 289 0 19.6 21.3 17.5 3.5 2 1 5 1 1
1992.0 1622.0 -104.0 285 0 14.5 10.6 17.5 3.5 2 0 5 0 0
2017.3 1723.3 -98.4 300 0 15.9 13.1 7.5 2.5 2 0 3 5 5
2031.1 2664.4 -72.7 85 0 14.6 9.9 5.0 2.5 2 0 2 0 0
1963.4 2810.1 -83.1 269 0 8.4 12.3 2.5 2.5 2 1 1 1 1
1924.8 2703.1 -75.6 291 0 8.1 16.8 7.5 2.5 2 1 3 5 5
1971.8 2745.0 -79.8 90 0 10.8 13.2 10.0 2.5 2 1 4 4 4
1939.4 1728.2 -94.9 103 0 16.5 10.2 5.0 2.5 2 0 2 3 3
1914.3 1509.4 -104.3 214 0 13.6 23.4 17.5 3.5 2 1 5 4 4
1903.7 1495.6 -104.4 220 0 9.1 23.8 10.5 3.5 2 1 3 2 2
-6687.1 4536.2 -91.5 71 0 6.2 9.2 5.0 2.5 2 1 2 0 0
-6637.4 4336.7 -77.4 166 0 13.5 5.2 2.5 2.5 2 0 1 4 4
-6555.4 4407.3 -78.2 85 0 9.5 13.7 2.5 2.5 4 1 1 5 5
-6215.6 4303.0 -98.3 2 0 7.2 5.9 5.0 2.5 2 0 2 1 1
-6298.8 4316.1 -91.0 277 0 10.9 13.1 7.5 2.5 2 1 3 0 0
-6128.8 4394.9 -110.8 65 0 14.4 18.8 12.5 2.5 4 1 5 5 5
-6204.9 4436.1 -107.1 86 0 25.6 16.3 12.5 0.0 0 0 5 2 2
-5938.7 4649.7 -107.7 114 0 23.9 12.4 10.0 2.5 2 0 4 2 2
-5918.6 4666.2 -107.3 9 0 13.8 20.8 12.5 2.5 2 0 5 0 0
-5916.1 4566.4 -106.8 85 0 15.3 18.1 5.0 2.5 4 1 2 5 5
-5571.1 4626.4 -90.6 92 0 8.3 11.3 5.0 2.5 2 1 2 2 2
-5565.6 4450.5 -99.7 90 0 10.9 10.5 7.5 2.5 2 0 3 4 4
-5454.9 4327.8 -98.4 196 0 15.1 10.3 7.5 2.5 2 0 3 5 5
-5478.1 4342.2 -100.1 360 0 8.5 7.7 5.0 2.5 2 0 2 0 0
-5501.0 4346.9 -100.4 193 0 11.0 4.7 5.0 2.5 2 0 2 4 4
-5438.4 4492.8 -96.1 279 0 9.1 17.6 2.5 2.5 4 1 1 1 1
-5354.8 4771.4 -91.6 115 0 12.5 16.2 2.5 2.5 2 1 1 2 2
-5108.4 4757.1 -88.0 108 0 17.8 18.0 10.0 0.0 0 1 4 0 0
-5261.9 5116.0 -97.4 89 0 9.5 13.5 7.5 2.5 2 1 3 0 0
-5116.0 5176.8 -97.7 196 0 10.8 11.7 5.0 2.5 4 1 2 4 4
-5134.2 5178.9 -97.4 202 0 14.9 14.4 10.0 0.0 0 0 4 3 3
-5144.8 5191.1 -96.4 10 0 15.0 8.7 2.5 2.5 2 0 1 0 0
-5161.7 5082.2 -98.8 179 0 12.0 13.5 5.0 2.5 4 1 2 4 4
-5047.5 5128.4 -100.5 183 0 17.1 10.3 2.5 2.5 2 0 1 0 0
-5048.7 5156.7 -99.7 179 0 14.7 11.7 5.0 2.5 2 0 2 1 1
-4989.5 5429.5 -91.1 40 0 22.1 19.3 10.0 2.5 2 0 4 1 1
-4976.0 5421.8 -92.0 206 0 15.2 14.2 5.0 2.5 2 0 2 2 2
-4834.8 5330.0 -90.1 74 0 18.4 12.1 5.0 2.5 2 0 2 4 4
-4783.3 5230.4 -92.5 171 0 13.2 12.2 5.0 2.5 2 0 2 2 2
-4743.3 5246.0 -92.8 269 0 17.6 15.1 10.0 2.5 2 0 4 5 5
-4734.4 5492.5 -98.9 237 0 11.5 10.8 7.5 2.5 4 0 3 3 3
-4697.8 5243.7 -90.1 70 0 14.2 15.4 5.0 2.5 2 1 2 0 0
-4532.5 5256.3 -95.8 92 0 14.9 14.4 7.5 2.5 2 0 3 5 5
-4574.1 5270.3 -95.3 100 0 12.2 17.4 5.0 2.5 2 1 2 3 3
-4618.1 5373.0 -98.0 227 0 16.5 13.4 10.0 2.5 2 0 4 2 2
-4642.9 5282.2 -92.4 178 0 13.7 17.9 7.5 2.5 2 1 3 1 1
-4541.4 5437.2 -103.8 36 0 11.4 14.0 7.5 0.0 0 1 3 0 0
-4374.8 5772.9 -83.1 194 0 14.2 15.9 2.5 2.5 2 1 1 2 2
-4346.2 5734.9 -83.3 101 0 13.3 18.0 7.5 2.5 2 1 3 4 4
-4311.4 5846.6 -91.8 166 0 10.0 13.3 7.5 2.5 2 1 3 2 2
-4378.7 6138.9 -93.4 175 0 11.0 9.9 5.0 2.5 4 0 2 2 2
-4283.2 6229.3 -100.1 90 0 11.3 14.6 5.0 2.5 2 1 2 3 3
-4245.4 6143.0 -103.4 8 0 16.3 14.2 5.0 2.5 2 0 2 5 5
-4382.9 6297.3 -92.5 8 0 13.6 14.7 2.5 2.5 2 1 1 2 2
-4300.3 6280.4 -98.4 272 0 10.9 30.5 15.0 0.0 0 0 6 3 3
-4359.9 6216.6 -94.1 184 0 9.8 6.9 7.5 2.5 2 0 3 2 2
-4249.9 6272.4 -102.2 286 0 24.9 32.7 10.0 0.0 0 1 4 4 4
-4150.2 6285.2 -104.5 78 0 10.7 9.1 7.5 2.5 2 0 3 0 0
-4245.2 6468.7 -106.5 87 0 21.1 18.7 15.0 0.0 0 0 6 1 1
-4276.0 6487.6 -104.1 270 0 13.0 13.6 5.0 2.5 4 1 2 2 2
-4294.5 6563.2 -106.4 359 0 23.8 16.9 7.5 2.5 2 0 3 0 0
-4313.3 6564.7 -104.8 0 0 14.8 16.5 12.5 2.5 4 1 5 2 2
-4339.0 6502.0 -100.3 95 0 10.5 15.4 5.0 2.5 4 1 2 1 1
-4305.0 6612.9 -108.4 307 0 9.9 9.5 5.0 2.5 2 0 2 4 4
-4462.8 6567.6 -96.3 94 0 12.6 19.8 7.5 2.5 4 1 3 0 0
-4453.5 6787.3 -104.9 81 0 32.8 8.2 7.5 2.5 2 0 3 0 0
-4636.4 6797.2 -101.8 270 0 15.3 25.2 7.5 2.5 2 1 3 4 4
-4622.1 6732.7 -102.5 83 0 6.4 14.5 5.0 2.5 2 1 2 1 1
-4733.1 6696.2 -98.3 73 0 14.6 11.6 10.0 2.5 4 0 4 2 2
-4731.4 6824.6 -94.7 248 0 30.0 13.5 10.0 0.0 0 0 4 4 4
-5620.0 5765.0 -103.5 246 0 11.7 12.9 7.5 2.5 2 1 3 5 5
-5632.8 5739.4 -101.7 181 0 12.5 16.8 7.5 2.5 2 1 3 5 5
-5586.8 5799.1 -106.0 262 1 12.6 18.9 10.0 2.5 2 1 4 4 4
-5643.4 5672.9 -96.0 180 0 12.3 9.2 7.5 2.5 2 0 3 4 4
-5587.9 5823.1 -107.6 47 0 6.2 5.1 10.5 3.5 2 0 3 5 5
-5525.7 5565.4 -87.0 92 0 17.3 13.0 7.5 2.5 2 0 3 2 2
-5545.4 5612.3 -91.2 95 0 8.7 14.8 7.5 2.5 2 1 3 1 1
-5556.3 5701.2 -98.6 179 0 13.2 12.0 10.0 2.5 2 0 4 3 3
-5521.0 5612.0 -91.8 91 0 10.8 18.9 7.5 2.5 2 1 3 4 4
-5510.7 5617.7 -91.3 175 0 9.4 13.1 5.0 2.5 2 1 2 0 0
-5485.3 5551.2 -86.1 88 0 20.0 13.3 10.0 2.5 4 0 4 5 5
-5452.3 5613.6 -90.7 3 0 17.6 17.0 10.0 2.5 2 0 4 5 5
-5449.4 5674.6 -94.3 81 0 12.9 7.6 5.0 2.5 2 0 2 1 1
-5410.0 5675.1 -93.2 358 0 10.6 12.8 5.0 2.5 2 1 2 3 3
-5391.4 5602.1 -88.3 91 0 17.9 12.4 7.5 2.5 2 0 3 5 5
-5374.8 5690.2 -93.7 0 0 14.8 23.7 10.0 2.5 2 1 4 0 0
-5311.1 5695.8 -91.2 273 0 15.4 18.4 10.0 2.5 2 1 4 0 0
-5320.7 5599.3 -85.8 88 0 12.5 10.4 7.5 2.5 2 0 3 1 1
-5275.0 5628.8 -86.7 7 0 9.7 24.8 2.5 2.5 2 1 1 4 4
-5457.0 5710.8 -96.6 270 0 19.6 11.9 5.0 2.5 2 0 2 4 4
-5423.7 5788.1 -99.6 262 0 11.0 17.7 7.5 2.5 2 1 3 4 4
-5459.7 5857.5 -103.9 164 0 11.6 18.6 5.0 2.5 2 1 2 5 5
-5387.1 5849.1 -100.7 170 0 8.2 5.9 7.5 2.5 2 0 3 4 4
-5348.2 5809.0 -97.5 170 0 8.8 27.6 5.0 2.5 2 1 2 5 5
-5271.5 5839.3 -96.4 335 0 19.6 17.3 12.5 2.5 2 0 5 3 3
-5308.1 5866.8 -98.9 359 0 15.9 14.7 7.5 2.5 2 0 3 4 4
-5316.7 6001.9 -104.0 237 0 15.3 11.5 10.0 2.5 2 0 4 5 5
-5354.0 5983.7 -104.7 255 0 7.4 11.2 7.5 2.5 2 1 3 0 0
-5130.2 5675.1 -82.5 115 0 11.2 21.8 2.5 2.5 2 1 1 4 4
-5124.2 5591.5 -85.7 183 0 12.3 17.0 5.0 2.5 2 1 2 0 0
-5066.5 5612.2 -86.9 296 0 15.0 14.5 5.0 2.5 2 0 2 4 4
-5013.0 5619.8 -87.5 106 0 14.5 21.4 12.5 2.5 2 1 5 3 3
-5054.7 5674.8 -84.4 299 0 10.9 14.9 2.5 2.5 2 1 1 5 5
-4966.2 5683.6 -85.8 265 0 14.8 16.6 12.5 2.5 4 1 5 4 4
-4939.1 5616.8 -88.9 84 0 14.8 12.1 5.0 2.5 2 0 2 4 4
-4835.7 5672.5 -89.5 259 0 14.3 11.8 7.5 2.5 2 0 3 3 3
-4804.2 5552.9 -94.7 98 0 9.6 12.5 5.0 2.5 2 1 2 2 2
-4749.6 5580.1 -94.7 85 0 14.8 14.7 5.0 2.5 4 0 2 2 2
-4689.4 5628.0 -97.4 104 0 10.4 17.1 5.0 2.5 2 1 2 1 1
-4648.9 5623.4 -98.0 102 0 13.5 16.1 7.5 2.5 2 1 3 4 4
-4688.2 5681.3 -96.9 278 0 8.7 12.6 5.0 2.5 2 0 2 2 2
-4748.1 5691.8 -94.2 180 0 9.5 12.5 7.5 2.5 2 1 3 1 1
-4766.3 5848.4 -92.1 179 0 10.5 16.2 5.0 2.5 2 1 2 2 2
-4698.8 5836.9 -92.0 6 0 15.3 16.0 5.0 0.0 0 1 2 1 1
-4762.9 5866.0 -91.8 174 0 12.0 24.9 7.5 2.5 2 1 3 2 2
-4790.0 5841.0 -90.1 351 0 14.5 11.8 5.0 2.5 2 0 2 1 1
-4829.6 5892.1 -88.2 176 0 16.6 11.7 2.5 2.5 4 0 1 3 3
-4889.7 5978.8 -88.1 355 0 13.4 11.8 5.0 2.5 2 0 2 2 2
-4821.0 5966.4 -88.0 180 0 11.3 12.8 5.0 2.5 2 1 2 5 5
-4827.9 6019.3 -90.1 94 0 5.6 29.0 5.0 2.5 2 1 2 0 0
-4849.9 5913.5 -86.3 2 0 17.4 15.0 15.0 0.0 0 0 6 5 5
-4866.2 5839.4 -86.3 98 0 12.1 12.7 7.5 2.5 2 1 3 1 1
-4928.6 5871.7 -82.7 89 0 11.7 12.5 7.5 2.5 2 1 3 3 3
-4913.4 5797.9 -84.1 90 0 8.9 12.8 2.5 0.0 0 1 1 5 5
-4915.1 5838.5 -83.6 85 0 7.1 17.5 5.0 2.5 2 1 2 3 3
-4928.5 5923.4 -82.8 353 0 12.6 15.9 2.5 2.5 4 1 1 2 2
-4727.2 6065.9 -84.3 357 0 15.8 16.4 5.0 2.5 2 1 2 0 0
-4828.1 6209.1 -87.5 261 0 17.1 13.6 2.5 2.5 4 0 1 2 2
-4843.5 6185.6 -88.8 262 0 14.6 11.3 5.0 2.5 2 0 2 4 4
-4865.0 6187.5 -90.2 263 0 14.9 16.7 5.0 0.0 0 1 2 4 4
-4851.7 6220.1 -88.7 265 0 14.5 12.0 7.5 2.5 2 0 3 0 0
-4874.9 6153.8 -91.1 270 0 11.5 14.2 7.5 2.5 2 1 3 2 2
-4923.8 6192.8 -93.4 267 0 17.7 11.5 5.0 0.0 0 0 2 5 5
-5067.8 6104.6 -101.2 1 0 11.0 18.6 5.0 2.5 2 1 2 3 3
-5120.7 6100.2 -102.2 268 0 18.9 14.6 15.0 0.0 0 0 6 4 4
-5093.1 6141.8 -102.8 269 0 15.2 17.0 10.0 2.5 2 1 4 1 1
-5141.1 6144.7 -104.3 272 0 10.6 22.3 5.0 0.0 0 1 2 3 3
-5138.4 6061.1 -101.8 83 0 13.2 15.4 5.0 2.5 2 1 2 3 3
-5169.6 6017.4 -98.4 83 0 13.3 17.8 10.0 2.5 2 1 4 1 1
-5229.9 6039.9 -101.0 175 0 18.8 14.6 15.0 0.0 0 0 6 4 4
-5254.8 6092.4 -105.9 210 0 17.6 17.1 10.0 2.5 2 0 4 1 1
-5212.5 6166.8 -107.5 280 0 19.5 20.2 10.0 2.5 2 1 4 4 4
-5173.2 6131.3 -104.9 277 0 12.0 10.9 2.5 2.5 2 0 1 1 1
-5118.9 6114.9 -102.7 268 0 21.9 9.5 7.5 2.5 2 0 3 3 3
-5047.1 5895.9 -84.0 82 0 16.0 20.4 10.0 0.0 0 1 4 5 5
-5043.0 5959.3 -89.0 172 0 15.4 16.5 12.5 2.5 4 1 5 4 4
-5014.9 6045.8 -96.4 260 0 17.1 15.3 10.0 2.5 2 0 4 5 5
-5038.5 6089.6 -99.2 267 0 18.1 14.9 10.0 2.5 2 0 4 1 1
-4930.0 6017.6 -92.1 273 0 16.3 12.7 2.5 2.5 4 0 1 4 4
-4976.3 6080.9 -96.8 258 0 9.7 9.2 2.5 2.5 2 0 1 2 2
-5015.4 5818.3 -79.0 102 0 9.7 37.5 7.5 2.5 2 1 3 2 2
-5001.4 5820.6 -79.0 13 0 10.7 5.4 2.5 2.5 2 0 1 2 2
-5082.4 5642.5 -85.0 102 0 9.5 17.2 5.0 2.5 2 1 2 2 2
-5059.7 5633.7 -85.8 90 0 9.1 11.0 5.0 2.5 2 1 2 0 0
-5136.9 5662.3 -83.2 117 0 17.2 11.4 10.0 2.5 2 0 4 0 0
-5205.9 5817.2 -92.0 175 0 10.0 8.1 5.0 2.5 2 0 2 3 3
-4692.6 6187.1 -79.2 264 0 10.5 12.0 7.5 2.5 2 1 3 3 3
-4677.7 6191.0 -78.2 262 0 7.9 11.2 5.0 2.5 4 1 2 4 4
-4686.1 6146.2 -79.5 74 0 14.6 12.9 5.0 2.5 4 0 2 1 1
-4717.2 6246.4 -79.8 264 0 13.5 13.1 7.5 2.5 2 0 3 4 4
-4742.1 6359.0 -84.0 266 0 12.6 17.9 7.5 2.5 2 1 3 3 3
-4687.9 6307.4 -80.6 350 0 16.3 8.5 7.5 0.0 0 0 3 5 5
-4721.3 6266.8 -80.4 84 0 17.7 19.2 10.0 2.5 2 1 4 1 1
-4809.5 6351.3 -85.5 174 0 12.9 19.9 10.0 2.5 2 1 4 1 1
-4773.0 6399.1 -87.1 0 0 13.8 16.0 5.0 2.5 2 1 2 3 3
-4786.9 6432.5 -89.0 331 0 15.2 25.8 10.0 2.5 2 1 4 0 0
-4820.2 6506.1 -91.2 206 0 27.2 11.8 12.5 2.5 2 0 5 1 1
-4777.5 6475.1 -87.8 91 0 9.9 20.7 5.0 2.5 2 1 2 0 0
-4768.3 6550.1 -92.4 261 0 17.4 18.1 10.0 2.5 2 1 4 3 3
-4863.3 6414.1 -90.2 5 0 16.0 23.9 12.5 2.5 2 1 5 2 2
-4862.0 6428.4 -90.7 8 0 11.0 22.2 7.5 2.5 2 1 3 4 4
-4859.5 6443.6 -91.3 15 0 15.0 17.9 12.5 2.5 2 1 5 5 5
-4917.0 6468.0 -93.2 182 0 13.4 15.7 10.0 2.5 2 1 4 3 3
-4882.5 6524.0 -94.8 185 0 14.2 16.6 7.5 2.5 2 1 3 5 5
-4895.2 6575.4 -95.9 257 0 15.3 18.7 12.5 2.5 2 1 5 0 0
-4953.7 6551.4 -95.0 249 0 15.6 10.0 7.5 2.5 2 0 3 1 1
-4917.4 6648.9 -91.8 266 0 8.9 14.9 5.0 2.5 2 1 2 0 0
4257.0 -6412.5 -117.6 90 0 10.2 13.2 7.5 2.5 2 1 3 3 3
4287.2 -6303.7 -105.7 194 0 17.7 9.6 2.5 2.5 2 0 1 0 0
4610.2 -6345.1 -108.3 304 0 12.8 17.3 7.5 2.5 2 1 3 5 5
4561.1 -6235.1 -103.0 124 0 13.8 13.9 2.5 2.5 2 1 1 1 1
4699.6 -6367.6 -114.6 91 0 11.8 11.6 5.0 2.5 2 0 2 0 0
4694.1 -6417.8 -114.6 87 0 13.7 13.0 7.5 2.5 2 0 3 1 1
4771.8 -6385.9 -121.1 87 0 11.1 9.4 7.5 2.5 2 0 3 4 4
4725.0 -6352.1 -116.5 275 0 6.2 10.2 5.0 2.5 2 1 2 4 4
4631.8 -5984.2 -101.5 90 0 12.5 18.3 5.0 2.5 2 1 2 3 3
4497.7 -6096.1 -97.6 90 0 13.1 10.8 2.5 2.5 2 0 1 3 3
4517.5 -5379.3 -119.5 191 0 9.8 13.5 2.5 0.0 0 1 1 2 2
4538.0 -5359.6 -122.1 285 0 11.3 11.3 7.5 2.5 2 0 3 1 1
5003.0 -5399.6 -109.5 317 0 15.9 32.4 12.5 2.5 2 1 5 3 3
4966.6 -5492.7 -116.9 280 0 10.2 16.0 5.0 0.0 0 1 2 5 5
4893.2 -6028.3 -122.7 202 0 12.6 6.2 7.5 2.5 2 0 3 4 4
4911.8 -5981.2 -122.9 180 0 9.2 9.0 5.0 2.5 2 0 2 1 1
4823.5 -6028.9 -117.6 270 0 10.9 13.6 10.0 2.5 2 1 4 5 5
4859.3 -6113.0 -123.2 196 0 10.8 7.6 5.0 0.0 0 0 2 2 2
4896.9 -6055.2 -124.3 180 0 12.9 8.3 7.5 2.5 2 0 3 0 0
2103.8 2266.2 -50.2 262 0 11.2 53.0 17.5 3.5 2 1 5 2 2
725.7 -5629.5 -30.9 90 0 9.2 10.7 5.0 2.5 2 1 2 2 2
729.8 -5597.2 -31.1 268 0 8.9 11.7 7.5 0.0 0 1 3 4 4
2323.5 2079.0 -77.7 267 0 20.5 13.9 14.0 3.5 4 0 4 4 4
-6446.3 5918.8 -101.3 1 0 14.2 18.9 10.5 3.5 2 1 3 4 4
-6454.3 5520.6 -99.7 185 0 22.7 11.6 10.5 3.5 2 0 3 0 0
-6332.2 6082.2 -96.2 98 0 16.0 44.4 14.0 3.5 2 1 4 5 5
2336.8 2121.3 -79.1 96 0 17.4 27.4 14.0 3.5 2 1 4 0 0
2318.2 2044.2 -78.9 181 0 16.2 20.3 14.0 3.5 2 1 4 0 0
2333.5 2067.1 -79.6 272 0 25.2 12.4 14.0 3.5 2 0 4 5 5
2384.6 2304.1 -80.2 84 0 18.0 11.9 14.0 3.5 2 0 4 2 2
2403.9 2285.3 -83.4 96 0 8.3 26.6 10.5 3.5 2 1 3 3 3
2349.9 2095.4 -80.8 180 0 14.1 8.5 10.5 3.5 2 0 3 3 3
2426.0 2077.3 -91.7 296 0 10.9 19.6 14.0 3.5 2 1 4 5 5
2470.9 1684.3 -78.7 294 0 13.8 25.0 17.5 3.5 2 1 5 3 3
2481.2 1680.4 -79.1 293 0 7.7 9.3 10.5 3.5 2 1 3 5 5
2369.4 2269.5 -79.3 96 0 18.8 10.2 14.0 3.5 2 0 4 3 3
2189.1 2272.0 -55.8 350 0 20.2 24.6 17.5 3.5 2 1 5 2 2
2346.8 2505.8 -72.1 21 0 9.3 9.8 10.5 3.5 2 1 3 3 3
2250.2 2335.2 -62.0 90 0 10.4 31.4 14.0 3.5 2 1 4 5 5
2227.3 2428.2 -62.9 269 0 5.8 8.9 10.5 3.5 2 1 3 1 1
2239.9 2431.5 -64.0 276 0 9.6 15.3 10.5 3.5 2 1 3 5 5
2397.8 2376.5 -80.3 2 0 9.9 29.5 10.5 3.5 2 1 3 1 1
2375.0 2286.1 -79.0 87 0 8.2 5.0 10.5 3.5 2 0 3 5 5
2339.0 2251.1 -74.0 14 0 13.6 8.7 10.5 3.5 2 0 3 4 4
2023.6 1987.1 -71.1 168 0 8.7 32.6 10.5 3.5 2 1 3 4 4
-5989.8 6421.2 -91.1 22 0 13.7 28.5 14.0 3.5 2 1 4 0 0
1364.8 1002.8 -125.4 261 0 43.0 36.1 14.0 0.0 0 0 4 1 1
-6676.4 6184.3 -107.4 67 0 10.0 33.7 10.5 3.5 2 1 3 0 0
1085.7 2964.1 -84.5 204 0 16.6 20.1 14.0 3.5 2 1 4 4 4
1241.8 634.0 -123.2 2 0 46.1 51.0 10.5 0.0 0 0 3 4 4
2035.5 1488.3 -110.6 97 0 18.4 59.1 17.5 0.0 0 1 5 2 2
2032.1 1471.2 -110.6 79 0 46.9 9.5 10.5 3.5 2 0 3 5 5
3820.6 347.7 -103.2 280 0 16.8 17.0 14.0 3.5 2 1 4 5 5
2001.4 1430.1 -112.5 275 0 22.8 42.4 17.5 0.0 0 1 5 3 3
1670.4 722.3 -124.8 278 0 18.2 29.1 10.5 3.5 2 1 3 3 3
4170.0 382.8 -97.9 61 0 12.2 22.8 10.0 2.5 2 1 4 2 2
6774.5 2960.7 -34.1 277 0 14.5 29.1 7.5 0.0 0 1 3 3 3
1165.0 5285.0 -34.8 168 0 16.0 17.3 10.0 2.5 2 1 4 1 1
4124.3 462.2 -100.3 227 0 15.3 36.2 10.0 0.0 0 1 4 4 4
-369.4 1706.6 -119.5 210 0 24.9 35.3 12.5 0.0 0 1 5 5 5
-6714.2 -5216.2 -81.0 253 0 6.8 11.7 7.5 2.5 2 1 3 4 4
-6664.0 -5289.6 -76.4 345 0 5.9 8.6 5.0 2.5 2 1 2 2 2
-6714.2 -5245.4 -79.4 131 0 4.0 10.6 5.0 2.5 2 1 2 0 0
-6730.0 -5141.8 -87.6 299 0 4.7 6.2 5.0 2.5 2 1 2 1 1
-93.7 -5552.1 -111.1 262 0 15.5 9.2 2.5 2.5 2 0 1 2 2
-63.2 -5543.6 -109.7 95 0 10.3 16.4 7.5 2.5 4 1 3 3 3
-62.7 -5436.7 -111.6 2 0 9.6 11.0 5.0 2.5 2 1 2 2 2
-76.4 -5452.5 -111.8 180 0 11.5 15.0 7.5 2.5 2 1 3 0 0
-53.7 -5334.4 -109.7 356 0 34.9 11.3 10.0 2.5 2 0 4 4 4
-77.1 -5336.5 -113.3 5 0 9.9 18.7 7.5 2.5 2 1 3 4 4
138.2 -5350.3 -78.6 266 0 13.2 11.1 5.0 2.5 2 0 2 4 4
46.6 -5316.9 -97.2 352 0 16.4 13.9 5.0 2.5 2 0 2 4 4
21.2 -5282.4 -99.9 352 0 12.6 16.6 2.5 2.5 2 1 1 4 4
-35.6 -5544.4 -105.8 176 0 16.0 11.2 5.0 2.5 2 0 2 3 3
-54.8 -5639.5 -107.1 194 0 17.5 6.4 5.0 2.5 2 0 2 2 2
-32.9 -5698.8 -100.7 179 0 18.4 18.8 7.5 2.5 4 1 3 2 2
-2.6 -5669.0 -97.4 5 0 17.8 14.4 12.5 2.5 4 0 5 3 3
13.1 -5735.2 -99.6 349 0 24.1 22.6 15.0 0.0 0 0 6 2 2
-55.2 -5714.4 -105.6 178 0 9.1 9.5 5.0 2.5 2 1 2 1 1
-27.9 -5869.8 -111.6 333 0 24.4 14.3 12.5 2.5 2 0 5 1 1
-1.1 -5877.9 -108.4 178 0 16.9 13.6 7.5 2.5 2 0 3 0 0
53.5 -5924.5 -105.7 354 0 5.8 12.5 7.5 2.5 2 1 3 5 5
44.9 -6008.8 -114.9 337 0 11.1 18.3 15.0 0.0 0 1 6 5 5
29.8 -5989.9 -114.6 337 0 10.2 15.1 5.0 2.5 2 1 2 1 1
58.4 -5993.6 -110.7 173 0 21.6 17.2 10.0 2.5 2 0 4 3 3
-7.4 -5895.7 -111.9 336 0 14.4 19.1 10.0 2.5 2 1 4 4 4
-28.9 -5944.1 -115.7 83 0 19.8 17.2 10.0 0.0 0 0 4 2 2
107.3 -6073.2 -115.4 349 0 6.8 21.4 5.0 2.5 2 1 2 4 4
116.3 -6159.7 -122.4 352 0 7.8 14.7 7.5 2.5 2 1 3 4 4
180.8 -6069.9 -109.5 106 0 14.4 20.5 10.0 2.5 4 1 4 2 2
254.2 -6042.6 -99.6 184 0 12.6 18.9 7.5 2.5 2 1 3 0 0
262.4 -6196.1 -119.6 25 0 14.8 14.7 5.0 2.5 2 0 2 2 2
-4780.7 6589.9 -96.5 86 0 11.8 9.5 5.0 2.5 4 0 2 2 2
-4837.0 6608.8 -95.4 130 0 18.0 7.4 5.0 2.5 2 0 2 1 1
-4887.8 6750.2 -87.2 224 0 14.6 12.2 10.0 2.5 2 0 4 0 0
-4827.7 6728.1 -92.8 332 0 18.5 13.8 17.5 0.0 0 0 7 2 2
-4780.2 6697.8 -97.3 350 0 13.1 14.9 5.0 2.5 2 1 2 2 2
-4724.3 6667.9 -99.1 252 0 10.3 17.7 2.5 2.5 2 1 1 3 3
-4716.7 6686.7 -99.3 256 0 12.0 14.1 5.0 2.5 4 1 2 3 3
-4670.9 6765.2 -100.5 91 0 17.3 19.5 7.5 2.5 2 1 3 1 1
-4675.6 6709.9 -101.1 261 0 11.2 33.2 10.0 2.5 2 1 4 1 1
-4700.9 6686.7 -99.8 265 0 10.8 10.5 2.5 2.5 4 0 1 2 2
-4693.3 6703.8 -99.9 264 0 9.8 10.0 2.5 0.0 0 1 1 2 2
-4774.3 6664.8 -97.1 265 0 8.3 16.6 2.5 2.5 2 1 1 4 4
-4790.9 6653.8 -96.7 270 0 12.8 7.8 2.5 2.5 2 0 1 0 0
-4832.2 6814.3 -87.2 268 0 11.5 12.8 7.5 2.5 2 1 3 1 1
-4630.2 6628.0 -101.5 272 0 11.9 11.9 5.0 2.5 2 0 2 5 5
-4743.9 6830.9 -91.9 338 0 7.8 13.9 5.0 2.5 2 1 2 2 2
-4663.8 6801.3 -100.6 272 0 9.0 12.6 5.0 2.5 2 1 2 1 1
-4612.2 6819.5 -102.2 276 0 10.7 19.2 10.0 2.5 2 1 4 0 0
-4765.2 6823.0 -91.4 244 0 8.7 8.6 5.0 2.5 2 0 2 1 1
-4942.6 6693.6 -86.0 85 0 17.9 15.5 12.5 2.5 2 0 5 4 4
-5017.6 6609.5 -88.2 160 0 14.4 22.7 12.5 0.0 0 1 5 4 4
-4980.7 6569.3 -92.4 70 0 19.8 24.7 12.5 0.0 0 1 5 1 1
-4951.4 6589.3 -92.8 66 0 26.3 18.8 10.0 0.0 0 0 4 0 0
-5003.6 6642.7 -86.6 166 0 8.6 20.4 7.5 2.5 2 1 3 4 4
-4984.5 6686.2 -83.3 344 0 14.6 23.1 10.0 0.0 0 1 4 0 0
-5028.7 6787.4 -72.8 0 0 10.8 8.8 5.0 2.5 2 0 2 4 4
-4973.6 6818.7 -76.0 306 0 18.4 10.9 2.5 2.5 2 0 1 4 4
-3863.8 6353.7 -105.9 281 0 16.2 18.4 12.5 2.5 2 1 5 1 1
-3807.1 6296.0 -112.7 88 0 14.8 16.3 7.5 2.5 2 1 3 0 0
-3944.7 6291.1 -109.4 106 0 8.3 18.9 7.5 2.5 4 1 3 3 3
-4005.4 6303.1 -107.9 77 0 11.1 29.6 12.5 0.0 0 1 5 0 0
-3953.1 6344.3 -106.1 270 0 7.9 15.1 5.0 2.5 2 1 2 2 2
-3775.2 6291.7 -114.9 93 0 28.5 26.7 17.5 0.0 0 0 7 1 1
-3903.3 6338.6 -106.7 270 0 11.2 12.7 5.0 2.5 2 1 2 2 2
-3765.0 6237.2 -115.6 106 0 13.9 52.3 10.0 2.5 2 1 4 4 4
-3848.0 6391.3 -104.1 202 0 14.4 11.7 5.0 2.5 2 0 2 3 3
-3656.5 6433.9 -114.5 78 0 17.0 7.6 7.5 2.5 2 0 3 5 5
-3717.5 6227.1 -116.3 109 0 15.0 14.5 5.0 2.5 2 0 2 3 3
-3791.4 6182.6 -116.4 190 0 20.3 9.9 5.0 0.0 0 0 2 4 4
-3672.6 6191.3 -116.3 282 0 16.2 12.9 2.5 2.5 2 0 1 1 1
-3604.3 6270.2 -111.0 259 0 13.6 12.1 7.5 2.5 4 0 3 3 3
-3661.9 6256.7 -114.7 175 0 12.4 16.2 5.0 2.5 2 1 2 2 2
-3554.5 6193.5 -107.7 68 0 11.3 13.4 2.5 2.5 2 1 1 0 0
-3627.2 6167.5 -113.6 290 0 13.7 10.5 5.0 2.5 2 0 2 5 5
-3561.0 6281.7 -107.7 256 0 15.5 18.6 12.5 2.5 2 1 5 5 5
-3483.9 6179.5 -101.3 80 0 16.4 17.3 15.0 0.0 0 1 6 0 0
-3512.5 6362.8 -110.2 155 0 27.2 9.8 7.5 2.5 2 0 3 3 3
-3471.9 6278.8 -103.3 53 0 17.2 11.5 5.0 2.5 2 0 2 3 3
-3434.7 6252.2 -101.2 262 0 26.6 14.9 10.0 2.5 2 0 4 3 3
-3591.7 6106.5 -110.9 173 0 11.4 9.4 5.0 2.5 2 0 2 2 2
-3514.1 6093.5 -105.2 349 0 13.7 26.9 12.5 2.5 2 1 5 0 0
-3400.3 6173.3 -96.1 73 0 12.9 16.4 5.0 2.5 2 1 2 1 1
-3435.5 6323.6 -105.0 335 0 7.8 13.6 5.0 2.5 2 1 2 2 2
-3333.3 6290.7 -106.7 102 0 13.9 19.7 15.0 0.0 0 1 6 5 5
-3460.6 6012.2 -99.1 324 0 11.2 15.6 7.5 2.5 2 1 3 5 5
-3474.7 6028.6 -101.4 333 0 10.1 21.8 7.5 2.5 2 1 3 0 0
-3501.3 6066.4 -102.3 350 0 15.5 11.5 5.0 0.0 0 0 2 2 2
-3420.5 5954.8 -99.3 196 0 16.7 11.6 7.5 2.5 2 0 3 0 0
-3453.5 5907.7 -104.6 220 0 15.0 13.0 2.5 2.5 2 0 1 5 5
-3437.0 5995.0 -98.3 328 0 12.5 11.3 7.5 2.5 2 0 3 1 1
-3303.8 5767.8 -103.2 5 0 16.4 11.2 2.5 0.0 0 0 1 5 5
-3346.8 5958.9 -93.7 110 0 8.8 12.7 5.0 2.5 2 1 2 0 0
-3803.7 6109.5 -116.1 11 0 14.6 16.6 5.0 2.5 4 1 2 2 2
-3839.6 6088.5 -115.3 325 0 9.9 12.9 2.5 0.0 0 1 1 1 1
-3838.2 6006.1 -110.4 190 0 8.5 12.4 7.5 2.5 2 1 3 4 4
-3838.5 6068.9 -115.3 352 0 11.7 14.4 5.0 2.5 2 1 2 2 2
-3825.7 6055.5 -116.2 172 0 16.7 15.9 5.0 2.5 2 0 2 2 2
-3924.3 5919.2 -99.1 283 0 13.1 13.5 5.0 2.5 2 1 2 3 3
-3811.7 5927.7 -106.1 173 0 22.1 16.0 10.0 2.5 2 0 4 5 5
-3764.1 5955.0 -109.7 270 0 13.2 10.2 10.0 2.5 2 0 4 5 5
-3892.3 5995.6 -110.0 201 0 14.9 12.8 5.0 2.5 2 0 2 4 4
-3867.7 5993.1 -108.9 279 0 15.1 23.9 10.0 2.5 2 1 4 5 5
-3820.6 5863.8 -105.0 349 0 14.1 21.4 12.5 2.5 2 1 5 0 0
-3668.5 5787.1 -116.3 67 0 14.9 18.9 12.5 2.5 2 1 5 5 5
-3849.3 5729.1 -109.6 196 0 16.1 13.7 5.0 2.5 2 0 2 5 5
-3705.9 5842.7 -112.4 174 0 9.5 9.9 7.5 2.5 2 1 3 2 2
-3680.7 5861.5 -113.2 255 0 7.3 15.1 7.5 2.5 2 1 3 0 0
-3731.1 5751.3 -115.0 271 0 12.4 11.9 2.5 2.5 2 0 1 3 3
5520.9 -509.9 -99.7 263 0 11.5 15.1 5.0 2.5 2 1 2 0 0
5561.6 -558.1 -98.6 1 0 10.7 8.4 5.0 2.5 2 0 2 5 5
5622.8 -609.5 -99.0 356 0 11.4 14.7 7.5 2.5 2 1 3 4 4
5622.7 -643.2 -97.3 89 0 14.1 12.4 2.5 2.5 2 0 1 2 2
5728.8 -693.0 -99.5 99 0 11.7 12.0 7.5 2.5 4 1 3 1 1
5770.3 -719.0 -97.0 73 0 14.1 15.3 5.0 2.5 2 1 2 4 4
5808.2 -721.9 -96.2 88 0 14.3 16.3 10.0 2.5 2 0 4 5 5
5910.7 -755.8 -89.7 198 0 13.0 15.9 5.0 2.5 2 1 2 5 5
5963.6 -728.7 -90.3 96 0 12.9 10.6 7.5 2.5 2 0 3 0 0
5977.5 -680.7 -92.4 265 0 19.9 21.0 12.5 2.5 2 1 5 5 5
6022.8 -703.2 -89.4 97 0 15.6 14.7 2.5 2.5 2 0 1 5 5
6072.2 -662.5 -87.8 273 0 15.9 14.5 5.0 2.5 2 0 2 0 0
6035.7 -414.3 -102.6 102 0 13.4 16.1 10.0 2.5 2 1 4 1 1
6087.2 -307.5 -95.3 346 0 9.9 10.0 2.5 2.5 2 1 1 1 1
6057.5 -285.9 -94.0 289 0 18.0 14.0 5.0 0.0 0 0 2 4 4
6031.7 -179.8 -91.3 29 0 13.1 15.4 7.5 2.5 2 1 3 3 3
6051.4 -216.4 -92.6 358 0 12.6 18.6 10.0 2.5 2 1 4 1 1
5929.7 -284.2 -97.1 95 0 16.9 13.6 5.0 2.5 2 0 2 5 5
5985.8 -210.2 -90.4 84 0 22.5 20.5 10.0 2.5 2 0 4 1 1
5954.6 -123.6 -87.8 184 0 13.4 12.0 7.5 0.0 0 0 3 2 2
5978.5 -10.9 -90.2 22 0 13.6 14.0 2.5 2.5 2 1 1 3 3
6020.9 96.8 -97.4 194 0 17.2 21.9 7.5 2.5 2 1 3 1 1
6089.8 146.5 -99.9 9 0 14.6 10.8 7.5 2.5 2 0 3 3 3
6031.4 199.1 -106.7 276 0 14.5 16.8 5.0 2.5 2 1 2 1 1
6119.3 196.7 -104.4 20 0 20.0 21.2 10.0 2.5 2 1 4 5 5
6140.4 277.6 -110.4 355 0 16.9 15.7 10.0 2.5 2 0 4 3 3
6175.0 157.0 -103.3 280 0 33.5 12.6 15.0 0.0 0 0 6 2 2
5940.2 -54.6 -87.5 242 0 16.7 13.7 5.0 2.5 2 0 2 1 1
5892.3 182.7 -112.1 348 0 14.2 18.3 7.5 2.5 2 1 3 1 1
5941.0 269.9 -116.9 176 0 12.7 10.6 10.0 0.0 0 0 4 5 5
5698.2 119.6 -113.6 183 0 12.1 17.6 10.0 2.5 2 1 4 0 0
5708.8 89.5 -110.6 181 0 18.6 17.7 10.0 2.5 2 0 4 4 4
5855.8 183.8 -113.3 76 0 8.9 8.1 7.5 0.0 0 0 3 5 5
5811.8 195.7 -116.0 182 0 13.9 13.7 2.5 0.0 0 0 1 5 5
5739.1 -162.8 -106.0 14 0 12.0 17.2 7.5 2.5 2 1 3 1 1
5691.4 -171.8 -109.6 180 0 10.2 15.7 2.5 2.5 2 1 1 0 0
5706.0 -54.4 -106.0 173 0 22.1 24.5 12.5 0.0 0 1 5 3 3
5807.0 -89.0 -94.9 86 0 11.2 11.6 5.0 2.5 2 1 2 0 0
5746.3 -313.6 -109.8 109 0 9.9 10.9 5.0 2.5 2 1 2 3 3
5640.8 -353.6 -107.4 23 0 11.4 30.2 10.0 2.5 2 1 4 4 4
5568.6 -291.6 -111.6 108 0 16.8 25.8 7.5 2.5 2 1 3 4 4
5714.7 -391.9 -105.8 215 0 10.9 15.8 7.5 2.5 4 1 3 1 1
5750.9 -389.7 -106.0 178 0 11.4 27.8 7.5 2.5 2 1 3 5 5
5747.5 -412.9 -105.8 179 0 11.0 21.8 7.5 2.5 2 1 3 1 1
5783.1 -411.2 -105.9 85 0 19.1 11.2 2.5 0.0 0 0 1 0 0
5770.8 -438.7 -105.7 78 0 20.1 14.3 12.5 2.5 4 0 5 3 3
5802.4 -333.6 -107.1 287 0 15.0 15.0 5.0 2.5 2 1 2 5 5
5835.7 -369.6 -105.9 357 0 15.0 11.0 7.5 2.5 2 0 3 2 2
5796.5 -580.2 -103.5 88 0 11.9 12.1 2.5 2.5 2 1 1 4 4
5764.0 -466.8 -105.2 355 0 7.6 14.0 5.0 2.5 4 1 2 3 3
5999.8 626.2 -103.5 277 0 16.8 23.1 12.5 2.5 2 1 5 5 5
6083.3 521.4 -106.4 85 0 22.1 11.8 7.5 2.5 2 0 3 4 4
6019.2 515.2 -107.2 1 0 11.0 12.0 5.0 2.5 2 1 2 1 1
5995.3 481.2 -108.4 87 0 14.1 13.9 5.0 2.5 2 0 2 5 5
6146.2 577.5 -104.2 282 0 25.9 9.8 5.0 2.5 2 0 2 2 2
6228.5 548.8 -103.5 13 0 12.0 12.4 5.0 2.5 2 1 2 3 3
6185.0 449.6 -108.8 104 0 10.2 11.4 7.5 2.5 2 1 3 4 4
6243.8 524.8 -102.5 355 0 12.1 6.7 5.0 2.5 2 0 2 5 5
6279.3 473.3 -101.8 228 0 8.3 14.8 7.5 2.5 2 1 3 1 1
6285.5 509.0 -96.8 97 0 10.2 21.0 5.0 0.0 0 1 2 2 2
6212.4 427.5 -109.5 94 0 12.4 9.6 2.5 2.5 2 0 1 1 1
6329.4 435.9 -104.7 275 0 14.1 14.8 5.0 2.5 2 1 2 2 2
6386.7 413.1 -104.9 189 0 14.4 14.2 2.5 2.5 2 0 1 5 5
6429.8 387.6 -106.0 107 0 13.0 13.0 7.5 2.5 2 0 3 3 3
6554.3 273.0 -93.1 115 0 13.0 12.1 2.5 2.5 2 0 1 3 3
6573.4 266.1 -89.0 117 0 12.1 11.6 7.5 2.5 2 0 3 5 5
6567.8 312.2 -98.8 185 0 20.6 12.9 5.0 2.5 2 0 2 3 3
6609.3 320.2 -100.3 5 0 9.8 16.3 5.0 2.5 2 1 2 4 4
6616.6 527.5 -96.1 292 0 12.3 22.7 15.0 0.0 0 1 6 2 2
6477.0 502.2 -93.5 181 0 12.7 9.4 2.5 2.5 4 0 1 4 4
6540.3 616.1 -80.9 91 0 10.9 14.1 5.0 2.5 4 1 2 3 3
6691.6 820.8 -27.4 86 0 12.0 7.2 5.0 2.5 4 0 2 2 2
6704.0 820.9 -27.2 92 0 5.9 7.3 7.5 2.5 2 1 3 0 0
6734.9 824.8 -27.2 90 0 10.1 6.8 2.5 2.5 2 0 1 1 1
6738.1 849.4 -25.1 86 0 9.6 7.8 7.5 2.5 2 0 3 0 0
6734.6 836.5 -26.1 92 0 6.7 6.9 2.5 2.5 2 1 1 2 2
6755.9 829.1 -27.7 107 0 7.9 12.7 2.5 2.5 2 1 1 3 3
6750.0 840.6 -26.2 88 0 10.1 11.6 7.5 2.5 2 0 3 3 3
6781.4 870.4 -24.8 354 0 9.3 9.8 5.0 2.5 2 0 2 2 2
6791.8 876.3 -25.0 297 0 8.1 13.9 7.5 2.5 2 0 3 1 1
6794.1 833.6 -28.9 90 0 10.0 12.7 5.0 2.5 2 0 2 5 5
6835.6 931.0 -20.6 87 0 11.1 21.1 2.5 0.0 0 1 1 3 3
5573.5 6689.1 -108.0 203 0 15.7 28.2 10.0 2.5 2 1 4 0 0
5624.1 6690.6 -103.6 292 0 21.2 8.6 8.0 2.5 2 0 2 1 1
5591.6 6609.8 -112.1 182 0 32.3 10.9 10.0 2.5 2 0 4 3 3
5702.2 6455.0 -113.7 5 0 16.4 15.5 15.0 0.0 0 0 6 2 2
5691.6 6413.9 -114.8 105 0 11.5 11.0 7.5 2.5 2 0 3 5 5
5702.0 6342.1 -118.4 97 0 6.2 9.7 7.5 2.5 4 1 3 0 0
5451.1 6405.4 -115.1 81 0 11.6 6.1 5.0 2.5 2 0 2 2 2
5361.6 6477.3 -116.9 108 0 6.9 7.7 5.0 2.5 2 1 2 5 5
5342.8 6518.4 -116.5 244 0 8.1 20.4 5.0 2.5 2 1 2 3 3
3891.8 -5217.9 -72.8 185 0 14.4 14.4 5.0 2.5 2 1 2 5 5
3883.1 -5199.6 -72.5 177 0 17.7 15.8 7.5 2.5 2 0 3 1 1
3894.0 -5012.4 -72.9 89 0 14.3 14.7 5.0 2.5 2 1 2 3 3
4026.9 -5218.6 -77.5 357 0 16.6 18.1 7.5 2.5 2 1 3 3 3
5350.4 6601.1 -114.5 89 0 13.9 32.6 10.0 0.0 0 1 4 4 4
5094.0 6512.6 -112.0 114 0 17.3 21.8 10.0 2.5 2 1 4 3 3
4160.9 6366.3 -93.2 18 0 11.2 17.0 7.5 2.5 2 1 3 5 5
1003.6 -5810.0 -77.1 57 0 12.1 16.9 10.5 3.5 2 1 3 1 1
788.7 -6064.1 -97.5 92 0 8.7 16.9 7.5 2.5 2 1 3 0 0
871.3 -6119.4 -107.6 88 0 17.3 18.5 10.0 2.5 2 1 4 2 2
836.6 -6318.8 -122.3 348 0 14.5 15.4 5.0 2.5 2 1 2 2 2
851.8 -6265.9 -120.2 253 0 10.2 12.4 2.5 2.5 2 1 1 4 4
779.9 -6323.5 -122.1 183 0 14.0 16.2 2.5 2.5 2 1 1 1 1
786.9 -6367.4 -123.6 183 0 15.0 12.2 2.5 2.5 2 0 1 3 3
787.5 -6392.9 -125.3 181 0 10.1 13.8 2.5 2.5 2 1 1 0 0
772.6 -6296.1 -120.9 172 0 7.9 12.0 7.5 2.5 2 1 3 4 4
824.4 -6267.3 -118.5 349 0 7.2 9.0 7.5 2.5 2 1 3 2 2
947.5 -6286.4 -122.7 83 0 9.9 13.2 5.0 2.5 4 1 2 2 2
927.1 -6288.2 -122.4 81 0 16.8 13.4 10.0 2.5 2 0 4 5 5
925.3 -6175.4 -116.6 180 0 12.6 14.8 5.0 2.5 2 1 2 2 2
1009.8 -6124.0 -115.6 276 0 7.9 15.1 5.0 0.0 0 1 2 3 3
964.1 -6073.1 -109.5 272 0 14.2 9.0 5.0 2.5 2 0 2 3 3
1083.5 -6094.5 -115.2 351 0 13.3 8.8 7.5 2.5 2 0 3 3 3
1090.6 -6139.3 -117.4 84 0 6.5 8.6 5.0 2.5 2 1 2 3 3
1229.6 -6137.9 -119.0 96 0 14.2 15.2 10.0 0.0 0 1 4 3 3
1217.9 -6104.4 -117.3 177 0 19.4 25.1 10.0 2.5 2 1 4 2 2
1204.2 -6090.3 -116.1 185 0 11.2 9.7 7.5 2.5 2 0 3 0 0
1252.6 -6149.2 -119.6 97 0 12.3 13.4 5.0 2.5 2 1 2 2 2
1297.3 -6171.8 -121.8 353 0 18.9 12.9 2.5 2.5 2 0 1 3 3
1252.5 -6266.1 -127.1 87 0 12.0 17.6 5.0 2.5 2 1 2 5 5
1265.4 -6098.1 -116.1 7 0 8.8 12.5 2.5 2.5 2 1 1 1 1
363.0 -6195.3 -114.0 133 0 9.8 14.9 2.5 2.5 2 1 1 2 2
6799.6 1022.2 -12.7 41 0 19.8 25.7 10.0 2.5 2 1 4 5 5
6763.5 1064.4 -8.6 160 0 14.4 7.9 5.0 2.5 2 0 2 0 0
6793.7 996.1 -14.3 82 0 14.1 14.0 5.0 2.5 2 0 2 2 2
6720.5 1099.0 -5.2 268 0 14.6 11.3 7.5 2.5 4 0 3 3 3
6682.3 1202.7 1.9 252 0 17.6 8.3 2.5 0.0 0 0 1 3 3
6658.8 1250.7 -0.1 267 0 11.4 10.0 7.5 2.5 2 0 3 1 1
6665.4 1136.5 -1.2 222 0 11.9 19.3 7.5 2.5 4 1 3 4 4
6583.7 1373.3 -10.6 87 0 11.1 12.1 7.5 2.5 2 1 3 1 1
6504.5 1393.2 -11.2 177 0 16.4 23.6 10.0 2.5 2 1 4 4 4
6511.1 1342.5 -7.8 179 0 30.2 22.3 10.0 0.0 0 0 4 1 1
6362.1 1359.4 -3.8 98 0 23.9 15.6 10.0 0.0 0 0 4 5 5
792.5 -6009.3 -89.4 292 0 5.1 16.1 2.5 2.5 2 0 1 0 0
3897.5 5586.6 -119.7 257 0 15.2 20.1 10.0 2.5 2 1 4 4 4
3919.2 5621.7 -122.3 161 0 17.6 21.6 10.0 2.5 2 0 4 4 4
3926.5 5737.0 -123.6 281 0 17.5 13.2 7.5 2.5 2 0 3 2 2
3972.4 5904.8 -115.8 268 0 7.2 15.1 2.5 2.5 2 1 1 1 1
3909.1 6006.6 -105.2 0 0 13.9 15.2 5.0 2.5 2 1 2 4 4
4675.6 1098.4 -92.1 194 0 11.8 17.4 5.0 2.5 2 1 2 4 4
4673.0 1133.9 -90.7 9 0 12.0 14.5 7.5 2.5 2 1 3 0 0
4720.6 1116.3 -92.7 4 0 7.6 14.6 7.5 2.5 2 1 3 5 5
4732.2 1184.2 -92.3 208 0 21.3 6.8 2.5 2.5 2 0 1 0 0
5487.9 -5586.3 -122.1 169 0 8.9 14.9 5.0 2.5 2 1 2 3 3
5131.2 -5338.0 -100.4 180 0 15.4 16.9 10.0 2.5 4 1 4 0 0
5116.6 -5488.1 -104.5 176 0 18.6 21.9 10.0 2.5 2 1 4 5 5
5621.7 -5421.9 -122.1 252 0 16.7 17.1 7.5 2.5 2 1 3 2 2
5647.1 -5341.4 -118.3 113 0 13.0 14.7 5.0 2.5 2 1 2 2 2
5575.5 -5505.7 -124.6 180 0 6.7 12.0 5.0 2.5 4 1 2 4 4
5719.6 -5469.6 -126.7 259 0 14.3 12.9 7.5 2.5 2 0 3 0 0
5553.9 -5572.5 -126.9 358 0 10.5 13.7 2.5 2.5 2 1 1 5 5
5554.5 -5589.6 -127.8 0 0 11.8 14.6 7.5 2.5 2 1 3 0 0
5485.5 -5549.5 -119.3 180 0 12.3 10.6 5.0 0.0 0 0 2 4 4
6148.9 -5814.1 -103.1 265 0 21.6 37.5 17.5 0.0 0 1 7 1 1
6109.1 -5826.2 -106.2 266 0 16.8 21.1 10.0 2.5 2 1 4 2 2
6119.7 -5683.4 -108.4 352 0 13.9 16.9 2.5 2.5 4 1 1 4 4
6080.6 -5746.4 -109.9 163 0 18.1 18.3 12.5 2.5 4 1 5 1 1
6061.7 -6185.4 -94.4 28 0 18.9 15.8 12.5 2.5 2 0 5 1 1
6082.7 -6257.8 -93.5 3 0 15.5 15.0 7.5 2.5 4 0 3 4 4
6048.3 -6293.9 -94.0 129 0 16.3 13.8 5.0 2.5 2 0 2 3 3
5922.1 -6302.7 -97.5 90 0 12.4 17.9 2.5 0.0 0 1 1 5 5
5903.0 -6222.1 -98.1 183 0 14.7 12.3 2.5 2.5 4 0 1 1 1
5844.7 -6203.5 -103.9 184 0 17.3 15.2 7.5 2.5 2 0 3 2 2
5778.6 -6122.1 -114.6 180 0 6.4 11.7 7.5 2.5 2 1 3 1 1
4726.6 1206.5 -91.0 21 0 19.3 7.1 2.5 2.5 2 0 1 2 2
4614.3 1226.9 -84.5 298 0 7.6 23.5 2.5 2.5 2 1 1 2 2
4878.8 1226.9 -95.5 95 0 11.2 10.7 5.0 2.5 2 0 2 3 3
4763.2 2491.3 -20.9 16 0 25.2 16.0 10.0 2.5 2 0 4 1 1
4743.7 2570.3 -16.8 357 0 20.6 11.4 5.0 2.5 2 0 2 4 4
5194.2 2787.3 -40.6 57 0 20.9 62.1 12.5 2.5 4 1 5 5 5
5252.7 2840.2 -33.3 234 0 18.4 15.7 12.5 0.0 0 0 5 1 1
3994.0 2612.8 -52.2 234 0 15.2 19.1 14.0 0.0 0 1 4 0 0
3637.8 2528.1 -63.9 132 0 12.1 14.9 2.5 2.5 2 1 1 0 0
3574.1 2600.6 -73.7 31 0 9.2 10.9 7.5 2.5 2 1 3 0 0
3538.8 2508.1 -72.2 116 0 13.6 10.5 5.0 2.5 2 0 2 4 4
3528.4 2552.1 -74.0 181 0 6.7 13.7 5.0 2.5 2 1 2 0 0
3675.9 2628.6 -67.2 140 0 6.5 11.2 2.5 2.5 2 1 1 4 4
5823.7 -5833.5 -131.4 222 0 13.8 11.0 7.5 0.0 0 0 3 3 3
6097.4 -6374.8 -92.2 282 0 11.4 12.0 2.5 0.0 0 1 1 3 3
5322.5 -6202.3 -120.7 356 0 9.6 15.1 5.0 2.5 2 1 2 0 0
5266.0 -6230.1 -122.0 98 0 9.7 11.2 2.5 0.0 0 1 1 1 1
5402.5 -6329.8 -112.1 21 0 16.9 14.3 7.5 0.0 0 0 3 2 2
4032.0 -3695.2 -51.1 2 0 6.0 27.6 10.5 3.5 2 0 3 2 2
3888.1 -3175.6 -63.9 172 0 19.4 23.7 7.0 3.5 2 1 2 0 0
1068.1 3075.6 -79.0 122 0 27.5 19.2 14.0 3.5 2 0 4 1 1
431.5 -5542.8 -23.2 295 0 13.3 19.5 14.0 3.5 2 1 4 5 5
536.2 -5533.2 -23.5 261 0 7.3 13.3 10.5 3.5 2 1 3 5 5
776.3 -5511.0 -31.7 265 0 8.8 13.3 10.5 3.5 2 1 3 1 1
758.5 -5505.3 -30.6 84 0 9.0 15.5 10.5 0.0 0 1 3 0 0
-5064.7 4748.6 -79.7 112 0 11.4 10.8 2.5 2.5 2 0 1 2 2
5898.8 -6076.5 -109.1 270 0 28.2 13.5 12.5 2.5 2 0 5 5 5
5953.9 -6095.8 -102.2 218 0 8.5 13.3 2.5 2.5 2 1 1 0 0
5934.6 -6338.2 -97.0 91 0 14.2 19.6 12.5 2.5 4 1 5 3 3
5413.9 -6266.4 -114.8 124 0 10.3 13.8 10.0 2.5 2 1 4 5 5
5541.1 -6253.5 -111.9 92 0 10.5 9.6 2.5 2.5 2 0 1 3 3
5558.9 -6192.4 -116.2 173 0 10.3 14.0 7.5 2.5 2 1 3 1 1
5709.4 -6140.5 -116.3 184 0 12.6 14.3 7.5 2.5 2 1 3 5 5
6022.2 -6125.1 -95.6 312 0 11.4 11.6 2.5 2.5 2 1 1 2 2
6191.8 -6124.3 -90.9 278 0 15.1 14.3 5.0 2.5 2 0 2 0 0
6230.8 -6157.3 -90.0 360 0 14.0 20.3 12.5 2.5 2 1 5 0 0
6188.7 -6067.5 -91.1 167 0 15.8 17.3 10.0 2.5 2 1 4 0 0
6232.6 -6022.3 -90.4 327 0 11.3 11.8 5.0 2.5 2 1 2 4 4
6225.7 -6085.2 -90.3 54 0 15.3 10.7 5.0 2.5 2 0 2 5 5
6242.8 -6067.8 -89.8 90 0 15.2 15.7 5.0 2.5 2 1 2 5 5
6200.2 -5891.4 -96.2 179 0 10.7 11.7 7.5 2.5 4 1 3 5 5
6243.4 -5889.8 -94.2 360 0 13.0 20.4 12.5 2.5 2 1 5 3 3
5869.5 -6160.6 -104.9 269 0 15.9 15.3 5.0 2.5 2 0 2 0 0
5864.5 -6185.9 -103.1 176 0 5.9 15.3 2.5 2.5 4 1 1 0 0
5886.6 -6282.7 -98.4 100 0 10.8 10.3 5.0 2.5 2 0 2 5 5
5863.9 -6384.1 -99.0 90 0 45.4 16.4 12.5 2.5 2 0 5 4 4
5842.1 -6367.1 -99.3 91 0 22.9 9.6 5.0 2.5 2 0 2 4 4
5803.1 -6383.9 -100.1 91 0 23.0 14.0 7.5 2.5 2 0 3 1 1
5765.9 -6374.9 -101.0 78 0 12.2 26.2 10.0 2.5 2 1 4 0 0
5740.9 -6381.2 -101.4 98 0 15.7 17.6 10.0 2.5 2 1 4 5 5
5713.0 -6325.2 -102.6 183 0 13.5 12.4 7.5 2.5 4 0 3 4 4
5647.5 -6380.7 -103.6 107 0 9.7 8.3 5.0 2.5 2 0 2 3 3
5654.7 -6365.4 -103.9 6 0 10.0 10.6 5.0 2.5 2 1 2 1 1
5475.7 -6283.6 -110.9 135 0 7.9 10.4 5.0 2.5 2 1 2 4 4
5531.5 -6406.7 -106.5 135 0 9.6 23.5 5.0 0.0 0 1 2 2 2
5297.2 -6259.8 -120.3 269 0 13.0 15.3 2.5 2.5 2 1 1 2 2
5315.0 -6102.0 -128.2 354 0 12.8 13.0 5.0 2.5 2 1 2 3 3
5276.7 -6159.9 -125.4 99 0 13.0 23.3 12.5 2.5 4 1 5 4 4
6795.8 -6002.3 -106.0 353 0 34.2 12.6 10.0 2.5 4 0 4 5 5
6838.1 -5901.6 -110.2 147 0 24.5 12.4 10.0 2.5 2 0 4 0 0
6666.8 -5890.8 -104.4 343 0 10.4 30.1 10.0 2.5 2 1 4 2 2
6675.2 -5938.8 -104.2 242 0 36.0 25.4 12.5 0.0 0 0 5 2 2
6707.8 -5963.3 -104.0 332 0 22.2 34.0 10.0 2.5 2 0 4 3 3
6555.6 -6361.3 -81.9 93 0 19.1 22.0 12.5 2.5 4 1 5 1 1
6612.5 -6372.0 -83.8 102 0 22.4 18.1 10.0 2.5 2 0 4 0 0
6668.1 -6390.9 -84.1 286 0 14.8 7.4 7.5 2.5 2 0 3 2 2
6586.3 -6374.3 -81.5 282 0 20.2 7.8 7.5 2.5 2 0 3 5 5
6646.0 -6377.3 -85.3 100 0 7.9 24.6 7.5 0.0 0 1 3 4 4
6779.5 -6364.7 -91.0 8 0 9.3 22.8 7.5 2.5 2 1 3 3 3
6770.8 -6425.3 -86.4 290 0 10.2 19.1 2.5 2.5 2 1 1 3 3
6811.6 -6374.5 -91.6 172 0 13.6 31.2 10.0 2.5 4 1 4 2 2
6813.4 -6397.6 -90.3 177 0 15.1 21.2 10.0 2.5 4 1 4 3 3
6915.6 -6051.7 -107.7 267 0 16.0 7.5 7.5 2.5 2 0 3 0 0
5617.8 -6384.6 -104.5 282 0 18.9 14.9 7.5 2.5 2 0 3 1 1
5647.8 -6388.5 -103.5 276 0 16.2 44.5 10.0 2.5 2 1 4 3 3
5685.7 -6418.3 -102.3 0 0 11.9 12.0 7.5 2.5 2 1 3 4 4
5685.4 -6440.5 -102.1 360 0 11.8 10.6 7.5 0.0 0 0 3 2 2
5763.3 -6311.8 -101.4 267 0 13.0 12.6 5.0 2.5 2 0 2 3 3
5795.5 -6306.7 -100.7 270 0 15.1 15.1 5.0 2.5 4 0 2 2 2
5646.7 -6241.4 -109.4 177 0 11.1 12.0 5.0 2.5 2 1 2 5 5
5218.4 -6220.7 -127.6 92 0 15.4 8.3 2.5 2.5 2 0 1 4 4
5711.0 -6162.4 -114.7 178 0 16.7 20.1 10.0 2.5 4 1 4 4 4
5796.1 -6257.6 -104.4 81 0 8.0 15.9 5.0 2.5 2 1 2 1 1
-4597.8 4819.6 -84.1 220 0 14.6 16.4 7.5 0.0 0 1 3 3 3
-5082.3 5231.7 -93.2 158 0 17.0 12.1 2.5 2.5 2 0 1 0 0
-5045.1 5257.5 -92.0 264 0 10.8 11.1 5.0 2.5 2 1 2 3 3
-5566.0 5099.2 -95.8 83 0 16.8 10.5 10.0 2.5 2 0 4 5 5
-5437.9 5116.1 -100.9 268 0 13.7 14.2 5.0 2.5 2 1 2 3 3
-3645.5 5486.7 -115.1 87 0 12.3 14.1 7.5 2.5 2 1 3 2 2
-3576.0 5451.1 -110.4 265 0 11.6 10.3 5.0 2.5 2 0 2 4 4
-4022.0 5484.6 -113.0 64 0 12.2 13.0 5.0 0.0 0 1 2 5 5
-4067.8 5499.0 -111.6 162 0 10.5 13.4 10.0 2.5 2 1 4 0 0
-4076.4 5533.9 -110.6 243 0 8.7 17.1 2.5 2.5 2 1 1 3 3
-3993.5 5506.5 -113.4 340 0 11.6 11.1 7.5 2.5 2 0 3 1 1
-3783.4 5444.8 -115.2 304 0 12.0 20.7 10.0 0.0 0 1 4 4 4
-5017.6 4798.7 -89.5 283 0 13.1 17.6 10.0 2.5 2 1 4 0 0
-4923.6 4812.9 -99.7 84 0 15.8 12.3 7.5 2.5 2 0 3 3 3
-4854.3 4671.8 -88.9 112 0 12.8 15.4 5.0 2.5 2 1 2 1 1
-4799.9 4536.7 -77.9 248 0 12.9 12.5 2.5 2.5 2 0 1 3 3
-4838.2 4529.9 -78.6 155 0 22.2 14.8 12.5 2.5 2 0 5 2 2
-4762.8 4674.7 -94.5 154 0 15.2 20.6 15.0 0.0 0 1 6 3 3
-5153.2 4864.3 -101.0 95 0 20.2 20.3 10.0 2.5 2 1 4 4 4
-5579.8 4052.2 -95.4 81 0 22.3 23.2 10.0 2.5 2 1 4 0 0
-5508.8 4070.2 -92.8 68 0 15.5 17.6 10.0 2.5 2 1 4 5 5
-5527.2 3831.0 -80.3 195 0 7.7 15.6 5.0 2.5 4 1 2 2 2
6914.9 -757.7 -37.0 102 0 16.9 14.9 7.5 0.0 0 0 3 2 2
6885.1 -722.2 -35.1 279 0 11.8 15.3 2.5 2.5 2 1 1 1 1
-6852.6 -972.6 -94.2 259 0 37.2 33.1 12.5 0.0 0 0 5 5 5
-6456.2 -1012.0 -89.2 103 0 15.7 17.4 5.0 2.5 2 1 2 0 0
-6648.3 -680.2 -96.4 285 0 13.6 47.8 7.5 2.5 4 1 3 0 0
-6206.1 239.9 -102.7 214 0 14.9 23.8 7.5 2.5 2 1 3 4 4
-2592.0 3782.0 -113.1 180 0 21.1 18.6 10.0 2.5 2 0 4 1 1
-2980.7 3946.6 -96.3 96 0 11.0 14.2 2.5 2.5 2 1 1 1 1
-3147.6 4422.5 -82.8 284 0 7.7 9.4 5.0 2.5 2 1 2 3 3
-3125.6 3972.9 -95.9 277 0 11.8 9.7 5.0 2.5 2 0 2 4 4
-2874.1 3797.7 -94.1 270 0 23.2 17.0 15.0 0.0 0 0 6 1 1
-3102.1 3857.8 -87.8 94 0 14.7 15.9 10.0 2.5 2 1 4 0 0
-3209.9 3833.5 -86.0 90 0 9.1 8.2 2.5 2.5 2 0 1 1 1
-3251.5 3698.1 -87.0 173 0 14.6 13.1 7.5 0.0 0 0 3 3 3
-2998.0 4258.1 -105.6 86 0 7.9 6.7 7.5 2.5 2 0 3 4 4
-3115.2 4213.3 -96.3 10 0 8.5 11.1 2.5 0.0 0 1 1 3 3
-6511.7 2045.9 -78.2 90 0 10.5 10.1 7.5 2.5 2 0 3 4 4
-2637.0 6764.1 -109.3 92 0 25.7 20.8 12.5 2.5 2 0 5 5 5
-2667.0 6760.1 -106.3 90 0 20.1 20.5 12.5 2.5 2 1 5 4 4
-2879.9 6803.9 -86.2 271 0 11.7 14.6 7.5 2.5 2 1 3 1 1
-2770.7 6742.6 -99.5 90 0 15.2 16.2 5.0 2.5 2 1 2 0 0
-2979.0 6826.6 -72.0 358 0 18.8 17.2 12.5 2.5 2 0 5 3 3
-2984.5 6794.5 -72.7 92 0 9.3 6.7 7.5 2.5 2 0 3 2 2
-3029.1 6827.7 -66.3 288 0 14.0 14.4 10.0 2.5 2 1 4 3 3
-2772.1 6643.8 -86.7 1 0 13.5 10.7 5.0 2.5 2 0 2 2 2
-2750.2 6605.0 -84.7 74 0 12.0 7.4 7.5 2.5 4 0 3 5 5
-2753.8 6625.1 -85.7 340 0 16.8 12.4 7.5 0.0 0 0 3 2 2
-2815.0 6515.7 -83.6 245 0 5.7 11.1 7.5 2.5 2 1 3 1 1
-2663.3 6535.8 -94.9 49 0 29.2 16.7 10.0 2.5 2 0 4 0 0
-2621.9 6576.6 -97.8 358 0 9.4 17.0 5.0 2.5 2 1 2 2 2
-2570.5 6446.8 -101.3 73 0 14.0 10.1 5.0 2.5 4 0 2 5 5
2406.4 2029.5 -89.6 26 0 26.3 38.2 14.0 0.0 0 1 4 4 4
2190.4 2339.8 -56.7 160 0 32.3 12.3 14.0 3.5 2 0 4 4 4
2229.7 2223.0 -64.0 194 0 25.7 15.3 14.0 3.5 2 0 4 3 3
2325.9 2233.2 -74.5 193 0 27.4 8.7 10.5 3.5 2 0 3 0 0
2314.1 2283.6 -70.8 96 0 18.9 10.6 14.0 3.5 2 0 4 2 2
2229.3 2292.7 -61.8 188 0 13.3 18.1 14.0 3.5 2 1 4 5 5
2266.3 2276.4 -64.3 11 0 12.2 21.1 14.0 3.5 2 1 4 1 1
2335.6 2202.0 -77.0 180 0 9.4 6.4 10.5 0.0 0 0 3 4 4
2434.9 2301.4 -87.3 0 0 12.9 8.7 10.5 3.5 2 0 3 3 3
2458.5 2340.5 -90.1 2 0 8.2 11.6 10.5 3.5 2 1 3 4 4
2522.5 2357.6 -99.8 266 0 8.2 14.8 2.5 2.5 2 1 1 3 3
2533.0 2233.8 -105.7 200 0 12.1 14.4 7.5 2.5 2 1 3 2 2
2569.2 2177.6 -110.1 2 0 7.6 10.4 5.0 2.5 2 1 2 5 5
2585.2 2167.5 -111.5 2 0 10.6 6.6 2.5 2.5 2 0 1 1 1
2515.7 2167.7 -104.4 194 0 15.7 11.8 7.5 2.5 2 0 3 2 2
2517.0 2048.6 -107.5 180 0 12.6 18.9 5.0 2.5 2 1 2 3 3
2360.0 2031.2 -83.1 270 0 8.7 13.2 10.5 0.0 0 1 3 5 5
-951.5 5553.9 -101.0 148 0 7.6 17.2 5.0 2.5 2 1 2 3 3
1570.6 1357.8 -112.8 207 1 11.3 13.7 17.5 3.5 2 1 5 4 4
1581.2 1378.1 -110.4 191 0 9.5 11.6 10.5 3.5 2 1 3 4 4
1534.4 1484.2 -101.7 181 1 13.9 17.3 14.0 3.5 4 1 4 5 5
1525.8 2663.4 -58.6 118 0 10.8 23.6 16.0 3.5 2 1 4 5 5
1628.7 3082.0 -91.7 111 0 16.4 24.2 10.0 0.0 0 1 4 0 0
2052.6 2856.1 -82.6 79 0 10.9 17.5 7.5 0.0 0 1 3 0 0
2054.8 2914.2 -84.7 265 0 12.0 12.2 5.0 2.5 4 1 2 3 3
2081.2 2932.9 -87.0 269 0 7.3 13.1 7.5 2.5 2 1 3 5 5
-886.2 -6744.7 -44.5 196 0 14.1 20.4 12.5 2.5 2 1 5 0 0
-879.9 -6788.5 -45.2 96 0 19.1 15.0 12.5 2.5 2 0 5 3 3
-869.4 -6691.0 -39.8 195 0 13.8 16.7 10.0 2.5 2 1 4 1 1
-838.7 -6631.7 -41.4 357 0 8.7 17.9 7.5 2.5 2 1 3 0 0
-845.3 -6599.1 -43.3 267 0 14.7 16.4 7.5 2.5 2 1 3 1 1
-872.6 -6583.2 -43.2 255 0 12.3 9.2 7.5 2.5 2 0 3 4 4
-805.6 -6484.2 -53.4 184 0 10.1 9.8 7.5 2.5 2 0 3 5 5
-768.7 -6472.3 -55.3 273 0 10.1 10.8 5.0 2.5 4 1 2 0 0
-644.9 -6575.1 -53.4 358 0 12.7 16.1 5.0 2.5 2 1 2 1 1
-609.6 -6541.4 -57.9 189 0 14.0 13.2 5.0 0.0 0 0 2 1 1
-586.7 -6514.7 -60.1 276 0 6.9 5.0 5.0 2.5 2 0 2 3 3
-509.8 -6536.7 -62.4 70 0 12.7 10.5 2.5 2.5 2 0 1 0 0
-465.8 -6506.5 -65.7 234 0 5.1 12.1 5.0 2.5 2 1 2 0 0
-374.1 -6548.7 -80.9 87 0 9.1 9.6 5.0 2.5 2 1 2 3 3
-313.9 -6503.9 -87.4 1 0 17.7 16.1 15.0 0.0 0 0 6 3 3
-311.5 -6537.7 -88.0 0 0 7.9 13.3 5.0 2.5 2 1 2 1 1
-246.0 -6545.4 -94.5 97 0 8.3 7.3 7.5 2.5 2 0 3 5 5
-29.0 -6509.3 -110.1 266 0 10.9 13.3 7.5 2.5 2 1 3 4 4
-10.6 -6571.8 -109.8 101 0 12.6 15.7 2.5 2.5 4 1 1 3 3
74.3 -6515.6 -114.9 355 0 13.3 23.6 10.0 2.5 4 1 4 1 1
94.1 -6473.4 -117.7 359 0 12.3 10.6 5.0 0.0 0 0 2 5 5
157.8 -6530.2 -116.9 200 0 16.1 19.9 10.0 2.5 2 1 4 4 4
168.0 -6568.7 -112.1 179 0 8.9 10.8 2.5 2.5 2 1 1 3 3
236.5 -6539.6 -116.0 278 0 39.2 10.6 17.5 0.0 0 0 7 3 3
230.3 -6568.5 -114.0 98 0 11.2 12.8 2.5 2.5 2 1 1 0 0
287.6 -6525.5 -119.3 182 0 11.6 14.8 2.5 0.0 0 1 1 2 2
308.4 -6557.5 -116.3 85 0 10.7 10.4 2.5 2.5 2 0 1 0 0
355.9 -6521.9 -121.2 28 0 14.0 10.6 7.5 2.5 2 0 3 3 3
832.2 -6612.1 -123.8 118 0 12.9 17.7 5.0 0.0 0 1 2 2 2
872.6 -6668.0 -121.9 152 0 11.9 6.5 7.5 2.5 2 0 3 5 5
877.5 -6678.1 -121.6 150 0 7.0 6.2 2.5 2.5 2 0 1 5 5
919.3 -6754.7 -120.3 153 0 6.6 8.1 2.5 2.5 2 1 1 2 2
955.4 -6775.7 -120.7 140 0 11.8 13.0 5.0 2.5 2 1 2 4 4
988.5 -6739.4 -122.7 253 0 5.6 11.8 7.5 2.5 2 1 3 2 2
1058.6 -6735.6 -122.8 314 0 12.5 18.9 10.0 0.0 0 1 4 4 4
1326.0 -6625.0 -113.9 86 0 18.7 12.3 2.5 2.5 2 0 1 2 2
1313.2 -6537.6 -123.9 171 0 16.0 13.8 5.0 2.5 2 0 2 4 4
1358.2 -6576.8 -116.6 357 0 6.4 10.2 7.5 0.0 0 1 3 5 5
1358.5 -6567.7 -117.4 358 0 7.1 12.3 5.0 2.5 2 1 2 1 1
1360.6 -6591.6 -115.4 5 0 6.1 6.5 5.0 2.5 2 1 2 1 1
1389.0 -6573.0 -118.2 1 0 6.6 12.5 2.5 0.0 0 1 1 2 2
1411.1 -6766.3 -102.9 46 0 13.5 11.0 7.5 2.5 2 0 3 4 4
1373.1 -6695.9 -107.8 170 0 14.2 14.4 7.5 2.5 2 1 3 5 5
1414.6 -6652.8 -112.2 267 0 13.5 13.7 5.0 2.5 2 1 2 1 1
3924.4 -5252.0 -73.7 91 0 13.8 7.6 2.5 2.5 2 0 1 4 4
3927.6 -5159.2 -73.9 273 0 9.6 7.8 7.5 2.5 4 0 3 5 5
3959.5 -5224.0 -75.1 92 0 7.8 10.0 7.5 2.5 2 1 3 2 2
4032.9 -5255.7 -78.1 184 0 15.9 12.3 10.0 0.0 0 0 4 4 4
4105.6 -5239.2 -80.0 357 0 12.3 16.1 7.5 2.5 2 1 3 4 4
4114.3 -5220.8 -80.3 23 0 16.1 17.2 10.0 2.5 2 1 4 2 2
4169.9 -5186.0 -82.2 181 0 12.5 7.6 7.5 2.5 2 0 3 3 3
4317.8 -5152.9 -94.8 1 0 15.1 12.0 5.0 2.5 2 0 2 3 3
4315.7 -5113.9 -91.8 13 0 18.0 16.4 10.0 2.5 2 0 4 1 1
4286.7 -5047.0 -86.3 187 0 14.2 15.7 7.5 2.5 4 1 3 2 2
4431.3 -5176.8 -109.3 177 0 8.1 7.6 7.5 2.5 2 0 3 5 5
237.5 -2385.2 -47.3 275 0 33.3 56.7 7.5 0.0 0 1 3 5 5
25.7 -1719.7 -22.5 138 0 39.8 38.7 10.0 0.0 0 0 4 1 1
83.2 -1683.1 -12.9 324 0 17.1 15.9 10.0 2.5 2 0 4 1 1
-170.0 -1695.9 -29.1 236 0 44.5 43.9 12.5 0.0 0 0 5 4 4
-4045.7 6443.0 -108.7 348 0 11.3 12.2 7.5 2.5 2 1 3 5 5
-3834.7 6622.2 -103.5 107 0 12.7 33.1 10.0 2.5 2 1 4 3 3
3932.7 3159.5 -106.8 88 0 28.0 18.4 7.5 2.5 2 0 3 0 0
3882.2 3285.8 -111.0 256 0 12.0 18.4 7.5 2.5 2 1 3 2 2
4059.7 3324.2 -104.7 77 0 10.4 16.1 5.0 2.5 2 1 2 3 3
4030.1 3344.7 -108.1 197 0 12.2 10.0 7.5 2.5 2 0 3 1 1
3895.6 3351.7 -114.6 178 0 12.9 15.7 2.5 2.5 2 1 1 1 1
3908.4 3437.6 -118.6 96 0 14.3 17.9 15.0 0.0 0 1 6 3 3
3939.3 3439.1 -118.7 86 0 15.0 11.4 7.5 2.5 2 0 3 0 0
4087.7 3363.2 -102.2 11 0 13.1 12.3 2.5 2.5 2 0 1 0 0
3975.8 3462.2 -118.4 90 0 17.2 17.0 10.0 2.5 2 0 4 2 2
3938.4 3581.7 -107.2 186 0 15.3 14.3 5.0 2.5 2 0 2 5 5
3947.1 3512.3 -114.6 175 0 14.6 13.8 5.0 2.5 2 0 2 1 1
3988.8 3582.6 -105.2 2 0 16.1 13.1 5.0 2.5 4 0 2 1 1
3933.0 3640.2 -100.9 191 0 15.9 18.3 12.5 2.5 2 1 5 5 5
4081.0 3681.5 -87.7 104 0 14.1 16.8 5.0 2.5 2 1 2 0 0
3962.9 3724.2 -89.2 94 0 19.0 20.2 12.5 2.5 2 1 5 4 4
4022.5 3648.9 -94.6 93 0 14.1 22.7 10.0 2.5 2 1 4 3 3
4117.5 3703.2 -83.6 82 0 14.0 16.8 5.0 2.5 2 1 2 2 2
4134.1 3756.8 -81.0 332 0 11.3 15.0 2.5 0.0 0 1 1 0 0
3990.5 3671.2 -94.5 188 0 15.8 15.6 10.0 2.5 2 0 4 0 0
3953.5 3771.0 -84.9 174 0 15.6 16.3 10.0 2.5 2 1 4 4 4
3964.2 3787.2 -85.1 92 0 14.6 16.1 5.0 2.5 2 1 2 3 3
3898.5 3782.8 -86.0 90 0 18.6 18.8 12.5 2.5 2 1 5 4 4
3891.8 3870.8 -92.8 178 0 15.8 16.3 10.0 2.5 2 1 4 1 1
4019.9 3852.8 -90.5 284 0 18.7 13.2 2.5 2.5 2 0 1 0 0
3982.1 3787.4 -84.4 178 0 17.3 15.2 2.5 2.5 2 0 1 2 2
3959.9 3811.6 -87.6 90 0 16.9 16.4 12.5 0.0 0 0 5 5 5
4089.2 3812.0 -86.8 349 0 15.2 21.9 12.5 2.5 2 1 5 4 4
3923.8 3938.6 -99.5 195 0 11.0 11.9 5.0 2.5 2 1 2 1 1
4238.1 3729.9 -68.8 313 0 17.8 13.5 5.0 2.5 2 0 2 2 2
4217.1 3743.0 -72.0 228 0 12.2 15.7 7.5 2.5 2 0 3 5 5
3998.1 3996.6 -106.0 98 0 20.8 18.5 10.0 2.5 2 0 4 0 0
4060.0 4072.4 -110.4 270 0 14.3 14.0 2.5 2.5 2 0 1 1 1
4102.2 4036.1 -106.7 284 0 14.6 22.7 10.0 2.5 2 1 4 2 2
3894.1 4095.5 -115.0 95 0 22.3 21.7 10.0 2.5 2 0 4 2 2
3936.7 4139.0 -108.1 11 0 21.5 25.2 10.0 0.0 0 1 4 3 3
4151.7 4106.0 -111.4 275 0 19.6 19.8 15.0 0.0 0 1 6 4 4
4122.4 4326.5 -74.1 169 0 20.9 19.1 12.5 2.5 2 0 5 5 5
3982.4 4441.4 -82.1 107 0 10.5 10.7 5.0 2.5 2 0 2 2 2
3988.8 4429.3 -80.9 112 0 12.4 19.6 5.0 2.5 2 0 2 2 2
3995.2 4477.7 -81.2 200 0 13.4 11.9 5.0 2.5 2 0 2 4 4
4040.7 4474.5 -77.2 285 0 18.9 13.7 7.5 2.5 2 0 3 3 3
4213.0 4338.9 -83.9 75 0 15.6 16.6 5.0 2.5 4 1 2 2 2
4212.0 4397.4 -81.8 294 0 20.9 20.5 15.0 0.0 0 0 6 4 4
4269.5 4435.5 -87.2 268 0 13.8 20.1 7.5 2.5 2 1 3 4 4
4251.1 4253.4 -98.0 221 0 20.1 11.8 10.0 0.0 0 0 4 5 5
4240.8 4342.0 -88.0 90 0 13.7 16.4 7.5 2.5 2 1 3 5 5
4226.3 4231.3 -97.6 203 0 11.2 13.7 7.5 0.0 0 1 3 1 1
4210.7 4197.7 -102.3 211 0 19.5 12.3 2.5 2.5 2 0 1 0 0
4218.8 4155.4 -108.6 83 0 12.9 18.5 5.0 2.5 2 1 2 4 4
4252.5 4170.2 -109.4 38 0 9.8 16.9 7.5 2.5 2 0 3 1 1
4287.5 4165.3 -113.7 38 0 6.7 15.9 7.5 0.0 0 1 3 0 0
4316.7 4240.3 -108.5 327 0 12.0 12.4 5.0 2.5 2 1 2 5 5
4385.7 4104.9 -103.8 124 0 12.3 10.1 7.5 2.5 2 0 3 1 1
1699.4 600.6 -123.7 196 0 16.5 19.9 10.5 3.5 4 1 3 2 2
1717.9 621.5 -122.4 204 0 24.9 15.4 10.5 3.5 2 0 3 1 1
1730.8 657.3 -122.8 220 0 13.4 21.4 10.5 3.5 2 0 3 2 2
1805.5 740.6 -118.5 217 0 25.5 13.1 10.5 3.5 4 0 3 4 4
1793.6 640.4 -115.7 24 0 9.6 13.2 10.5 3.5 2 1 3 0 0
1715.4 679.0 -126.8 38 0 24.6 21.2 10.5 3.5 4 0 3 1 1
1685.4 544.3 -123.6 196 0 25.1 16.5 10.5 3.5 4 0 3 4 4
1718.2 463.1 -123.5 337 0 12.9 14.3 5.0 2.5 4 1 2 4 4
1744.0 446.2 -120.4 342 0 23.4 10.8 10.0 2.5 2 0 4 5 5
1749.3 588.9 -118.6 6 0 11.4 12.1 10.5 3.5 2 1 3 3 3
1774.6 546.1 -112.6 85 0 9.8 8.1 10.5 3.5 2 0 3 2 2
1762.1 677.1 -119.9 221 0 10.9 7.1 10.5 3.5 2 0 3 4 4
1825.2 732.0 -116.4 212 0 13.0 9.6 10.5 3.5 2 0 3 4 4
1860.2 661.4 -110.2 89 0 11.9 12.6 10.5 3.5 4 1 3 4 4
1846.1 726.0 -114.5 270 0 6.8 6.9 10.5 0.0 0 1 3 2 2
1878.3 674.8 -108.5 187 0 8.8 12.1 10.5 3.5 2 1 3 5 5
1901.4 740.6 -111.1 273 0 13.5 16.6 10.5 3.5 2 0 3 4 4
1935.8 667.3 -106.1 3 0 8.0 11.6 10.5 3.5 2 1 3 5 5
1939.1 650.6 -105.1 357 0 9.3 5.6 10.5 3.5 2 0 3 3 3
1941.6 639.2 -104.8 11 0 6.9 15.2 10.5 3.5 2 1 3 1 1
1862.9 686.7 -111.3 94 0 11.8 8.2 10.5 3.5 2 0 3 1 1
4459.7 4283.9 -96.4 19 0 10.7 12.7 7.5 0.0 0 1 3 0 0
4029.7 4603.6 -82.4 108 0 11.6 15.9 5.0 2.5 2 1 2 1 1
4084.9 4558.5 -76.0 106 0 16.6 12.0 5.0 2.5 4 0 2 1 1
4001.9 4767.8 -95.6 100 0 17.8 12.0 7.5 2.5 2 0 3 0 0
4024.8 4800.7 -98.1 285 0 13.6 13.8 5.0 2.5 2 1 2 4 4
3910.0 4876.1 -108.8 269 0 16.3 14.7 10.0 2.5 2 0 4 1 1
3888.0 4926.6 -114.8 304 0 26.2 19.3 10.0 2.5 2 0 4 1 1
3992.6 5118.1 -118.8 322 0 9.0 9.6 5.0 2.5 4 1 2 1 1
3986.4 5134.6 -120.4 45 0 10.1 25.6 10.0 2.5 2 0 4 3 3
3969.1 5141.2 -120.3 307 0 10.7 14.3 7.5 2.5 2 0 3 0 0
3962.6 5146.1 -120.5 305 0 5.6 14.4 5.0 2.5 2 0 2 2 2
3882.3 5145.4 -121.2 107 0 13.0 16.5 2.5 2.5 2 1 1 0 0
3952.1 5216.4 -115.3 46 0 14.6 6.3 7.5 2.5 2 0 3 0 0
3960.4 5265.7 -113.7 188 0 19.9 16.7 15.0 0.0 0 0 6 1 1
3986.1 5288.7 -113.6 293 0 14.7 16.2 2.5 2.5 2 1 1 4 4
4011.6 5267.8 -116.5 5 0 14.4 6.0 5.0 2.5 2 0 2 3 3
4007.8 5236.0 -119.1 21 0 12.9 8.5 5.0 2.5 2 0 2 3 3
3975.5 5230.4 -116.6 21 0 10.8 12.1 5.0 2.5 2 1 2 5 5
3924.5 5250.8 -110.7 267 0 11.6 10.9 5.0 2.5 2 0 2 3 3
3943.3 5341.9 -108.6 170 0 21.2 24.5 10.0 2.5 2 1 4 2 2
4047.3 5296.6 -118.8 3 0 6.5 13.7 7.5 2.5 2 1 3 2 2
3973.6 5369.2 -111.0 87 0 14.0 14.4 5.0 2.5 2 1 2 4 4
3944.5 5509.8 -116.3 321 0 13.5 17.0 2.5 2.5 2 1 1 0 0
3940.3 5527.8 -117.7 330 0 14.5 15.1 5.0 2.5 2 1 2 1 1
3881.5 5530.4 -115.8 113 0 18.9 15.4 12.5 2.5 2 0 5 4 4
4372.6 5518.0 -128.2 189 0 16.6 9.9 5.0 2.5 2 0 2 3 3
4296.1 5191.8 -108.7 66 0 17.8 13.2 5.0 0.0 0 0 2 3 3
4242.1 5167.3 -109.6 94 0 27.2 19.0 12.5 2.5 2 0 5 3 3
4256.8 5121.9 -106.8 268 0 18.6 20.5 10.0 2.5 2 0 4 5 5
4238.4 5115.4 -107.3 236 0 13.6 10.6 10.0 2.5 2 0 4 3 3
4210.7 5176.9 -109.9 193 0 11.0 14.6 7.5 2.5 2 1 3 2 2
4206.7 5147.6 -109.4 166 0 12.2 16.6 10.0 2.5 2 1 4 2 2
4267.2 5180.0 -108.4 88 0 8.3 12.0 7.5 2.5 2 1 3 4 4
4329.0 5123.7 -102.5 97 0 13.8 17.0 7.5 2.5 2 1 3 2 2
4398.1 5307.0 -115.6 288 0 16.0 15.4 5.0 2.5 2 0 2 4 4
4415.8 5291.8 -112.4 264 0 11.7 14.8 7.5 0.0 0 1 3 0 0
4420.4 5250.0 -107.6 17 0 10.4 11.9 7.5 2.5 2 1 3 4 4
4445.7 5254.8 -109.1 72 0 11.2 14.5 5.0 2.5 2 1 2 1 1
4276.3 5280.8 -120.5 200 0 17.2 10.4 2.5 2.5 2 0 1 1 1
4329.5 5361.5 -125.8 304 0 14.2 13.9 2.5 2.5 2 0 1 5 5
4504.1 5311.7 -115.4 281 0 9.9 12.3 7.5 0.0 0 1 3 2 2
4469.3 5234.5 -99.3 281 0 12.4 11.4 7.5 2.5 2 0 3 5 5
4544.6 5248.0 -107.8 270 0 11.5 14.8 5.0 2.5 4 1 2 1 1
4566.6 5257.1 -109.8 263 0 7.5 10.3 5.0 2.5 2 1 2 3 3
4650.2 5152.2 -95.1 56 0 12.3 11.2 7.5 2.5 2 0 3 4 4
4645.1 5170.2 -97.5 358 0 14.7 14.3 7.5 2.5 2 0 3 3 3
4606.4 5184.6 -101.0 144 0 14.0 14.2 7.5 2.5 2 1 3 3 3
4585.0 5241.3 -108.0 221 0 8.9 13.8 2.5 2.5 4 1 1 5 5
4621.4 5231.3 -106.8 289 0 11.9 12.3 5.0 2.5 4 1 2 2 2
4639.0 5296.3 -118.5 100 0 7.7 15.4 7.5 2.5 2 0 3 5 5
4722.3 5298.8 -115.3 216 0 10.6 13.6 5.0 2.5 2 1 2 0 0
4765.9 5229.6 -103.1 7 0 15.7 14.0 2.5 0.0 0 0 1 4 4
4653.0 5341.9 -118.1 195 0 16.2 13.9 7.5 2.5 2 0 3 3 3
4698.4 5381.7 -113.0 176 0 12.8 14.1 5.0 2.5 2 1 2 5 5
4691.0 5395.2 -112.7 184 0 10.1 17.3 7.5 2.5 2 1 3 2 2
4697.8 5433.7 -110.9 197 0 14.1 15.8 5.0 2.5 2 1 2 1 1
4708.0 5519.6 -107.5 264 0 13.8 16.0 10.0 2.5 2 1 4 0 0
4767.7 5546.1 -108.1 266 0 14.2 10.3 2.5 2.5 4 0 1 2 2
4837.0 5517.1 -111.3 355 0 14.4 9.7 5.0 2.5 2 0 2 3 3
4827.0 5445.9 -112.9 3 0 17.6 9.8 2.5 2.5 2 0 1 5 5
4797.0 5371.5 -112.8 14 0 15.5 14.6 7.5 0.0 0 0 3 2 2
4779.2 5346.4 -112.8 87 0 10.5 14.2 5.0 2.5 2 1 2 5 5
4742.7 5346.5 -115.0 93 0 16.4 11.0 7.5 2.5 2 0 3 3 3
4758.3 5355.9 -115.1 96 0 13.7 11.3 10.0 2.5 2 0 4 1 1
4847.4 5469.0 -110.8 184 0 14.9 13.1 10.0 2.5 2 0 4 4 4
4825.9 5336.9 -105.5 213 0 14.4 13.6 10.0 0.0 0 0 4 4 4
4922.2 5499.7 -104.0 236 0 11.9 18.1 7.5 2.5 2 1 3 1 1
5122.9 5420.4 -95.6 186 0 14.4 15.6 5.0 2.5 2 1 2 3 3
5185.0 5518.4 -117.2 84 0 15.2 13.1 5.0 2.5 2 0 2 2 2
5185.8 5506.3 -113.8 266 0 14.7 16.4 7.5 2.5 2 1 3 1 1
5211.9 5528.2 -120.8 84 0 13.2 16.6 10.0 2.5 2 1 4 5 5
5216.4 5509.9 -118.5 267 0 15.9 13.4 5.0 2.5 2 0 2 0 0
5239.5 5508.7 -119.8 270 0 14.0 13.2 2.5 2.5 2 0 1 1 1
5249.6 5521.1 -120.1 262 0 11.3 18.0 7.5 2.5 2 0 3 3 3
5216.0 5415.8 -106.9 82 0 8.6 14.4 7.5 2.5 2 1 3 2 2
5222.7 5312.3 -103.6 97 0 17.3 15.8 12.5 2.5 2 0 5 4 4
5291.0 5384.4 -111.7 22 0 14.5 15.2 7.5 2.5 2 1 3 1 1
5265.5 5489.2 -119.3 269 0 12.1 15.2 2.5 2.5 2 1 1 0 0
5311.9 5412.8 -117.5 6 0 15.5 14.3 5.0 2.5 2 0 2 4 4
5290.4 5516.2 -119.8 262 0 9.4 10.0 5.0 2.5 2 1 2 2 2
5338.8 5494.6 -119.2 274 0 16.2 13.2 5.0 2.5 4 0 2 2 2
5333.5 5421.8 -117.6 9 0 8.6 10.5 5.0 2.5 2 1 2 0 0
5246.7 5429.3 -114.1 172 0 15.6 17.8 12.5 2.5 2 1 5 2 2
5365.5 5474.0 -118.9 89 0 15.3 16.6 7.5 2.5 2 1 3 2 2
5425.0 5519.1 -119.4 269 0 17.5 13.5 2.5 2.5 2 0 1 4 4
5376.4 5352.8 -113.8 113 0 14.0 13.6 5.0 0.0 0 0 2 0 0
5483.1 5529.1 -116.3 271 0 11.5 11.1 7.5 2.5 2 0 3 4 4
5463.4 5507.6 -116.5 279 0 13.2 11.8 2.5 2.5 4 0 1 2 2
5621.2 5494.2 -106.3 97 0 12.8 12.8 10.0 2.5 2 0 4 0 0
5634.3 5524.7 -107.2 355 0 10.8 13.9 7.5 2.5 2 1 3 5 5
5604.8 5537.8 -109.2 281 0 15.1 14.8 5.0 0.0 0 0 2 2 2
5611.7 5470.8 -105.7 91 0 12.0 13.0 2.5 2.5 2 1 1 5 5
5614.7 5391.6 -98.6 274 0 12.4 11.8 2.5 2.5 2 0 1 3 3
5563.1 5335.8 -98.6 88 0 13.5 15.7 2.5 2.5 2 1 1 3 3
5605.3 5353.7 -97.2 86 0 16.6 14.1 10.0 2.5 2 0 4 0 0
5672.9 5317.0 -88.4 2 0 13.9 14.6 7.5 2.5 4 1 3 5 5
5661.5 5369.1 -93.2 282 0 14.6 14.2 7.5 2.5 2 0 3 5 5
4006.8 -5509.9 -78.7 111 0 16.7 12.9 5.0 2.5 2 0 2 2 2
4044.9 -5507.9 -78.5 83 0 15.5 16.2 12.5 2.5 2 1 5 2 2
4078.6 -5486.6 -79.4 1 0 12.6 18.6 7.5 2.5 2 1 3 5 5
4113.0 -5493.6 -81.2 355 0 13.5 12.0 7.5 2.5 2 0 3 0 0
4067.9 -5561.5 -78.6 175 0 14.5 9.5 7.5 2.5 2 0 3 4 4
4135.3 -5537.8 -82.0 356 0 8.5 11.9 7.5 0.0 0 1 3 0 0
4123.6 -5586.7 -80.8 353 0 15.3 14.0 2.5 2.5 2 0 1 5 5
4146.7 -5623.8 -82.5 186 0 17.2 11.9 5.0 2.5 4 0 2 3 3
4082.4 -5704.2 -78.1 130 0 11.5 16.2 5.0 2.5 2 1 2 4 4
4150.2 -5720.7 -81.7 344 0 11.2 7.9 7.5 2.5 2 0 3 5 5
-2157.0 -3634.4 -14.0 136 0 5.6 11.5 5.0 2.5 2 1 2 3 3
-1236.8 -3349.3 -48.2 76 0 9.6 15.4 7.5 2.5 2 1 3 3 3
5370.9 6828.8 -110.7 263 0 9.5 8.5 7.5 2.5 2 0 3 1 1
-4485.4 6414.4 -87.2 120 0 18.6 29.6 7.5 2.5 2 1 3 3 3
-4431.0 6452.1 -90.9 291 0 21.4 60.0 12.5 2.5 2 1 5 5 5
-4537.7 6338.9 -81.6 116 0 11.2 22.2 2.5 2.5 2 1 1 5 5
-4501.0 6440.2 -85.4 208 0 18.6 14.3 12.5 2.5 4 0 5 4 4
-3892.0 6769.2 -110.5 87 0 4.4 10.5 7.5 2.5 2 1 3 0 0
-3857.0 6829.3 -109.0 350 0 14.2 12.7 2.5 2.5 2 0 1 0 0
5213.8 6724.1 -108.4 352 0 11.2 8.8 7.5 2.5 2 0 3 2 2
5127.6 6699.5 -106.8 96 0 11.8 10.0 10.0 2.5 2 0 4 0 0
5188.2 6672.8 -110.4 106 0 14.0 15.2 7.5 2.5 2 1 3 4 4
-4108.5 6758.9 -109.7 269 0 13.8 21.9 7.5 2.5 2 1 3 5 5
-4073.1 6829.4 -107.5 1 0 36.1 13.1 10.0 2.5 4 0 4 1 1
-3642.2 6783.8 -108.1 192 0 7.5 17.2 5.0 0.0 0 1 2 5 5
3474.9 -4897.3 -100.6 182 0 7.5 20.8 7.5 2.5 2 0 3 5 5
3474.9 -4897.3 -100.6 182 0 7.5 20.8 2.5 2.5 2 0 1 1 1
-3484.5 6688.0 -107.7 357 0 9.5 12.4 7.5 2.5 2 1 3 1 1
-3686.6 6690.9 -110.5 48 0 10.2 13.4 5.0 2.5 2 1 2 0 0
-4035.7 6402.1 -107.6 4 0 9.6 11.8 5.0 2.5 2 1 2 3 3
-4036.2 6446.4 -107.4 162 0 10.0 11.0 7.5 2.5 2 1 3 0 0
-3927.1 6264.1 -111.8 294 0 32.6 18.8 7.5 2.5 2 0 3 0 0
-3874.6 6255.1 -112.3 128 0 16.6 8.4 5.0 2.5 2 0 2 3 3
-3673.6 6230.2 -115.2 93 0 7.1 9.5 2.5 2.5 2 1 1 5 5
-3448.8 6213.6 -100.2 73 0 7.1 13.3 7.5 2.5 4 1 3 5 5
-2626.9 6093.1 -85.1 68 0 8.2 13.7 5.0 2.5 4 1 2 0 0
-2679.4 6154.1 -79.9 282 0 9.0 13.7 5.0 2.5 2 1 2 2 2
-2648.4 6099.3 -84.1 166 0 13.2 9.2 2.5 2.5 2 0 1 0 0
-2668.7 6156.6 -80.7 270 0 9.0 14.4 2.5 2.5 2 1 1 4 4
-2655.9 6156.2 -81.5 272 0 12.1 10.3 5.0 2.5 4 0 2 2 2
-2745.1 6162.2 -75.8 195 0 10.5 15.5 5.0 2.5 2 1 2 1 1
-2749.2 6252.8 -84.6 78 0 15.9 13.1 5.0 2.5 2 0 2 5 5
-2746.7 6188.1 -76.1 181 0 6.9 14.2 5.0 2.5 2 1 2 4 4
