5562.6 1094.9 120.7 356 0 28.6 10.8 7.5 2.5 2 0 3 5 5
-1620.6 4210.2 281.1 90 0 17.0 7.7 7.5 2.5 2 0 3 0 0
-4695.8 -6284.6 -340.9 185 0 8.1 10.2 5.0 2.5 2 1 2 1 1
-4550.9 -6110.6 -339.7 104 0 6.1 8.9 7.5 2.5 2 1 3 2 2
-4605.6 -5528.8 -322.9 353 0 7.3 10.2 10.5 3.5 2 1 3 3 3
-4005.7 -5777.6 -322.6 126 0 27.1 35.2 12.5 0.0 0 1 5 5 5
-3959.8 -6228.8 -326.0 85 0 23.8 47.8 17.5 2.5 2 1 7 3 3
-3583.6 -6258.2 -330.2 197 0 13.6 10.0 5.0 2.5 2 0 2 2 2
-3588.8 -6280.6 -331.8 201 0 11.7 8.3 5.0 2.5 2 0 2 5 5
-3559.5 -6329.6 -334.2 309 0 9.6 7.9 7.5 0.0 0 0 3 3 3
-3702.1 -6244.7 -332.1 194 0 7.2 10.7 5.0 2.5 2 1 2 4 4
-3770.3 -6367.7 -336.0 213 0 12.3 13.5 5.0 2.5 2 1 2 0 0
-3787.0 -6386.9 -336.4 217 0 13.7 17.6 10.0 2.5 2 1 4 3 3
-3791.2 -6264.1 -327.9 333 0 9.2 9.5 7.5 2.5 2 1 3 0 0
-3826.4 -6230.3 -326.8 238 0 8.2 10.8 7.5 2.5 2 1 3 2 2
-3611.1 -6537.0 -340.1 114 0 15.9 14.5 10.0 2.5 2 0 4 2 2
-3683.6 -6624.8 -342.2 268 0 14.1 13.9 5.0 2.5 2 0 2 2 2
-3788.7 -6581.8 -336.4 156 0 12.0 13.2 7.5 2.5 2 1 3 0 0
-3729.3 -6585.7 -339.5 347 0 10.5 12.0 7.5 2.5 2 1 3 3 3
-4372.9 -6320.9 -338.2 95 0 11.8 9.8 7.5 2.5 2 0 3 4 4
-3532.7 -5568.5 -336.1 270 0 10.9 7.5 7.5 2.5 2 0 3 0 0
-3529.8 -5674.8 -340.6 16 0 20.8 9.4 5.0 2.5 2 0 2 5 5
1060.4 3432.3 330.6 129 0 6.2 6.5 7.5 2.5 4 1 3 4 4
1059.9 3490.4 336.8 358 0 7.8 7.3 5.0 2.5 2 0 2 3 3
1069.3 3204.6 330.3 232 0 7.9 11.7 5.0 2.5 2 1 2 3 3
567.0 3324.8 294.0 279 0 7.2 11.3 5.0 2.5 2 1 2 0 0
727.5 3240.0 275.2 355 0 7.6 8.3 5.0 2.5 2 1 2 1 1
712.3 3211.8 272.4 164 0 7.8 5.7 2.5 2.5 2 0 1 4 4
964.5 3492.1 327.7 1 0 9.6 7.5 7.5 2.5 4 0 3 2 2
989.9 3395.8 326.9 101 0 5.4 9.9 2.5 2.5 4 1 1 4 4
852.8 2982.4 273.7 94 0 9.2 11.2 7.5 2.5 2 1 3 3 3
840.8 3051.1 272.4 205 0 12.2 6.7 7.5 0.0 0 0 3 5 5
822.8 2822.6 254.9 194 0 11.2 6.1 2.5 2.5 2 0 1 3 3
881.5 2786.7 262.3 260 0 10.0 12.8 7.5 2.5 2 1 3 0 0
945.4 2727.7 271.9 269 0 12.4 11.0 5.0 0.0 0 0 2 1 1
937.8 2769.4 272.5 181 0 6.5 10.4 5.0 0.0 0 1 2 2 2
708.0 3055.0 257.7 190 0 8.7 6.1 2.5 2.5 2 0 1 4 4
647.0 2998.9 249.8 6 0 11.6 8.3 5.0 2.5 2 0 2 1 1
571.2 2823.4 218.8 167 0 11.0 9.7 2.5 2.5 2 0 1 2 2
443.3 2478.7 181.4 207 0 9.7 6.7 7.5 2.5 2 0 3 3 3
508.8 2740.6 203.2 343 0 9.9 7.0 5.0 2.5 2 0 2 5 5
471.2 2762.1 201.6 212 0 8.8 7.5 5.0 2.5 4 0 2 3 3
338.0 2603.1 182.1 124 0 6.1 8.8 7.5 2.5 4 1 3 0 0
301.5 2598.8 176.1 283 0 8.5 9.7 5.0 2.5 2 1 2 0 0
269.8 2668.9 169.3 358 0 9.1 5.9 5.0 0.0 0 0 2 5 5
269.3 2680.7 168.7 359 0 8.7 7.8 7.5 2.5 2 0 3 4 4
577.6 2405.8 184.9 105 0 7.0 10.1 2.5 2.5 2 1 1 1 1
609.6 2411.5 187.7 354 0 7.5 9.8 2.5 2.5 2 1 1 5 5
613.8 2353.7 185.8 335 0 10.8 10.2 5.0 0.0 0 0 2 1 1
653.1 2377.9 194.7 270 0 7.3 10.7 7.5 2.5 2 1 3 2 2
690.2 2320.4 195.5 358 0 10.1 9.3 7.5 2.5 2 0 3 4 4
558.9 2470.3 190.4 294 0 7.6 9.5 5.0 2.5 2 1 2 0 0
566.8 2284.5 175.1 96 0 13.1 9.5 7.5 2.5 2 0 3 4 4
567.4 2142.6 175.7 232 0 10.7 7.5 2.5 2.5 2 0 1 3 3
500.4 2204.8 159.3 77 0 13.4 7.4 7.5 2.5 2 0 3 0 0
464.0 2222.6 153.4 57 0 6.8 11.5 5.0 0.0 0 1 2 1 1
381.0 2058.1 144.3 33 0 11.7 12.2 7.5 2.5 2 1 3 0 0
289.5 2000.7 109.6 285 0 7.9 15.6 2.5 2.5 2 1 1 3 3
164.1 2132.4 113.8 307 0 9.3 9.4 5.0 2.5 2 1 2 0 0
109.7 2141.9 112.9 270 0 12.1 9.9 2.5 0.0 0 0 1 5 5
122.7 2269.1 127.1 257 0 8.4 9.8 7.5 2.5 2 1 3 1 1
187.9 2335.9 139.2 92 0 9.3 11.0 7.5 2.5 2 1 3 3 3
98.2 2486.6 146.9 75 0 14.4 15.5 10.0 2.5 2 1 4 5 5
82.1 2484.1 145.5 69 0 8.5 8.5 5.0 0.0 0 1 2 2 2
108.4 2603.5 148.8 19 0 15.6 7.6 2.5 2.5 4 0 1 4 4
-822.0 2854.3 110.7 242 0 10.4 39.4 12.5 2.5 2 1 5 5 5
-317.5 -2580.2 -242.4 180 0 48.7 56.5 12.5 0.0 0 1 5 2 2
4950.6 2324.8 362.9 297 0 42.7 13.9 10.0 2.5 2 0 4 3 3
6765.9 -6803.4 -360.2 208 0 12.2 9.5 5.0 2.5 2 0 2 3 3
6361.7 -6196.0 -366.3 180 0 29.1 22.5 12.5 0.0 0 0 5 3 3
6240.5 -6270.9 -344.0 91 0 20.3 21.7 10.0 2.5 2 1 4 1 1
6305.9 -6105.6 -371.3 257 0 16.0 11.5 5.0 2.5 2 0 2 3 3
6367.8 -6279.7 -348.7 350 0 16.1 13.0 5.0 2.5 2 0 2 4 4
6445.8 -6230.2 -363.7 333 0 13.7 28.6 12.5 2.5 2 1 5 1 1
6393.3 -6281.9 -352.1 139 0 8.3 12.6 5.0 2.5 2 1 2 3 3
6340.8 -6379.2 -357.4 77 0 14.8 9.5 5.0 2.5 2 0 2 1 1
642.6 -6252.7 -339.3 152 0 21.9 12.0 15.0 0.0 0 0 6 4 4
4089.2 -3120.5 -341.2 98 0 14.4 36.5 10.0 2.5 2 1 4 4 4
