295.8 -4324.0 -25.4 87 0 16.1 20.3 12.5 2.5 2 1 5 3 3
948.4 -6683.9 -8.6 177 0 30.1 9.6 7.5 0.0 0 0 3 5 5
5643.7 6326.6 -1.8 358 0 42.7 36.2 10.0 0.0 0 0 4 1 1
5667.4 4824.5 -9.7 3 0 34.8 26.6 10.0 0.0 0 0 4 0 0
635.1 3979.8 16.1 114 0 22.9 37.7 10.0 0.0 0 1 4 1 1
163.3 4084.1 21.2 277 0 31.1 41.7 5.0 0.0 0 1 2 0 0
1120.2 1895.1 -11.6 267 0 26.0 24.4 12.5 0.0 0 0 5 3 3
6084.5 3168.0 0.9 269 0 27.1 34.8 12.5 0.0 0 1 5 0 0
6299.9 4567.3 4.7 1 0 43.1 34.2 7.5 0.0 0 0 3 3 3
2714.1 -5448.2 0.7 43 0 59.7 71.3 10.0 0.0 0 1 4 4 4
1564.8 -4073.1 -13.5 272 0 11.6 45.3 12.5 0.0 0 1 5 4 4
259.2 -5932.5 -27.3 270 0 6.6 8.0 5.0 2.5 2 1 2 0 0
250.1 -5901.0 -35.1 71 0 7.0 8.8 5.0 2.5 2 1 2 2 2
247.1 -5832.0 -36.4 0 0 7.7 8.6 7.5 2.5 2 1 3 5 5
422.9 -6174.9 -10.6 149 0 7.2 4.4 7.5 2.5 2 0 3 5 5
418.9 -6267.4 -16.4 360 0 7.3 10.8 7.5 2.5 2 1 3 5 5
524.6 -5980.1 -13.1 326 0 6.7 7.8 5.0 2.5 2 1 2 5 5
537.1 -5984.3 -8.5 265 0 9.8 10.5 7.5 2.5 2 1 3 1 1
744.8 -6220.7 -6.1 3 0 8.4 11.3 7.5 2.5 2 1 3 0 0
835.1 -6241.2 -8.7 7 0 8.3 8.4 7.5 2.5 2 1 3 0 0
741.7 -6270.9 -16.6 184 0 6.7 13.3 7.5 2.5 2 1 3 5 5
484.2 -6331.5 -17.6 294 0 12.9 4.8 5.0 2.5 2 0 2 1 1
447.5 -6362.6 -24.0 96 0 7.5 5.6 2.5 2.5 2 0 1 5 5
349.1 -6266.1 -12.5 90 0 4.8 7.0 5.0 0.0 0 1 2 0 0
360.6 -6395.3 -22.6 43 0 8.7 4.3 7.5 2.5 2 0 3 1 1
637.3 -6328.1 -9.2 273 0 10.9 14.0 5.0 2.5 2 1 2 3 3
686.8 -6395.1 -14.8 86 0 3.2 8.0 5.0 2.5 2 0 2 2 2
634.1 -6493.4 -21.3 0 0 8.9 5.2 7.5 0.0 0 0 3 4 4
630.8 -6578.3 -12.2 90 0 8.2 9.5 5.0 2.5 2 1 2 4 4
818.8 -6524.0 -20.2 131 0 5.0 6.8 5.0 2.5 2 1 2 5 5
786.2 -6659.9 -21.6 178 0 7.9 5.7 5.0 2.5 4 0 2 2 2
957.8 -6552.3 -11.8 272 0 12.3 7.1 7.5 2.5 4 0 3 1 1
1031.4 -6595.3 -11.1 268 0 5.0 8.6 7.5 2.5 2 1 3 2 2
980.9 -6447.7 -21.1 5 0 11.7 10.1 2.5 2.5 4 0 1 1 1
1047.3 -6635.2 -9.1 355 0 7.8 6.8 5.0 2.5 2 0 2 5 5
843.6 -6800.1 -21.0 355 0 9.3 6.7 7.5 2.5 2 0 3 2 2
-6525.1 1303.3 8.0 148 0 12.9 14.2 10.0 2.5 2 1 4 5 5
-6377.1 1394.4 13.7 0 0 5.2 8.7 2.5 2.5 2 0 1 0 0
-6337.7 1492.9 19.4 253 0 5.6 7.2 2.5 2.5 2 1 1 0 0
-6236.4 1477.0 16.0 274 0 10.1 10.4 2.5 2.5 2 1 1 2 2
-6231.9 1587.2 7.4 64 0 13.9 6.2 7.5 2.5 2 0 3 3 3
-6439.7 1879.3 17.6 308 0 10.5 9.9 5.0 2.5 2 0 2 2 2
-6483.4 1846.4 20.6 210 0 8.4 8.8 5.0 2.5 4 1 2 4 4
-6501.7 1547.2 22.4 112 0 12.8 14.4 7.5 2.5 2 1 3 0 0
-6408.3 1668.8 18.1 189 0 9.0 8.7 7.5 2.5 2 0 3 2 2
-6363.7 1548.6 20.1 297 0 13.2 12.9 5.0 2.5 2 0 2 5 5
-6569.9 1697.2 28.2 216 0 10.8 8.9 7.5 2.5 2 0 3 4 4
-6526.6 1727.3 26.2 307 0 10.5 10.0 5.0 0.0 0 0 2 5 5
-6628.2 1755.3 27.2 289 0 12.2 13.3 7.5 2.5 2 1 3 0 0
-6609.2 1909.0 23.0 29 0 12.2 8.5 2.5 2.5 2 0 1 3 3
-6728.4 1774.3 27.3 284 0 5.2 9.7 5.0 0.0 0 1 2 3 3
-6749.2 1774.6 27.3 271 0 15.4 10.2 7.5 2.5 2 0 3 4 4
-6752.6 1711.8 23.1 175 0 6.2 6.8 7.5 2.5 2 1 3 2 2
-6815.9 1767.6 26.6 99 0 13.5 14.4 5.0 2.5 2 1 2 0 0
-6908.8 1841.3 25.8 196 0 11.0 10.3 7.5 2.5 2 0 3 3 3
-6604.8 2217.9 4.2 83 0 8.7 13.3 2.5 2.5 2 1 1 4 4
-6763.9 2128.0 7.6 86 0 9.1 8.8 7.5 2.5 2 0 3 1 1
-6913.7 2096.7 16.6 175 0 9.5 11.4 5.0 0.0 0 1 2 2 2
-6843.5 2069.1 14.0 121 0 7.2 8.6 7.5 2.5 2 1 3 1 1
-6849.2 332.7 -5.3 259 0 9.8 12.3 2.5 2.5 2 1 1 2 2
-6827.7 321.5 -3.0 267 0 4.8 10.4 5.0 2.5 2 1 2 0 0
-6712.4 288.9 6.0 106 0 10.2 10.6 2.5 0.0 0 1 1 4 4
-6534.3 616.7 6.7 87 0 10.2 10.7 7.5 2.5 2 1 3 5 5
-6609.9 165.4 16.4 264 0 12.9 14.6 7.5 2.5 2 1 3 5 5
-6584.0 162.5 15.0 261 0 13.5 9.0 7.5 2.5 2 0 3 0 0
-6501.2 101.8 12.9 349 0 13.7 11.1 5.0 0.0 0 0 2 1 1
-6530.9 132.2 12.3 337 0 17.0 15.5 10.0 2.5 4 0 4 5 5
-6556.6 126.7 13.2 255 0 15.4 10.6 5.0 2.5 2 0 2 4 4
-6680.7 41.4 15.9 21 0 14.6 18.2 12.5 0.0 0 1 5 0 0
-6618.1 46.1 19.7 184 0 7.7 8.6 5.0 2.5 2 1 2 0 0
-6583.0 1.5 18.1 90 0 9.9 10.9 7.5 2.5 2 1 3 0 0
-6536.8 71.7 15.5 90 0 9.5 9.8 5.0 2.5 2 1 2 1 1
-6490.1 -43.2 13.9 183 0 9.7 9.3 5.0 2.5 2 0 2 0 0
-6459.5 -4.9 14.0 249 0 12.2 25.8 12.5 2.5 2 1 5 3 3
-6409.5 98.1 8.4 266 0 4.9 9.5 5.0 2.5 2 1 2 2 2
-6415.0 10.9 12.1 268 0 8.6 13.4 5.0 2.5 2 1 2 3 3
-6381.2 53.3 7.8 81 0 9.4 9.3 5.0 2.5 2 0 2 1 1
-6325.0 96.2 5.6 359 0 16.2 10.2 5.0 2.5 2 0 2 1 1
-6304.2 115.3 2.6 165 0 32.7 15.4 15.0 0.0 0 0 6 0 0
-6298.0 88.7 4.4 168 0 14.1 5.4 5.0 2.5 2 0 2 4 4
-6287.1 78.9 5.5 155 0 7.7 10.5 7.5 2.5 2 1 3 5 5
-6286.6 91.0 4.8 146 0 7.3 7.1 5.0 2.5 2 0 2 5 5
-6300.2 35.5 5.5 181 0 17.1 10.2 7.5 2.5 4 0 3 5 5
-6303.3 -8.5 5.5 187 0 15.6 15.7 10.0 2.5 2 1 4 3 3
-6338.0 -18.7 7.8 7 0 20.9 8.4 2.5 2.5 4 0 1 1 1
-6470.3 -67.1 11.6 89 0 11.0 11.2 5.0 2.5 2 1 2 2 2
-6651.2 -150.3 9.9 178 0 11.0 9.1 2.5 2.5 2 0 1 1 1
-6668.1 -105.6 9.0 358 0 10.1 11.4 5.0 2.5 2 1 2 3 3
-5853.0 205.3 4.8 22 0 12.3 9.3 7.5 2.5 2 0 3 5 5
-5867.1 234.7 5.5 282 0 8.4 5.9 7.5 2.5 2 0 3 2 2
6229.1 164.6 4.0 126 0 6.8 45.0 7.5 0.0 0 1 3 2 2
6078.4 197.7 6.1 190 0 15.7 14.5 5.0 2.5 2 0 2 0 0
6008.3 20.9 4.1 204 0 16.6 12.4 5.0 2.5 2 0 2 4 4
6083.6 96.6 4.5 270 0 8.9 24.5 7.5 2.5 2 1 3 2 2
6081.5 249.0 5.1 202 0 13.9 15.9 5.0 2.5 2 1 2 0 0
6125.0 281.4 3.9 280 0 10.6 16.8 5.0 2.5 2 1 2 4 4
6146.4 282.4 1.6 284 0 15.3 19.0 10.0 0.0 0 1 4 5 5
6151.7 300.1 -0.5 95 0 13.0 19.1 7.5 2.5 2 1 3 0 0
6036.1 199.7 6.4 85 0 6.0 25.6 5.0 2.5 2 1 2 1 1
6058.1 328.9 3.6 194 0 36.8 15.8 12.5 2.5 4 0 5 1 1
6079.5 421.1 1.4 177 0 28.9 12.1 7.5 2.5 2 0 3 4 4
6124.3 543.9 1.4 83 0 10.6 20.4 5.0 2.5 2 1 2 0 0
6103.6 701.6 2.7 186 0 24.2 18.4 10.0 0.0 0 0 4 3 3
6186.1 744.9 2.1 288 0 13.5 9.7 5.0 2.5 4 0 2 0 0
6204.3 695.9 1.5 118 0 14.9 15.7 5.0 2.5 2 1 2 3 3
6123.5 668.4 2.4 182 0 8.3 6.4 7.5 2.5 2 0 3 2 2
5548.1 -129.8 8.3 87 0 61.3 56.4 12.5 0.0 0 0 5 2 2
5405.1 -119.1 8.3 266 0 14.9 13.1 2.5 2.5 4 0 1 2 2
5466.5 -77.9 10.5 237 0 15.4 14.7 12.5 2.5 2 0 5 0 0
5607.6 0.9 15.8 267 0 16.0 12.5 5.0 2.5 2 0 2 4 4
5625.8 15.7 14.8 272 0 11.4 12.7 5.0 0.0 0 1 2 3 3
5676.1 0.0 14.9 293 0 12.4 20.5 10.0 2.5 2 1 4 0 0
5663.3 -76.7 12.8 97 0 14.0 16.9 5.0 2.5 2 1 2 2 2
5665.1 -107.1 10.5 84 0 22.1 17.1 15.0 0.0 0 0 6 1 1
5694.5 -53.7 14.5 5 0 15.3 15.6 7.5 2.5 2 1 3 2 2
5722.1 -90.7 13.3 352 0 10.0 12.9 5.0 2.5 2 1 2 4 4
5700.1 -148.4 9.3 180 0 8.8 15.4 2.5 2.5 2 1 1 2 2
5888.8 98.6 7.9 274 0 16.8 16.7 7.5 2.5 2 0 3 5 5
5961.6 -2.6 6.0 13 0 15.2 17.1 7.5 2.5 2 1 3 4 4
5965.5 71.7 5.5 98 0 16.8 18.9 10.0 2.5 2 1 4 1 1
5996.3 97.2 4.7 20 0 10.1 42.8 12.5 2.5 2 0 5 3 3
5994.9 83.4 4.8 13 0 14.6 8.3 7.5 2.5 2 0 3 2 2
5822.2 61.8 10.1 94 0 6.8 9.1 7.5 2.5 2 1 3 4 4
5558.2 14.1 12.0 62 0 21.2 18.6 15.0 0.0 0 0 6 3 3
5362.1 -93.5 9.0 85 0 14.3 13.2 5.0 2.5 2 0 2 1 1
5428.0 -68.7 10.6 61 0 19.2 13.8 7.5 2.5 2 0 3 5 5
5457.5 -56.3 11.5 62 0 25.5 9.6 7.5 2.5 2 0 3 4 4
5477.4 -51.7 12.0 62 0 11.8 14.9 5.0 2.5 2 0 2 1 1
5501.9 -32.5 11.7 48 0 22.5 24.8 10.0 0.0 0 1 4 1 1
5266.5 -90.7 5.7 267 0 15.8 16.8 12.5 2.5 2 1 5 0 0
5275.3 -140.8 7.2 75 0 18.7 12.5 5.0 2.5 2 0 2 3 3
5194.7 -139.9 4.4 269 0 15.9 13.9 10.0 0.0 0 0 4 0 0
5091.6 -80.8 -4.2 280 0 11.8 13.8 10.0 2.5 2 1 4 1 1
5036.7 -119.6 -3.5 79 0 16.4 15.5 10.0 2.5 2 0 4 4 4
5268.1 -13.8 1.3 96 0 18.4 12.2 5.0 0.0 0 0 2 2 2
5254.9 47.2 -3.3 8 0 11.5 18.8 5.0 0.0 0 1 2 5 5
5308.7 135.6 1.7 107 0 19.5 26.8 10.0 2.5 4 1 4 5 5
5223.4 84.0 -2.7 273 0 13.7 11.9 10.0 2.5 2 0 4 0 0
5375.9 44.0 5.3 182 0 19.6 20.4 15.0 0.0 0 1 6 2 2
5414.8 59.9 5.9 357 0 15.1 12.8 5.0 0.0 0 0 2 0 0
-4263.5 -659.4 6.4 142 0 7.6 8.4 2.5 2.5 2 1 1 5 5
-4160.6 -620.4 15.4 0 0 10.0 10.5 2.5 2.5 2 1 1 3 3
-4263.9 -641.8 6.0 220 0 7.6 7.2 5.0 2.5 2 0 2 5 5
-4211.0 -582.8 9.5 291 0 8.6 8.5 7.5 2.5 2 0 3 5 5
-4126.3 -526.3 15.6 9 0 17.8 16.6 12.5 2.5 2 0 5 2 2
-4123.6 -556.2 17.0 355 0 14.7 13.9 2.5 2.5 4 0 1 0 0
-4141.7 -458.4 13.8 203 0 14.7 14.3 2.5 2.5 2 0 1 1 1
-4138.6 -288.7 12.2 29 0 19.2 19.6 10.0 2.5 4 1 4 4 4
-4188.7 -312.6 12.9 22 0 15.9 14.9 2.5 2.5 2 0 1 1 1
-4167.7 -241.1 11.4 189 0 8.5 17.0 7.5 2.5 2 1 3 3 3
-4324.5 -203.3 9.8 41 0 15.2 14.0 10.0 2.5 2 0 4 3 3
-4362.8 -204.6 10.9 218 0 15.0 15.2 2.5 2.5 2 1 1 0 0
-4377.0 -245.9 13.3 39 0 9.6 14.1 7.5 2.5 2 1 3 1 1
-4769.3 -366.1 0.4 141 0 7.1 22.1 7.5 2.5 2 1 3 5 5
-4964.4 -284.1 -3.5 342 0 7.3 42.9 7.5 2.5 2 1 3 2 2
-4961.9 -293.5 -2.5 343 0 6.5 43.2 7.5 2.5 2 1 3 0 0
-4963.2 -303.8 -1.3 342 0 6.3 44.5 7.5 2.5 2 1 3 0 0
-4967.7 -318.7 0.2 350 0 7.7 29.7 5.0 2.5 2 1 2 1 1
-5029.2 -320.7 -2.5 156 0 13.5 15.3 10.0 2.5 2 1 4 4 4
-5373.4 -372.4 -3.4 313 0 29.0 15.2 12.5 2.5 2 0 5 3 3
-5451.1 -305.3 -3.4 304 0 41.9 27.8 10.0 0.0 0 0 4 5 5
-5430.1 -326.7 -2.0 303 0 16.9 15.1 12.5 2.5 2 0 5 2 2
-5503.9 -319.8 -4.2 124 0 37.7 12.4 10.0 2.5 2 0 4 3 3
-5479.9 -290.0 -3.6 302 0 18.4 20.3 10.0 2.5 2 1 4 5 5
-5556.2 -272.9 -3.8 306 0 9.9 10.1 5.0 2.5 2 1 2 0 0
-5660.2 -204.3 4.6 122 0 7.1 8.4 5.0 2.5 2 1 2 4 4
-5640.2 -165.2 8.4 300 0 7.6 8.9 7.5 2.5 2 1 3 0 0
-5599.3 -191.6 3.6 289 0 16.3 19.0 10.0 2.5 2 1 4 4 4
-5595.5 -819.7 0.7 291 0 8.4 8.6 7.5 2.5 2 1 3 1 1
-5629.1 -1282.3 2.8 44 0 8.6 10.5 5.0 2.5 2 1 2 5 5
-5047.0 -1424.5 4.1 117 0 16.7 14.7 10.0 2.5 2 0 4 3 3
-5081.7 -1438.5 8.2 271 0 11.2 9.6 5.0 2.5 4 0 2 0 0
-5018.9 -1416.8 2.6 227 0 15.4 11.4 2.5 2.5 2 0 1 4 4
-4978.6 -1462.0 2.9 344 0 11.6 12.6 2.5 2.5 2 1 1 4 4
-4985.8 -1384.3 -1.9 182 0 14.1 15.8 10.0 2.5 2 1 4 0 0
-4964.8 -1324.9 -5.3 264 0 8.2 8.7 7.5 2.5 2 1 3 3 3
-5130.1 -1401.5 9.1 95 0 9.1 7.0 2.5 2.5 2 0 1 5 5
-5360.3 -1531.4 17.6 31 0 15.6 14.1 7.5 2.5 4 0 3 1 1
-5343.1 -1497.4 17.4 29 0 4.8 7.5 5.0 2.5 2 1 2 1 1
-5329.6 -1471.0 16.4 32 0 13.7 13.3 7.5 2.5 2 0 3 2 2
-5617.5 -2204.0 9.0 48 0 16.9 12.3 5.0 2.5 2 0 2 2 2
-5609.1 -2212.5 6.6 234 0 10.1 14.1 7.5 2.5 2 0 3 2 2
-6471.5 -5314.4 -8.3 3 0 18.7 14.5 15.0 0.0 0 0 6 3 3
-6455.4 -5342.8 -6.4 7 0 15.4 16.3 10.0 2.5 2 1 4 5 5
-6432.4 -5341.0 -5.2 172 0 22.6 16.2 12.5 2.5 4 0 5 5 5
-6742.5 -4788.4 -5.2 270 0 18.3 18.6 12.5 2.5 2 1 5 2 2
-6776.4 -4762.1 -4.3 272 0 15.8 22.0 10.0 2.5 2 1 4 2 2
-6786.4 -4529.4 -9.9 278 0 16.9 15.7 10.0 2.5 2 0 4 3 3
-6476.7 -6129.9 -10.4 352 0 16.3 17.5 7.5 2.5 2 1 3 2 2
-6546.9 -6075.3 -8.2 169 0 17.0 16.3 10.0 2.5 2 0 4 1 1
-6546.1 -6123.9 -7.9 338 0 16.5 16.3 12.5 2.5 2 0 5 0 0
-6565.3 -6067.3 -7.0 116 0 21.7 15.0 10.0 2.5 2 0 4 1 1
-6585.0 -6016.7 -5.3 178 0 18.1 15.3 7.5 2.5 4 0 3 1 1
-6619.3 -5965.8 -2.8 351 0 17.0 17.0 12.5 2.5 2 1 5 4 4
-6589.2 -5801.8 0.7 1 0 16.9 16.5 10.0 2.5 2 0 4 0 0
-6589.5 -5773.4 1.5 359 0 17.3 14.6 10.0 2.5 2 0 4 1 1
-6592.6 -5733.7 -0.1 357 0 38.7 19.4 10.0 0.0 0 0 4 0 0
-6565.6 -5770.8 0.2 182 0 19.4 19.9 7.5 2.5 2 1 3 1 1
-6623.0 -5534.7 -6.3 92 0 16.7 21.2 10.0 2.5 4 1 4 3 3
6655.2 -5165.5 -3.4 80 0 13.7 22.4 12.5 2.5 2 1 5 3 3
6589.2 -5139.7 -4.6 303 0 14.9 11.7 7.5 2.5 2 0 3 2 2
6524.9 -5194.7 -5.0 186 0 16.6 20.1 10.0 2.5 2 1 4 3 3
6505.3 -5087.3 -3.1 99 0 15.7 14.4 5.0 2.5 2 0 2 0 0
6512.0 -5102.4 -3.2 347 0 15.5 11.7 7.5 2.5 2 0 3 4 4
6483.9 -5127.6 -2.2 18 0 8.2 18.3 7.5 2.5 2 1 3 2 2
6437.2 -4993.5 0.1 14 0 12.2 15.8 7.5 2.5 4 1 3 1 1
6373.5 -5222.9 0.8 183 0 14.5 13.9 2.5 2.5 2 0 1 3 3
6403.9 -5259.3 0.2 97 0 11.7 10.9 2.5 2.5 2 0 1 2 2
6295.1 -4988.8 6.5 180 0 14.4 15.0 10.0 2.5 2 1 4 3 3
6347.6 -5010.1 5.9 94 0 10.3 12.0 2.5 2.5 2 1 1 2 2
6453.1 -5871.3 6.3 16 0 12.5 12.8 7.5 2.5 2 1 3 0 0
6384.1 -6461.3 -9.8 282 0 10.0 9.7 2.5 2.5 4 0 1 0 0
6400.5 -6784.1 2.0 94 0 13.7 14.0 7.5 2.5 2 1 3 1 1
6420.2 -6665.8 0.5 13 0 10.8 15.4 5.0 0.0 0 1 2 5 5
6349.0 -6768.3 -8.6 73 0 11.4 18.5 5.0 2.5 4 1 2 2 2
6688.2 -6093.4 6.2 100 0 10.4 11.6 7.5 2.5 2 1 3 5 5
6775.2 -5801.1 -0.8 87 0 12.0 8.6 7.5 2.5 2 0 3 5 5
6820.7 -5739.3 -2.0 192 0 13.7 17.1 7.5 2.5 2 1 3 4 4
6834.7 -5670.0 -1.7 182 0 15.8 9.9 5.0 2.5 2 0 2 0 0
6337.5 -6506.8 -15.2 86 0 14.8 22.9 10.0 2.5 2 1 4 1 1
6325.2 -6443.9 -15.2 187 0 21.9 13.7 10.0 2.5 2 0 4 2 2
6530.8 -6186.0 -0.8 358 0 19.0 12.0 10.0 2.5 2 0 4 1 1
6599.7 -6137.3 -1.1 0 0 15.7 10.3 5.0 2.5 2 0 2 0 0
6680.2 -6015.9 -2.7 178 0 11.6 12.0 5.0 2.5 2 1 2 5 5
6781.5 -5576.6 -3.9 190 0 19.6 21.1 15.0 0.0 0 1 6 1 1
6846.6 -5508.7 -1.6 292 0 14.1 14.9 2.5 2.5 2 1 1 2 2
6913.5 -5478.3 7.5 206 0 19.6 11.2 2.5 2.5 4 0 1 3 3
6882.8 -5610.1 4.9 88 0 10.6 10.0 7.5 2.5 2 0 3 4 4
6693.3 -5209.0 -3.5 92 0 17.2 17.4 7.5 2.5 2 1 3 0 0
6701.6 -5143.9 -1.2 1 0 17.7 11.4 2.5 2.5 2 0 1 5 5
6612.7 -5064.6 0.6 184 0 21.1 18.1 10.0 2.5 2 0 4 2 2
6571.2 -5292.9 -7.1 98 0 18.0 12.2 7.5 2.5 2 0 3 2 2
6482.4 -5348.9 -2.9 172 0 12.6 12.7 5.0 2.5 2 1 2 1 1
6496.7 -5395.4 -1.3 158 0 17.0 12.5 5.0 2.5 2 0 2 0 0
6405.8 -4975.9 1.5 206 0 16.8 13.2 7.5 2.5 4 0 3 3 3
6054.8 -6757.5 -15.9 12 0 20.9 10.4 7.5 2.5 2 0 3 3 3
6090.1 -6639.8 -12.0 93 0 9.6 12.2 5.0 2.5 2 1 2 4 4
6096.1 -6565.3 -10.8 269 0 10.1 15.1 2.5 2.5 2 1 1 5 5
6123.7 -6605.9 -13.3 0 0 11.4 18.2 10.0 2.5 2 1 4 4 4
6076.5 -6406.8 -13.5 1 0 28.5 7.9 7.5 2.5 2 0 3 1 1
6143.0 -6262.9 -15.1 39 0 17.4 8.0 5.0 2.5 2 0 2 0 0
6207.9 -4989.0 9.0 91 0 19.7 13.6 10.0 0.0 0 0 4 3 3
5922.3 -5015.8 9.2 102 0 12.2 17.2 5.0 2.5 2 1 2 0 0
5598.1 -5205.3 15.0 255 0 14.4 14.3 5.0 0.0 0 0 2 1 1
5500.3 -5053.8 9.3 84 0 13.0 12.7 7.5 2.5 2 0 3 0 0
5479.6 -5214.2 20.2 310 0 12.1 12.4 5.0 2.5 2 1 2 0 0
5481.5 -5272.2 29.2 85 0 9.6 10.4 5.0 2.5 2 1 2 0 0
5418.8 -5150.4 8.0 107 0 17.4 15.6 12.5 2.5 2 0 5 1 1
-6507.0 269.6 15.3 87 0 13.5 15.8 7.5 2.5 2 1 3 1 1
-6245.1 359.5 -0.1 223 0 31.8 12.6 12.5 2.5 2 0 5 1 1
-6244.7 426.7 -1.7 29 0 13.0 6.1 2.5 2.5 2 0 1 3 3
-6130.1 158.3 10.0 89 0 11.1 15.6 5.0 2.5 2 1 2 2 2
-6236.6 1012.6 20.5 23 0 10.9 14.8 5.0 2.5 2 1 2 5 5
-6388.6 -454.0 28.6 103 0 10.5 11.7 7.5 2.5 2 1 3 5 5
-6319.6 -472.1 20.3 7 0 11.6 13.1 7.5 2.5 2 1 3 5 5
-3661.6 -3512.6 -9.8 258 0 15.9 18.8 10.0 2.5 2 1 4 0 0
-3432.5 -3564.7 -15.8 94 0 14.0 13.1 10.0 2.5 2 0 4 4 4
-3387.2 -3512.6 -20.7 1 0 14.1 14.6 2.5 0.0 0 1 1 4 4
-3240.8 -3194.1 -21.7 94 0 16.1 15.5 7.5 2.5 2 0 3 2 2
-2570.6 -2947.6 -5.2 25 0 16.3 19.5 12.5 2.5 2 1 5 0 0
-2566.3 -2910.2 -5.9 297 0 18.6 15.5 12.5 2.5 2 0 5 0 0
-2614.6 -3183.5 -6.0 357 0 11.9 16.9 10.0 2.5 2 1 4 0 0
-2593.5 -3157.0 -5.5 4 0 8.2 16.3 5.0 2.5 2 1 2 1 1
-2938.7 -3003.2 -16.0 266 0 20.1 17.4 15.0 0.0 0 0 6 5 5
-2999.1 -3031.6 -15.0 178 0 9.2 16.4 5.0 2.5 2 1 2 3 3
-3003.2 -3002.8 -17.3 180 0 14.0 15.6 7.5 2.5 2 1 3 1 1
-3015.7 -3232.3 -19.4 108 0 21.6 35.9 15.0 0.0 0 1 6 0 0
-3054.7 -3234.0 -19.4 92 0 28.0 15.9 12.5 2.5 4 0 5 2 2
-2954.4 -3190.6 -17.1 349 0 15.3 15.3 2.5 2.5 2 0 1 0 0
-3065.5 -3197.0 -17.2 186 0 18.4 25.6 10.0 2.5 2 1 4 0 0
-2924.1 -3398.9 -22.4 88 0 16.8 11.2 2.5 2.5 2 0 1 3 3
-3108.7 -3640.4 -19.6 174 0 19.7 33.2 12.5 0.0 0 1 5 0 0
-2873.2 -3548.3 -13.9 96 0 16.0 18.8 12.5 2.5 2 1 5 1 1
-2859.4 -3466.4 -17.0 111 0 15.9 9.0 2.5 2.5 2 0 1 4 4
-2799.7 -3400.1 -18.6 275 0 20.3 14.1 10.0 2.5 2 0 4 3 3
-2749.6 -3673.5 -9.1 179 0 16.5 16.9 7.5 2.5 2 1 3 5 5
-2704.3 -3692.1 -11.5 8 0 23.6 20.7 12.5 2.5 2 0 5 3 3
-2567.5 -3754.4 -16.2 80 0 14.3 9.1 5.0 2.5 2 0 2 3 3
-2509.1 -3598.1 -12.6 176 0 13.4 17.6 5.0 2.5 2 1 2 0 0
-2444.5 -3461.7 -11.0 92 0 15.7 15.8 10.0 2.5 2 1 4 3 3
-2392.9 -3865.0 -12.5 4 0 15.3 16.4 2.5 2.5 2 1 1 5 5
-2496.3 -3420.4 -16.0 258 0 19.3 19.5 12.5 2.5 2 1 5 3 3
-2459.0 -3622.1 -11.6 99 0 16.5 7.7 5.0 2.5 2 0 2 1 1
-2420.6 -3555.7 -4.4 180 0 12.3 14.0 5.0 2.5 2 1 2 2 2
-2476.0 -3691.7 -13.8 172 0 8.3 19.7 5.0 0.0 0 1 2 1 1
-2413.9 -3952.2 -5.9 137 0 19.3 15.3 12.5 2.5 2 0 5 1 1
-3624.6 -3522.6 -10.4 271 0 16.2 17.7 10.0 2.5 2 1 4 2 2
-5640.1 -85.0 17.5 91 0 9.0 6.6 7.5 2.5 2 0 3 2 2
-5589.0 -79.7 17.6 84 0 5.1 6.9 7.5 0.0 0 1 3 3 3
-5501.8 -26.9 14.7 266 0 15.5 12.6 2.5 2.5 2 0 1 1 1
-5484.0 77.0 14.6 113 0 18.6 17.3 12.5 2.5 2 0 5 0 0
-5664.7 1131.1 -2.6 227 0 10.6 12.5 5.0 2.5 2 1 2 4 4
-5633.3 1236.3 -5.2 211 0 12.3 6.2 5.0 2.5 2 0 2 4 4
-5636.9 1258.9 -4.7 199 0 12.8 13.7 2.5 2.5 2 1 1 4 4
-5638.2 1303.3 -3.5 11 0 27.3 10.4 7.5 2.5 2 0 3 1 1
-562.0 -5345.4 -26.0 96 0 14.6 15.6 7.5 2.5 2 1 3 5 5
217.4 -6799.4 -23.1 100 0 9.2 15.8 2.5 2.5 2 1 1 2 2
-403.5 -6554.6 -14.4 116 0 14.0 12.6 5.0 2.5 2 0 2 3 3
-493.6 -6540.8 -22.3 94 0 15.2 15.1 5.0 0.0 0 0 2 3 3
-557.4 -6664.5 -22.3 117 0 10.3 16.0 2.5 0.0 0 1 1 4 4
-766.9 -6063.3 -22.8 178 0 12.6 16.8 5.0 2.5 2 1 2 3 3
-724.6 -6063.7 -24.7 312 0 17.5 12.1 5.0 2.5 2 0 2 0 0
-773.5 -6104.8 -22.8 177 0 14.3 17.0 10.0 2.5 4 1 4 0 0
-640.4 -5853.9 -30.9 351 0 17.1 15.8 10.0 2.5 2 0 4 2 2
-676.2 -5830.3 -28.1 268 0 6.2 6.5 5.0 2.5 2 0 2 3 3
-651.5 -5896.6 -30.3 351 0 10.1 10.4 7.5 2.5 2 1 3 1 1
-625.0 -5591.0 -27.1 103 0 12.2 13.3 5.0 2.5 2 1 2 3 3
-461.6 -5131.9 -16.7 199 0 20.8 17.0 12.5 2.5 2 0 5 1 1
-382.2 -5089.4 -14.0 111 0 14.2 11.2 5.0 2.5 2 0 2 5 5
3956.2 1561.8 -3.4 110 0 12.2 12.9 5.0 2.5 2 1 2 4 4
1975.0 3575.0 17.1 90 0 19.3 37.1 2.5 2.5 2 1 1 1 1
2881.8 -5380.7 7.7 213 0 10.3 63.1 12.5 2.5 2 1 5 5 5
524.6 3948.9 20.9 283 0 17.0 16.2 10.0 2.5 2 0 4 4 4
-2080.6 -2076.1 11.8 193 0 16.8 17.7 12.5 2.5 4 1 5 0 0
2164.8 3910.9 17.7 25 0 40.3 8.6 7.5 2.5 2 0 3 3 3
2883.6 4470.7 14.8 100 0 20.3 22.7 10.0 0.0 0 1 4 5 5
2766.5 -5455.9 5.3 215 0 35.6 32.0 5.0 0.0 0 0 2 2 2
2808.4 -5657.0 -1.3 280 0 7.3 19.5 7.5 2.5 2 1 3 3 3
2171.6 3848.2 15.6 196 0 22.8 14.2 10.0 2.5 4 0 4 4 4
-82.4 -6716.9 -33.8 357 0 12.2 10.5 7.5 2.5 2 0 3 3 3
-126.0 -6757.5 -35.3 184 0 9.4 8.4 2.5 0.0 0 0 1 2 2
-63.4 -6756.9 -36.7 358 0 29.4 10.9 10.0 2.5 4 0 4 4 4
-805.1 -6288.9 -31.9 217 0 9.5 12.9 7.5 2.5 2 1 3 4 4
-2050.9 2423.4 10.9 114 0 10.3 23.5 5.0 2.5 2 1 2 2 2
2754.9 -5432.7 6.3 141 0 15.4 22.1 2.5 2.5 2 1 1 3 3
299.4 -4198.2 -25.4 200 0 10.6 6.9 7.5 2.5 2 0 3 2 2
2745.7 -5309.5 7.2 226 0 25.6 68.2 2.5 0.0 0 1 1 1 1
96.3 -4071.5 -17.5 268 0 32.2 28.5 12.5 0.0 0 0 5 0 0
1698.3 -4421.8 -19.4 210 0 10.4 18.3 5.0 0.0 0 1 2 2 2
359.4 369.5 2.9 292 0 10.7 63.9 12.5 2.5 2 1 5 4 4
