-5363.9 -1719.3 254.2 307 0 19.9 21.1 7.5 2.5 2 1 3 0 0
-5408.2 -1694.0 255.4 13 0 11.1 31.3 12.5 2.5 2 1 5 3 3
-3743.5 -1331.3 259.2 121 0 45.1 14.2 10.0 2.5 2 0 4 5 5
-5844.5 -3126.8 305.9 156 0 22.1 30.7 10.0 0.0 0 1 4 2 2
-3957.7 -811.2 249.8 306 0 14.3 72.5 12.5 2.5 2 1 5 0 0
-5417.3 -684.5 357.7 335 0 15.9 14.3 7.5 2.5 4 0 3 1 1
-5495.4 -761.7 364.7 0 0 13.3 12.8 7.5 2.5 4 0 3 1 1
-5435.3 -730.8 360.2 69 0 12.1 15.1 2.5 2.5 2 1 1 1 1
-5485.5 -730.5 362.7 359 0 13.8 15.2 5.0 2.5 2 1 2 4 4
-5495.9 -807.9 357.1 356 0 13.4 16.0 5.0 2.5 4 1 2 3 3
-3603.7 -2343.4 187.0 58 0 57.1 22.1 12.5 2.5 2 0 5 1 1
-3272.4 2524.9 -433.6 209 0 22.9 11.1 10.0 2.5 4 0 4 3 3
-5569.6 -701.8 364.3 1 0 17.6 41.0 12.5 2.5 2 1 5 1 1
-5621.9 -896.4 332.2 81 0 69.2 35.3 12.5 0.0 0 0 5 2 2
-4657.0 -1771.0 290.7 287 0 43.3 16.4 14.0 3.5 2 0 4 3 3
-4694.0 -1140.7 311.9 151 0 32.6 22.9 12.5 0.0 0 0 5 1 1
-4104.5 -4110.7 306.7 56 0 19.9 60.3 10.0 2.5 2 1 4 0 0
-6223.0 392.6 397.9 90 0 36.6 18.2 12.5 2.5 2 0 5 3 3
-6366.1 526.8 429.0 355 0 22.2 14.2 12.5 2.5 2 0 5 4 4
-6366.8 488.9 425.9 82 0 13.8 24.5 12.5 2.5 2 1 5 0 0
-4440.4 -453.9 279.3 56 0 14.9 16.7 7.5 2.5 2 1 3 0 0
-3928.5 -2076.7 216.3 104 0 16.9 12.0 14.0 0.0 0 0 4 5 5
-4173.0 -1384.9 301.3 145 0 10.5 32.3 12.5 2.5 2 1 5 4 4
-2884.2 -2008.5 216.6 212 0 53.9 19.5 12.5 2.5 2 0 5 0 0
-3569.8 -1537.9 259.8 51 0 23.6 13.3 12.5 2.5 4 0 5 0 0
