5728.8 5642.0 -28.4 179 0 67.3 57.8 14.0 0.0 0 0 4 1 1
5243.2 5444.7 -29.3 70 0 25.9 63.8 14.0 0.0 0 0 4 3 3
5283.9 5464.0 -29.4 67 0 28.6 46.0 14.0 0.0 0 0 4 3 3
4202.4 4457.3 -21.2 280 0 24.9 23.6 17.5 0.0 0 0 5 0 0
2837.3 4490.2 -16.4 203 0 8.0 6.2 10.5 3.5 2 0 3 3 3
2971.9 4428.5 -15.3 181 0 8.1 24.7 10.5 3.5 2 1 3 1 1
2254.8 4922.8 -16.3 160 0 13.4 65.0 14.0 3.5 2 1 4 5 5
5243.2 5444.7 -29.3 70 0 25.5 63.7 14.0 0.0 0 0 4 1 1
5283.7 5464.0 -29.4 66 0 28.1 46.1 14.0 0.0 0 0 4 5 5
6858.9 4910.2 -23.8 26 0 20.8 28.3 14.0 3.5 2 1 4 2 2
-4086.6 5261.7 -17.6 106 0 91.6 16.5 10.0 2.5 2 0 4 1 1
4924.0 1989.3 -4.7 65 0 17.7 18.0 17.5 3.5 2 1 5 2 2
4653.4 878.5 5.4 88 0 11.7 28.5 17.5 3.5 2 1 5 0 0
2887.8 4335.4 -15.8 348 0 11.8 46.0 14.0 3.5 2 1 4 5 5
1765.7 885.6 8.3 92 0 57.4 97.8 14.0 0.0 0 1 4 2 2
1716.4 1157.0 7.7 270 0 23.9 89.7 14.0 0.0 0 1 4 2 2
3985.6 1636.1 -3.4 178 0 61.0 74.5 17.5 0.0 0 1 5 0 0
-2332.8 6681.8 -1.7 276 0 30.4 44.2 10.5 0.0 0 1 3 2 2
3923.5 -68.3 7.8 266 0 40.8 31.4 14.0 0.0 0 0 4 5 5
6911.6 3213.3 -22.5 350 0 91.9 40.3 17.5 0.0 0 0 5 5 5
6827.1 3346.7 -19.6 166 0 47.0 21.3 17.5 3.5 2 0 5 1 1
470.3 6482.6 -6.6 27 0 10.0 27.2 7.5 2.5 2 1 3 0 0
1660.3 1287.8 7.4 52 0 12.6 19.3 15.0 0.0 0 1 6 3 3
4163.9 1154.1 -0.4 85 0 175.3 360.0 17.5 0.0 0 1 5 5 5
3620.7 1548.6 -2.6 360 0 106.9 66.7 14.0 0.0 0 0 4 2 2
3922.9 1420.5 -0.5 4 0 38.5 55.5 17.5 0.0 0 1 5 5 5
-4277.1 3059.7 -4.9 345 0 30.1 11.9 7.5 2.5 2 0 3 5 5
-4467.8 3204.7 -6.1 166 0 39.7 29.1 12.5 0.0 0 0 5 1 1
-4358.1 2983.5 -4.1 256 0 13.5 38.0 5.0 2.5 2 1 2 3 3
-4267.0 3002.2 -4.7 75 0 12.8 39.0 7.5 2.5 2 1 3 5 5
-4313.0 2992.8 -4.2 340 0 55.6 14.1 5.0 0.0 0 0 2 0 0
-4331.9 2895.9 -3.8 76 0 30.8 50.0 7.5 0.0 0 1 3 5 5
-4374.5 2996.8 -4.4 165 0 26.8 33.4 10.0 0.0 0 1 4 0 0
-4331.0 2971.0 -4.1 346 0 38.9 13.9 10.0 2.5 2 0 4 0 0
-4343.8 3155.0 -5.3 85 0 19.1 22.6 7.5 0.0 0 1 3 1 1
-4538.6 2971.8 -4.9 340 0 9.3 23.6 5.0 2.5 2 1 2 3 3
-4536.0 2906.9 -4.4 255 0 30.5 23.3 7.5 0.0 0 0 3 0 0
-4560.7 2909.8 -4.6 75 0 14.0 20.0 10.0 2.5 2 1 4 1 1
-4230.5 2852.7 -3.3 248 0 14.1 133.6 7.5 0.0 0 1 3 4 4
-4265.1 2703.8 -2.7 157 0 22.4 17.6 10.0 2.5 4 0 4 1 1
4355.2 -2645.6 1.9 90 0 21.1 22.5 14.0 3.5 2 1 4 4 4
-212.6 5515.5 -14.4 177 1 22.6 10.6 14.0 3.5 2 0 4 5 5
-103.2 5042.7 -12.8 91 0 11.6 14.1 14.0 0.0 0 1 4 3 3
-2290.5 6684.2 -2.6 276 0 29.9 33.6 10.5 0.0 0 1 3 0 0
-1635.2 5898.4 -8.2 355 0 15.6 21.7 14.0 3.5 2 1 4 0 0
-1651.3 5857.2 -7.6 354 0 21.3 15.5 14.0 3.5 2 0 4 5 5
-1601.2 5835.1 -8.1 130 0 13.5 26.5 14.0 0.0 0 1 4 2 2
-1497.5 5802.4 -8.5 262 0 14.9 40.1 14.0 3.5 2 1 4 0 0
-1970.6 5368.6 -1.2 263 0 44.1 45.7 14.0 0.0 0 1 4 3 3
-1898.7 5377.5 -1.7 261 0 81.3 27.2 14.0 0.0 0 0 4 5 5
-1796.4 5390.8 -1.9 261 0 66.0 38.8 14.0 0.0 0 0 4 1 1
-1694.9 5478.8 -3.6 173 0 12.2 41.3 10.5 3.5 2 1 3 3 3
-1731.5 5393.5 -1.9 174 0 12.2 79.7 14.0 3.5 4 1 4 0 0
-1614.1 5436.8 -3.9 82 0 10.9 45.6 10.5 3.5 2 1 3 1 1
-1665.0 5896.7 -7.9 356 0 15.7 20.4 14.0 3.5 4 1 4 3 3
-1758.8 5337.6 -2.1 353 0 30.7 81.0 14.0 0.0 0 1 4 0 0
-1569.2 5450.3 -4.8 84 0 43.6 60.7 14.0 0.0 0 1 4 5 5
-1550.9 5840.7 -8.4 38 0 13.7 27.4 14.0 3.5 2 1 4 0 0
-1630.8 5858.0 -7.8 358 0 22.4 13.8 14.0 3.5 2 0 4 0 0
-1661.6 5445.0 -3.6 84 0 64.0 26.0 10.5 0.0 0 0 3 2 2
-1704.7 5851.5 -7.2 176 0 24.6 17.7 14.0 3.5 2 0 4 2 2
-1714.3 5329.8 -2.3 173 0 13.4 65.3 14.0 3.5 2 1 4 2 2
-1728.7 5339.4 -2.3 173 0 34.0 9.5 10.5 3.5 2 0 3 1 1
-1716.2 5352.1 -1.9 174 0 13.9 64.3 14.0 0.0 0 1 4 3 3
-1972.2 6528.4 -7.3 7 0 13.3 48.5 14.0 3.5 2 1 4 1 1
-2075.0 6503.5 -5.7 95 0 18.8 23.3 14.0 3.5 2 1 4 5 5
-2145.9 6566.9 -4.5 277 0 14.3 48.6 14.0 3.5 2 1 4 5 5
-2141.9 6688.3 -4.7 224 0 15.5 30.5 10.5 0.0 0 1 3 1 1
-2452.2 6575.6 -0.6 354 0 33.8 29.8 14.0 0.0 0 0 4 0 0
-1947.8 6702.4 -7.3 6 0 49.6 24.0 10.0 0.0 0 0 4 4 4
-1958.8 6549.5 -7.5 278 0 9.4 30.5 10.5 3.5 2 1 3 4 4
-2176.4 6565.3 -4.0 275 0 26.0 51.4 14.0 0.0 0 1 4 0 0
-2122.3 6581.4 -5.3 97 0 47.0 30.4 14.0 0.0 0 0 4 4 4
-2231.9 6676.5 -3.3 5 0 21.8 33.3 10.5 0.0 0 1 3 5 5
-2499.4 6689.0 -0.2 177 0 22.6 33.4 14.0 0.0 0 1 4 1 1
-2062.2 6588.6 -5.9 5 0 29.3 18.3 14.0 3.5 2 0 4 3 3
-1982.8 6562.2 -7.4 98 0 53.2 13.3 14.0 3.5 4 0 4 2 2
-2276.4 6535.3 -2.6 185 0 16.0 30.5 14.0 3.5 2 1 4 5 5
-2272.8 6567.4 -2.5 186 0 21.6 30.6 14.0 0.0 0 1 4 1 1
-332.2 5429.5 -16.0 356 0 36.7 42.2 12.5 0.0 0 1 5 5 5
-396.1 5464.6 -15.8 265 0 36.2 21.3 10.0 0.0 0 0 4 5 5
5360.5 3658.6 -4.1 106 0 11.2 102.9 17.5 0.0 0 1 5 1 1
5259.4 3756.8 -5.2 165 0 11.5 99.3 17.5 3.5 2 1 5 3 3
5471.2 3864.9 -5.7 226 0 93.1 9.5 10.5 3.5 4 0 3 4 4
5472.4 3721.1 -4.6 47 0 7.7 56.0 10.5 3.5 2 1 3 5 5
5263.8 3835.3 -6.5 197 0 12.2 96.1 17.5 3.5 2 1 5 3 3
5542.1 3755.7 -4.6 17 0 15.6 93.4 17.5 3.5 2 1 5 1 1
5301.0 3903.1 -9.5 225 0 10.1 98.9 17.5 3.5 2 1 5 0 0
5303.0 3696.6 -4.7 137 0 9.4 94.7 10.5 3.5 2 1 3 0 0
5447.1 3936.2 -6.6 287 0 10.7 96.9 17.5 0.0 0 1 5 1 1
5371.6 3932.6 -7.5 256 0 10.8 93.7 17.5 3.5 2 1 5 0 0
5553.8 3831.0 -5.4 347 0 9.9 99.5 10.5 3.5 2 1 3 4 4
5303.8 3269.9 -5.6 175 0 20.7 39.7 14.0 0.0 0 1 4 5 5
-4429.2 5349.4 -19.6 88 0 15.5 39.9 7.5 2.5 2 0 3 3 3
4260.8 4052.8 -18.7 1 0 17.8 11.9 14.0 3.5 2 0 4 2 2
-4395.2 5350.7 -19.4 88 0 52.6 18.2 7.5 2.5 2 0 3 3 3
-4340.5 5345.5 -19.0 0 0 5.2 6.3 7.5 2.5 2 1 3 2 2
3461.0 768.5 3.3 261 0 13.9 11.1 14.0 3.5 2 0 4 1 1
3928.6 807.8 5.1 267 0 44.6 16.0 17.5 3.5 2 0 5 1 1
3329.2 150.7 10.3 71 0 21.8 31.1 10.0 0.0 0 1 4 2 2
3805.2 180.5 8.8 264 0 23.7 18.6 17.5 3.5 2 0 5 5 5
-362.2 5774.7 -18.0 337 0 61.9 91.3 10.5 0.0 0 1 3 0 0
4044.9 670.2 6.9 257 0 41.9 30.7 14.0 0.0 0 0 4 1 1
5296.8 3180.0 -5.0 353 0 46.2 34.9 17.5 0.0 0 0 5 4 4
5889.4 -1270.0 -9.7 180 0 35.3 77.5 17.5 0.0 0 1 5 4 4
4413.8 3693.8 -16.4 3 0 29.2 10.1 14.0 3.5 2 0 4 4 4
4416.1 3729.0 -16.5 4 0 26.1 9.8 10.5 3.5 2 0 3 5 5
4348.3 3753.7 -16.7 278 0 5.4 56.7 10.5 3.5 2 1 3 4 4
538.8 797.0 15.7 82 0 20.1 20.1 14.0 3.5 2 1 4 2 2
396.4 955.0 15.3 88 0 104.6 27.2 14.0 0.0 0 0 4 5 5
517.1 807.9 16.0 349 0 26.7 17.7 7.5 2.5 2 0 3 0 0
437.2 860.9 15.5 82 0 35.0 64.1 14.0 0.0 0 1 4 5 5
538.2 829.6 15.7 261 0 13.0 10.3 14.0 3.5 2 0 4 2 2
5402.3 3675.5 -4.7 75 0 34.0 20.9 17.5 0.0 0 0 5 1 1
5258.1 3578.9 -5.8 125 0 17.6 43.7 17.5 3.5 2 1 5 4 4
5302.7 3598.5 -5.1 123 0 15.5 43.8 17.5 3.5 2 1 5 4 4
5220.7 3616.0 -6.2 216 0 18.6 11.5 17.5 3.5 4 0 5 4 4
5287.4 3650.4 -5.1 212 0 13.5 15.6 17.5 3.5 4 1 5 1 1
5842.1 4884.3 -17.5 343 0 12.6 20.8 17.5 3.5 2 1 5 5 5
5823.0 4863.4 -17.3 72 0 12.3 6.1 10.5 3.5 2 0 3 3 3
5847.0 4905.9 -17.9 344 0 4.5 33.2 10.5 3.5 2 1 3 2 2
5789.4 4845.1 -17.4 157 0 8.7 9.5 10.5 3.5 2 1 3 5 5
4305.3 505.3 5.5 353 1 11.8 17.7 14.0 3.5 2 1 4 0 0
4302.6 549.8 6.2 355 0 11.1 42.9 14.0 3.5 4 1 4 1 1
4299.6 564.6 6.4 354 0 10.2 42.3 14.0 3.5 2 1 4 3 3
4240.1 588.4 6.9 259 1 10.5 14.6 14.0 0.0 0 1 4 3 3
4226.9 586.0 6.9 261 1 11.2 17.9 14.0 3.5 2 1 4 0 0
4230.8 490.2 5.8 81 1 10.4 19.7 14.0 3.5 2 1 4 1 1
4273.0 495.0 5.6 86 0 20.1 14.3 14.0 3.5 2 0 4 3 3
4249.0 494.6 5.7 85 1 16.7 13.6 14.0 3.5 2 0 4 5 5
4220.2 521.7 6.1 168 1 17.4 10.4 14.0 3.5 2 0 4 4 4
4246.2 515.2 6.0 80 0 17.7 14.3 14.0 3.5 2 0 4 0 0
4275.1 530.8 6.0 353 1 13.8 18.0 14.0 3.5 2 1 4 4 4
4202.1 552.2 6.7 168 1 21.3 10.1 14.0 3.5 2 0 4 0 0
4217.0 565.4 6.6 258 1 10.1 21.7 14.0 3.5 2 1 4 2 2
4122.9 630.9 7.1 81 0 22.2 15.5 14.0 3.5 4 0 4 2 2
4144.7 635.7 7.0 78 0 13.8 13.8 14.0 3.5 2 0 4 1 1
4087.5 621.0 7.0 80 0 12.0 47.3 14.0 3.5 2 1 4 3 3
4092.6 670.9 6.9 261 0 12.4 27.2 14.0 3.5 2 1 4 4 4
4777.3 2940.4 -8.0 260 0 40.6 22.7 14.0 0.0 0 0 4 3 3
4813.8 2947.5 -7.5 261 0 26.1 24.0 14.0 0.0 0 0 4 2 2
4836.8 2950.3 -7.2 263 0 12.7 21.9 14.0 3.5 2 1 4 4 4
4853.7 2954.6 -7.1 259 0 19.2 13.5 14.0 3.5 2 0 4 5 5
4885.7 2952.7 -6.9 349 0 11.8 19.6 14.0 3.5 2 1 4 1 1
4886.4 2934.8 -6.9 352 0 13.0 22.6 14.0 3.5 2 1 4 3 3
6098.2 2750.6 -14.1 177 0 12.3 15.6 17.5 3.5 2 1 5 0 0
6099.4 2736.1 -14.2 177 0 12.3 15.6 17.5 0.0 0 1 5 0 0
6099.2 2722.0 -14.3 177 0 12.3 15.6 17.5 3.5 2 1 5 4 4
6139.4 2766.5 -14.4 356 0 15.7 12.2 17.5 3.5 2 0 5 0 0
6121.3 2774.5 -14.2 267 0 6.9 17.6 10.5 0.0 0 1 3 0 0
4123.4 5748.5 -27.7 335 0 15.8 18.5 17.5 3.5 2 1 5 2 2
4131.0 5732.7 -27.7 335 0 15.8 18.5 17.5 3.5 2 1 5 1 1
4158.1 5673.8 -28.1 336 0 13.7 18.5 17.5 3.5 2 1 5 0 0
4151.8 5688.5 -28.1 336 0 13.7 18.5 17.5 0.0 0 1 5 0 0
4145.0 5703.3 -28.0 336 0 13.7 18.5 17.5 3.5 2 1 5 3 3
4138.3 5718.0 -27.7 336 0 13.7 18.5 17.5 3.5 2 1 5 4 4
4093.5 5747.3 -27.5 251 0 13.5 16.3 17.5 3.5 4 1 5 2 2
4079.9 5742.6 -27.4 251 0 13.5 16.3 17.5 3.5 2 1 5 5 5
4066.1 5737.9 -27.2 251 0 13.5 16.3 17.5 3.5 2 1 5 5 5
4052.4 5734.3 -27.1 251 0 13.5 16.3 17.5 3.5 2 1 5 4 4
4039.0 5730.3 -27.0 251 0 13.5 16.3 17.5 3.5 2 1 5 3 3
4025.6 5726.3 -26.9 251 0 13.5 16.3 17.5 3.5 2 1 5 3 3
4007.8 5711.9 -26.8 161 0 16.3 13.5 17.5 3.5 2 0 5 5 5
4857.9 4620.8 -23.3 77 0 22.7 21.0 14.0 3.5 2 0 4 3 3
4836.1 4669.3 -23.5 166 0 11.2 16.2 14.0 3.5 2 1 4 0 0
4834.2 4681.1 -23.6 166 0 11.2 16.2 14.0 3.5 2 1 4 5 5
4829.6 4706.1 -23.7 166 0 11.2 16.2 14.0 0.0 0 1 4 4 4
4823.3 4729.3 -23.9 166 0 11.2 16.2 14.0 0.0 0 1 4 4 4
4821.0 4741.0 -23.9 166 0 11.2 16.2 14.0 3.5 2 1 4 4 4
6912.7 3808.0 -17.7 262 0 58.6 50.5 17.5 0.0 0 0 5 1 1
3828.2 -201.1 9.6 176 0 8.3 12.3 10.5 3.5 2 1 3 2 2
6228.4 5301.6 -22.2 350 0 7.7 11.1 10.5 3.5 2 0 3 0 0
6195.5 5301.3 -22.3 75 0 9.6 7.9 10.5 3.5 2 0 3 2 2
6410.6 5755.6 -27.0 265 0 36.1 49.5 14.0 0.0 0 1 4 0 0
6468.8 5781.8 -27.8 81 0 20.4 29.0 17.5 3.5 2 1 5 4 4
5808.2 -481.8 -2.9 271 0 23.0 14.1 14.0 3.5 2 0 4 1 1
4936.1 1926.1 -4.2 247 0 36.5 12.0 17.5 3.5 2 0 5 1 1
4984.3 1946.4 -4.0 247 0 19.3 9.7 10.5 0.0 0 0 3 4 4
5013.9 1959.0 -3.6 248 0 20.6 10.3 17.5 3.5 4 0 5 2 2
4745.9 1962.7 -4.2 266 0 41.2 9.3 10.5 3.5 2 0 3 3 3
4548.6 1947.3 -3.1 266 0 41.2 9.3 10.5 0.0 0 0 3 4 4
4699.5 1958.5 -4.1 265 0 43.1 18.1 17.5 3.5 2 0 5 5 5
4631.7 1953.5 -3.8 266 0 82.6 18.6 17.5 0.0 0 0 5 5 5
4401.9 1848.5 -3.1 171 0 33.8 64.8 17.5 0.0 0 1 5 5 5
4473.3 1944.2 -2.4 282 0 84.6 17.5 14.0 3.5 2 0 4 5 5
4311.6 1947.3 -2.9 261 0 126.4 26.7 14.0 0.0 0 0 4 0 0
3923.0 1876.7 -4.7 261 0 81.4 20.1 14.0 0.0 0 0 4 2 2
4037.0 1902.0 -3.8 260 0 129.6 27.4 14.0 0.0 0 0 4 5 5
4174.2 1926.7 -3.4 261 0 129.8 27.9 14.0 0.0 0 0 4 3 3
4214.7 1863.8 -3.3 81 0 125.1 28.1 14.0 0.0 0 0 4 5 5
4077.1 1841.7 -3.6 81 0 125.1 28.1 14.0 0.0 0 0 4 1 1
3958.6 1817.1 -4.0 80 0 103.4 33.0 14.0 0.0 0 0 4 0 0
4035.7 1793.2 -3.9 260 0 14.5 37.2 17.5 3.5 2 1 5 1 1
4063.9 1760.7 -3.8 80 0 14.5 37.1 17.5 3.5 2 1 5 0 0
4086.2 1764.4 -3.7 80 0 14.5 37.1 17.5 3.5 2 1 5 3 3
4102.1 1804.8 -3.3 260 0 14.5 37.2 17.5 3.5 2 1 5 0 0
4131.0 1771.4 -3.1 80 0 14.5 37.1 17.5 0.0 0 1 5 3 3
4152.7 1775.0 -3.0 80 0 14.5 37.2 17.5 3.5 2 1 5 4 4
4175.1 1778.4 -3.3 80 0 14.5 37.1 17.5 3.5 2 1 5 4 4
4197.4 1781.9 -3.6 80 0 14.5 37.1 17.5 3.5 2 1 5 0 0
4235.4 1826.8 -3.7 260 0 14.5 37.2 17.5 3.5 2 1 5 2 2
4329.2 1803.9 -2.9 80 0 14.6 37.1 17.5 0.0 0 1 5 5 5
4351.4 1807.7 -3.1 80 0 14.6 37.1 17.5 3.5 2 1 5 5 5
4395.5 1814.9 -3.4 81 0 14.4 37.2 17.5 0.0 0 1 5 5 5
4373.8 1811.4 -3.3 80 0 14.6 37.1 17.5 3.5 2 1 5 5 5
4213.7 1822.9 -3.7 260 0 14.5 37.2 17.5 3.5 4 1 5 1 1
4007.5 1800.7 -3.8 261 0 27.4 31.2 17.5 0.0 0 1 5 0 0
-570.5 643.4 21.6 84 0 19.1 46.4 14.0 3.5 2 1 4 0 0
5788.9 -239.7 -4.3 89 0 10.2 13.9 17.5 0.0 0 1 5 5 5
5646.5 -258.4 -2.3 359 0 14.5 21.0 14.0 3.5 2 1 4 1 1
5707.3 -100.9 -0.9 89 0 33.2 10.9 17.5 3.5 2 0 5 5 5
5828.6 -483.7 -3.0 271 0 14.4 11.1 3.5 3.5 2 0 1 0 0
5556.6 -90.7 -2.4 89 0 27.4 44.3 14.0 0.0 0 1 4 1 1
5691.3 -69.8 -1.9 178 0 29.1 11.6 17.5 3.5 2 0 5 3 3
5744.2 -61.0 -2.2 87 0 13.0 8.9 10.5 3.5 2 0 3 2 2
5736.7 -37.3 -2.9 268 0 29.1 11.1 17.5 3.5 2 0 5 4 4
5869.0 -18.3 -5.4 88 0 38.5 9.8 10.5 3.5 2 0 3 4 4
5796.0 100.0 -6.8 104 0 18.0 75.5 17.5 3.5 2 1 5 5 5
5810.6 250.4 -7.0 359 0 20.7 14.6 17.5 3.5 2 0 5 2 2
5803.8 263.3 -6.9 89 0 15.0 20.5 17.5 0.0 0 1 5 1 1
5378.0 -753.0 -2.5 269 0 23.6 33.3 17.5 0.0 0 1 5 2 2
5718.2 -605.4 -5.2 268 0 54.8 38.9 17.5 0.0 0 0 5 1 1
5527.5 -605.8 -3.3 270 0 31.3 21.8 17.5 0.0 0 0 5 5 5
5818.9 -585.0 -5.2 89 0 48.4 13.1 14.0 3.5 2 0 4 2 2
5951.2 -421.8 -6.1 90 0 12.9 28.2 14.0 0.0 0 1 4 5 5
5864.1 -228.4 -6.5 268 0 8.7 49.4 3.5 3.5 2 1 1 0 0
5890.7 -227.1 -7.0 270 0 10.3 50.1 3.5 3.5 2 1 1 0 0
5885.5 -302.1 -7.2 180 0 42.5 10.3 3.5 3.5 2 0 1 2 2
5917.3 -227.3 -7.6 270 0 11.7 50.0 3.5 3.5 2 1 1 3 3
2971.6 -1064.1 15.1 159 0 17.2 19.7 14.0 3.5 2 1 4 2 2
3138.4 -1102.0 12.9 357 0 43.3 33.9 14.0 0.0 0 0 4 4 4
4697.9 1497.1 4.8 270 0 12.3 11.9 17.5 3.5 2 0 5 0 0
2958.1 -845.0 10.2 270 0 14.7 20.0 14.0 3.5 2 1 4 2 2
5561.1 -339.6 -2.3 269 0 29.6 41.9 17.5 0.0 0 1 5 5 5
5559.5 -474.7 -0.7 93 0 13.1 53.8 17.5 3.5 2 1 5 4 4
5528.3 -439.2 -0.5 358 0 21.3 16.4 17.5 3.5 2 0 5 5 5
5453.6 -428.3 -0.6 178 0 12.3 30.8 17.5 0.0 0 1 5 0 0
5572.1 -611.7 -3.8 269 0 29.9 20.3 17.5 0.0 0 0 5 3 3
4360.0 -953.2 3.1 348 0 31.7 14.6 10.5 3.5 2 0 3 3 3
4353.4 -928.6 3.3 345 0 15.9 7.7 10.5 3.5 2 0 3 4 4
4347.7 -898.7 3.5 348 0 28.7 8.3 10.5 3.5 2 0 3 2 2
4361.4 -1001.4 3.0 347 0 17.3 8.5 10.5 0.0 0 0 3 0 0
4363.1 -1031.2 2.9 78 0 10.1 16.4 10.5 3.5 4 1 3 3 3
4665.8 -970.2 0.9 3 0 43.3 10.0 14.0 3.5 2 0 4 4 4
4692.9 -1054.2 0.4 0 0 8.7 25.3 10.5 3.5 2 1 3 1 1
4305.1 -1474.8 1.8 81 0 7.6 19.8 10.5 3.5 2 1 3 2 2
5957.3 305.5 -7.6 89 0 13.8 19.7 17.5 3.5 2 1 5 1 1
5845.1 265.0 -7.3 93 0 19.1 22.4 17.5 3.5 2 1 5 2 2
6191.1 84.0 -10.7 268 0 14.0 25.5 17.5 3.5 2 1 5 0 0
6216.8 64.2 -11.1 359 0 9.8 15.6 10.5 3.5 2 1 3 4 4
5505.2 95.1 -3.4 90 0 15.5 25.3 17.5 3.5 2 1 5 5 5
5437.6 163.3 -2.4 88 0 10.6 14.4 17.5 3.5 2 1 5 5 5
5607.9 23.2 -3.8 178 0 65.8 14.6 17.5 3.5 4 0 5 0 0
5657.4 3.4 -3.3 0 0 19.6 23.9 17.5 0.0 0 1 5 1 1
5613.9 173.4 -5.1 178 0 32.3 60.7 17.5 0.0 0 1 5 5 5
5701.6 193.6 -5.8 268 0 48.7 33.4 17.5 0.0 0 0 5 4 4
5736.8 124.4 -6.1 89 0 38.4 32.4 17.5 0.0 0 0 5 0 0
5667.9 122.7 -5.3 88 0 50.4 31.7 17.5 0.0 0 0 5 0 0
5314.3 79.9 -2.1 357 0 30.5 38.6 17.5 0.0 0 1 5 0 0
6098.6 463.9 -6.9 356 0 30.8 43.8 14.0 0.0 0 1 4 1 1
5608.6 -605.0 -4.1 266 0 12.8 29.8 17.5 0.0 0 1 5 0 0
5800.1 -185.4 -4.1 179 0 12.3 27.3 17.5 3.5 2 1 5 3 3
5979.3 -550.8 -5.5 90 0 26.9 42.5 14.0 0.0 0 1 4 2 2
4953.8 -127.1 1.4 182 0 44.6 44.8 17.5 0.0 0 1 5 3 3
4356.1 -1454.2 1.5 265 0 10.4 17.6 14.0 3.5 2 1 4 1 1
5609.9 2556.3 -6.6 353 0 23.2 46.3 17.5 0.0 0 1 5 1 1
5268.2 1177.7 1.3 172 0 61.6 55.1 14.0 0.0 0 0 4 0 0
5108.4 3499.6 -7.4 285 0 6.5 70.7 10.5 3.5 2 1 3 4 4
5071.9 3437.0 -8.2 104 0 13.2 92.5 14.0 3.5 2 1 4 5 5
1004.0 -2251.6 32.4 90 0 18.0 35.6 10.5 3.5 2 1 3 5 5
987.0 -2179.9 32.4 270 0 17.6 33.8 10.5 3.5 2 1 3 5 5
6308.0 -272.0 -12.1 93 0 24.4 53.0 17.5 3.5 2 1 5 3 3
6295.5 -173.7 -12.1 184 0 44.1 28.9 17.5 0.0 0 0 5 1 1
6279.6 -132.0 -11.8 94 0 15.9 90.0 17.5 3.5 2 1 5 2 2
6310.6 -140.1 -12.5 94 0 31.5 95.3 17.5 0.0 0 1 5 1 1
6336.8 11.3 -12.5 4 0 85.6 17.7 17.5 0.0 0 0 5 3 3
6259.1 -8.2 -12.3 186 0 31.1 51.1 17.5 0.0 0 1 5 5 5
6272.8 81.9 -12.3 186 0 24.7 62.3 17.5 3.5 2 1 5 2 2
2848.4 -1662.7 20.1 256 0 9.7 14.8 3.5 3.5 4 1 1 2 2
2804.8 -1746.5 21.5 343 0 12.4 19.1 14.0 3.5 2 1 4 0 0
4976.2 1466.1 1.7 269 0 25.6 26.9 17.5 0.0 0 1 5 4 4
2053.6 1186.0 10.7 357 0 60.5 35.3 10.5 0.0 0 0 3 2 2
-4760.5 5261.3 -20.3 90 0 10.4 3.9 5.0 2.5 2 0 2 0 0
-4202.7 5406.2 -18.8 180 0 16.0 7.9 7.5 2.5 2 0 3 4 4
-3935.2 5283.0 -15.6 180 0 5.9 6.3 2.5 2.5 2 0 1 5 5
-3957.9 5222.3 -15.9 87 0 27.5 10.9 15.0 0.0 0 0 6 0 0
-4028.5 5267.3 -16.7 102 0 8.6 6.4 7.5 2.5 2 0 3 1 1
-4124.1 5254.6 -17.5 284 0 33.3 7.4 5.0 2.5 2 0 2 1 1
-4266.3 5172.7 -17.6 0 0 5.8 15.7 5.0 2.5 2 0 2 4 4
-4171.1 5582.3 -19.1 185 0 9.6 24.9 5.0 2.5 2 0 2 0 0
-4190.8 5584.5 -19.3 90 0 6.7 17.7 5.0 2.5 2 1 2 3 3
-4133.4 5549.1 -18.9 276 0 34.7 7.2 5.0 2.5 4 0 2 0 0
-4226.9 5511.9 -19.6 273 0 36.5 10.4 10.0 2.5 2 0 4 3 3
-4186.2 5538.2 -19.5 273 0 32.1 28.2 7.5 0.0 0 0 3 2 2
-4216.0 5558.5 -19.6 270 0 6.6 5.5 2.5 2.5 2 0 1 2 2
-4250.8 5549.8 -20.0 90 0 6.3 7.2 7.5 2.5 2 1 3 2 2
-4302.6 5494.6 -19.8 0 0 7.0 4.9 7.5 2.5 2 0 3 0 0
-4296.0 5538.2 -20.1 0 0 9.2 9.2 5.0 2.5 2 0 2 4 4
-4287.7 5609.6 -20.4 90 0 20.4 23.4 10.0 2.5 2 1 4 3 3
-4274.6 5652.9 -20.4 359 0 18.7 25.8 7.5 2.5 4 1 3 0 0
-4276.3 5673.8 -20.4 45 0 18.1 27.3 7.5 2.5 2 1 3 2 2
-4350.5 6030.5 -20.7 181 0 5.4 11.0 2.5 2.5 2 1 1 1 1
-4263.3 5858.4 -20.0 86 0 26.7 6.7 5.0 2.5 2 0 2 2 2
-4353.0 5932.5 -20.8 181 0 10.3 12.6 2.5 2.5 2 1 1 4 4
-4337.9 5855.0 -20.7 90 0 11.3 4.5 5.0 2.5 2 0 2 2 2
-4334.9 5882.5 -20.6 178 0 7.0 5.4 2.5 2.5 2 0 1 5 5
-4329.4 5882.6 -20.6 178 0 7.0 18.8 7.5 2.5 2 0 3 4 4
-4353.7 5878.7 -20.8 180 0 6.4 10.5 2.5 2.5 2 0 1 1 1
-4353.7 5872.0 -20.8 180 0 6.9 10.5 7.5 2.5 2 0 3 3 3
-4334.8 5942.5 -20.6 181 0 10.5 6.6 5.0 2.5 2 0 2 2 2
-4335.0 5932.0 -20.6 181 0 10.3 6.6 7.5 2.5 2 0 3 4 4
-4328.1 5942.3 -20.5 181 0 10.4 20.5 7.5 2.5 2 0 3 3 3
-4328.4 5931.9 -20.5 181 0 10.3 20.5 5.0 2.5 2 0 2 1 1
-4351.9 5962.6 -20.7 181 0 4.9 9.4 2.5 2.5 2 0 1 5 5
-4351.9 5955.2 -20.8 180 0 9.7 13.6 7.5 2.5 2 0 3 4 4
-4354.3 5981.4 -20.8 176 0 35.8 15.6 10.0 2.5 2 0 4 1 1
-4354.8 6049.9 -20.7 180 0 10.7 16.0 7.5 2.5 2 1 3 1 1
-4388.0 5716.5 -21.4 180 0 16.0 12.4 10.0 2.5 2 0 4 0 0
-4355.9 5740.6 -21.2 0 0 17.1 21.8 7.5 2.5 2 1 3 3 3
-4367.0 5722.1 -21.2 0 0 15.9 7.3 2.5 2.5 2 0 1 0 0
-4367.6 5607.0 -21.0 86 0 10.7 33.0 7.5 2.5 2 0 3 1 1
-4355.3 5607.8 -20.9 86 0 14.0 21.4 7.5 2.5 2 0 3 4 4
-4388.1 5606.3 -21.0 90 0 13.0 18.5 10.0 2.5 2 1 4 2 2
-4403.1 5603.9 -21.0 90 0 5.3 7.3 2.5 2.5 2 1 1 5 5
-4420.5 5602.8 -21.1 90 0 11.0 10.3 5.0 2.5 2 0 2 5 5
-4456.4 5612.8 -21.3 95 0 4.0 9.5 5.0 2.5 2 0 2 0 0
-4472.6 5628.2 -21.4 93 0 8.6 4.5 7.5 2.5 2 0 3 2 2
-4473.7 5608.5 -21.4 93 0 8.6 19.7 7.5 2.5 2 0 3 0 0
-4449.2 5603.4 -21.2 91 0 13.0 4.1 5.0 2.5 2 0 2 5 5
-4346.1 5527.1 -20.3 360 0 16.0 12.7 7.5 2.5 2 0 3 3 3
-4589.1 5484.3 -21.1 358 0 66.7 25.8 7.5 0.0 0 0 3 5 5
-4339.2 5353.2 -19.0 0 0 5.8 6.8 7.5 2.5 2 1 3 5 5
-4444.6 5400.6 -19.8 180 0 5.3 9.5 7.5 2.5 2 0 3 2 2
-4449.0 5382.2 -19.7 179 0 12.9 8.9 2.5 2.5 2 0 1 0 0
-4320.7 5082.2 -17.2 260 0 14.2 20.8 7.5 2.5 2 1 3 1 1
-4884.7 5294.6 -21.0 266 0 11.1 15.4 7.5 0.0 0 1 3 4 4
6534.4 3579.3 -14.3 263 0 45.9 16.5 17.5 3.5 2 0 5 1 1
6324.5 3557.8 -11.6 264 0 31.6 7.2 10.5 0.0 0 0 3 3 3
4720.0 2965.3 -8.2 353 0 33.7 47.0 14.0 0.0 0 1 4 3 3
5549.0 4046.6 -9.2 298 0 5.7 58.2 10.5 3.5 2 1 3 0 0
5535.6 4148.3 -13.1 252 0 6.5 58.7 10.5 3.5 4 1 3 1 1
5632.9 4029.8 -8.9 27 0 9.4 57.2 10.5 3.5 2 1 3 5 5
5598.0 4143.3 -12.4 295 0 8.1 59.1 10.5 3.5 2 1 3 2 2
5712.1 3887.4 -7.9 89 0 62.8 32.7 17.5 0.0 0 0 5 0 0
5745.1 3966.9 -8.9 358 0 76.1 12.6 17.5 3.5 2 0 5 0 0
5709.4 4004.1 -8.7 265 0 12.6 51.1 17.5 3.5 2 1 5 1 1
5732.9 4019.0 -9.1 357 0 12.9 41.6 17.5 3.5 2 1 5 4 4
5598.4 3859.6 -6.5 63 0 39.1 33.0 17.5 0.0 0 0 5 3 3
5577.0 3894.2 -6.8 62 0 40.8 40.5 17.5 0.0 0 0 5 5 5
5375.4 4027.6 -13.7 116 0 13.3 101.6 17.5 3.5 2 1 5 2 2
5400.5 4016.7 -12.5 113 0 19.0 100.1 17.5 0.0 0 1 5 3 3
5422.8 4007.5 -11.1 112 0 17.5 100.2 17.5 0.0 0 1 5 5 5
5444.9 3997.8 -10.0 113 0 7.9 55.2 10.5 3.5 2 1 3 0 0
5382.3 3536.2 -4.6 95 0 49.3 15.8 14.0 3.5 2 0 4 4 4
5463.8 3536.3 -5.3 6 0 12.5 45.3 14.0 3.5 2 1 4 0 0
5513.2 3495.1 -6.4 255 0 22.9 21.5 14.0 3.5 2 0 4 4 4
5620.8 3604.0 -5.8 49 0 14.0 60.3 14.0 3.5 2 1 4 1 1
5641.1 3615.5 -5.8 50 0 12.4 42.7 14.0 3.5 2 1 4 5 5
5674.0 3623.1 -5.8 48 0 17.1 38.5 14.0 3.5 2 1 4 3 3
5562.4 3653.8 -5.7 268 0 12.6 46.1 14.0 3.5 2 1 4 0 0
3578.1 -1058.1 8.6 269 0 22.6 94.0 14.0 0.0 0 1 4 4 4
5891.6 4156.7 -10.3 275 0 71.1 111.7 17.5 0.0 0 1 5 4 4
4511.5 -4846.4 16.6 261 0 16.0 26.3 14.0 3.5 2 1 4 0 0
4523.5 -4889.0 17.3 351 0 25.4 26.3 14.0 0.0 0 1 4 3 3
2332.9 -3124.3 16.3 177 0 23.4 63.7 14.0 3.5 2 1 4 5 5
2334.4 -3152.5 15.9 177 0 24.3 64.2 14.0 3.5 2 1 4 1 1
2416.2 -3165.3 15.8 87 0 21.0 33.9 14.0 0.0 0 1 4 1 1
2480.3 -3110.8 16.5 357 0 25.0 53.1 14.0 3.5 2 1 4 2 2
2482.1 -3141.3 16.0 357 0 23.1 53.8 14.0 3.5 2 1 4 2 2
-961.1 494.5 26.2 176 0 33.5 19.4 14.0 0.0 0 0 4 2 2
1520.9 6392.5 -5.0 246 0 36.7 32.3 14.0 0.0 0 0 4 3 3
6276.7 3307.2 -12.7 267 0 24.1 14.8 17.5 3.5 4 0 5 5 5
6301.7 3309.1 -13.1 266 0 14.2 27.5 17.5 0.0 0 1 5 5 5
6287.4 3319.7 -12.6 90 0 9.8 21.3 10.5 3.5 2 1 3 2 2
6299.6 3320.0 -12.8 90 0 9.8 21.3 10.5 3.5 2 1 3 2 2
6215.0 3952.0 -11.9 8 0 37.4 31.2 10.0 0.0 0 0 4 3 3
6293.1 3850.1 -9.9 100 0 23.2 37.7 12.5 0.0 0 1 5 2 2
5631.6 -498.1 -2.1 180 0 33.1 26.6 14.0 0.0 0 0 4 1 1
5693.9 -586.4 -4.2 90 0 12.1 14.1 14.0 0.0 0 1 4 0 0
5715.6 -564.9 -3.8 89 0 18.3 12.9 14.0 3.5 2 0 4 1 1
5740.4 -565.6 -4.1 88 0 22.3 14.2 14.0 3.5 2 0 4 1 1
6251.7 2153.1 -12.5 357 0 12.3 33.2 21.0 0.0 0 1 6 4 4
6251.2 2169.3 -12.7 358 0 7.2 37.1 10.5 0.0 0 1 3 0 0
6254.5 2138.3 -12.4 357 0 7.6 17.0 10.5 0.0 0 1 3 1 1
6185.7 2203.1 -11.7 176 0 8.6 12.1 10.5 0.0 0 1 3 0 0
6202.4 2165.0 -12.3 177 0 10.4 9.4 10.5 0.0 0 0 3 1 1
4923.4 2522.8 -3.9 359 0 38.7 12.7 14.0 3.5 2 0 4 3 3
5269.3 1717.3 -3.2 84 0 10.8 10.2 17.5 3.5 2 0 5 3 3
6247.0 2521.3 -15.2 352 0 17.9 29.4 17.5 3.5 2 1 5 2 2
6868.0 3699.8 -16.8 83 0 25.3 36.0 17.5 0.0 0 1 5 3 3
4305.5 4199.0 -19.6 88 0 37.7 16.6 7.5 2.5 2 0 3 0 0
4233.6 5109.8 -25.6 83 0 13.3 15.9 17.5 0.0 0 1 5 4 4
4715.1 6256.2 -32.8 165 0 77.9 36.9 14.0 0.0 0 0 4 2 2
4836.6 2594.5 -3.9 178 0 14.5 24.7 14.0 3.5 4 1 4 1 1
3686.0 -3900.8 13.8 88 0 15.4 34.7 14.0 3.5 2 1 4 3 3
5586.1 1297.7 -1.1 81 0 11.8 10.6 17.5 3.5 2 0 5 2 2
6905.9 4637.1 -20.0 176 0 23.2 42.2 10.0 0.0 0 1 4 3 3
4487.8 -2426.8 1.4 194 0 20.2 21.3 14.0 3.5 2 1 4 2 2
4331.5 4379.8 -20.8 179 0 55.4 42.9 17.5 0.0 0 0 5 0 0
1666.5 6073.0 -8.4 347 0 16.4 14.0 10.5 3.5 2 0 3 0 0
5634.8 2531.2 -7.5 357 0 9.3 10.5 10.5 3.5 2 1 3 1 1
-2962.8 99.3 22.9 180 0 11.0 22.7 5.0 2.5 2 1 2 5 5
5088.4 968.9 2.6 270 0 13.2 20.0 17.5 0.0 0 1 5 2 2
5191.9 1038.8 1.9 267 0 9.3 82.1 10.5 3.5 2 1 3 5 5
5173.2 1037.2 2.0 267 0 9.3 82.1 10.5 3.5 2 1 3 5 5
5151.5 1036.3 2.1 267 0 9.3 82.1 10.5 3.5 4 1 3 4 4
5129.7 1034.2 2.3 267 0 9.2 82.1 10.5 3.5 2 1 3 0 0
5223.5 822.3 0.4 87 0 9.3 82.1 10.5 3.5 4 1 3 1 1
5201.8 821.2 0.5 87 0 9.3 82.1 10.5 3.5 2 1 3 2 2
5184.2 820.6 0.7 87 0 9.3 82.1 10.5 0.0 0 1 3 1 1
5160.4 819.1 0.9 87 0 9.3 82.1 10.5 3.5 2 1 3 0 0
5139.9 818.9 1.1 87 0 9.3 82.1 10.5 3.5 2 1 3 5 5
5061.4 287.4 0.2 243 0 10.0 11.6 10.5 3.5 2 1 3 1 1
5098.4 259.8 -0.3 84 0 17.8 10.6 17.5 3.5 2 0 5 2 2
5269.8 325.0 -2.8 357 0 19.2 24.4 17.5 3.5 2 1 5 3 3
5242.2 355.9 -3.2 181 0 12.6 25.5 17.5 3.5 2 1 5 4 4
5230.8 337.3 -2.3 269 0 20.1 47.0 17.5 3.5 2 1 5 0 0
5174.8 263.6 -1.0 88 0 38.3 23.4 17.5 0.0 0 0 5 5 5
5923.0 2215.2 -10.2 81 0 11.6 11.0 17.5 3.5 2 0 5 2 2
3985.3 538.5 7.6 256 0 37.8 23.0 17.5 3.5 2 0 5 2 2
2295.1 1124.1 8.7 360 0 10.7 10.4 14.0 3.5 2 0 4 1 1
3180.8 1545.7 -0.8 91 0 27.5 47.4 14.0 0.0 0 1 4 0 0
3968.3 1105.1 3.4 179 0 11.3 33.9 14.0 3.5 2 1 4 3 3
2148.6 -1473.3 22.2 78 0 11.6 25.3 14.0 3.5 2 1 4 3 3
5335.1 1422.7 -0.7 353 0 11.5 41.6 17.5 3.5 2 1 5 4 4
5262.0 1233.6 1.3 172 0 13.7 21.6 14.0 3.5 2 1 4 5 5
5532.3 5329.6 -28.2 241 0 8.2 14.7 10.5 3.5 2 1 3 4 4
5281.4 1846.1 -3.5 353 0 42.8 36.1 17.5 0.0 0 0 5 1 1
3209.8 -881.9 11.5 75 0 10.4 24.9 14.0 3.5 4 1 4 0 0
5833.1 1411.5 -3.0 260 0 12.6 36.4 14.0 3.5 2 1 4 3 3
5451.8 1192.5 0.2 351 0 19.1 14.1 17.5 3.5 2 0 5 0 0
5466.5 1195.0 0.1 352 0 33.3 40.0 17.5 0.0 0 1 5 1 1
3699.9 -585.0 7.9 244 0 13.3 30.1 14.0 3.5 2 1 4 0 0
5017.2 6727.2 -37.2 352 0 13.1 20.3 14.0 3.5 2 1 4 0 0
-3050.8 532.1 22.6 175 0 15.6 39.6 14.0 0.0 0 1 4 0 0
3368.1 4196.7 -17.5 71 0 16.8 49.6 14.0 3.5 2 1 4 1 1
5879.3 2671.4 -11.4 358 0 20.4 23.5 21.0 0.0 0 1 6 1 1
5891.8 863.3 -4.1 172 0 14.4 31.1 14.0 3.5 2 1 4 1 1
306.8 716.9 20.1 79 0 12.7 14.4 14.0 3.5 4 1 4 3 3
327.5 726.0 19.6 352 0 14.7 13.0 14.0 3.5 2 0 4 2 2
3857.6 444.5 7.6 249 0 10.0 18.6 10.5 3.5 2 1 3 5 5
2202.6 1112.3 10.0 179 0 10.0 28.7 10.5 3.5 2 1 3 5 5
5470.3 2780.0 -6.3 178 0 10.0 38.8 17.5 3.5 2 1 5 5 5
5377.9 1868.1 -4.6 353 0 23.8 11.5 14.0 3.5 4 0 4 0 0
5072.3 4172.1 -16.1 355 0 13.1 50.6 17.5 3.5 2 1 5 4 4
2189.1 1123.8 10.2 353 0 32.8 10.5 14.0 3.5 2 0 4 4 4
6614.3 1527.7 -8.6 262 0 11.6 36.1 14.0 3.5 2 1 4 2 2
3977.7 1056.4 3.9 264 0 14.7 22.8 17.5 0.0 0 1 5 0 0
4809.4 2740.5 -5.8 88 0 9.6 3.8 10.5 3.5 2 0 3 0 0
4810.1 2732.8 -6.0 86 0 24.1 17.9 17.5 3.5 2 0 5 0 0
6077.7 6759.9 -39.4 336 0 11.5 22.1 14.0 3.5 4 1 4 1 1
5725.8 2647.4 -9.3 3 0 10.8 12.0 17.5 3.5 2 1 5 5 5
6044.0 3171.2 -11.7 272 0 21.6 53.4 15.0 2.5 2 1 6 3 3
5415.2 1340.2 -0.4 263 0 33.2 20.6 17.5 0.0 0 0 5 1 1
4999.9 2650.9 -4.6 359 0 15.4 30.4 17.5 3.5 2 1 5 0 0
5241.7 1511.4 -1.1 175 0 22.5 10.0 10.5 3.5 2 0 3 2 2
4242.6 3889.2 -18.4 3 0 14.6 29.0 17.5 3.5 2 1 5 0 0
4595.0 3117.2 -11.0 81 0 12.1 32.5 17.5 3.5 2 1 5 0 0
5425.9 1513.2 -1.8 353 0 12.2 37.4 14.0 3.5 2 1 4 3 3
6009.0 2220.3 -10.7 85 0 15.1 15.4 17.5 3.5 4 1 5 0 0
5341.8 696.0 -2.3 262 0 14.4 16.1 14.0 3.5 4 1 4 1 1
-908.6 483.1 25.8 354 0 64.1 23.3 14.0 3.5 2 0 4 4 4
5679.1 3241.7 -7.9 182 0 12.7 23.1 17.5 3.5 2 1 5 3 3
2823.1 -1040.4 13.8 172 0 19.8 11.1 10.5 3.5 2 0 3 5 5
6570.9 1506.1 -8.9 352 0 28.0 13.3 17.5 3.5 2 0 5 3 3
4939.4 2594.4 -3.6 181 0 12.3 11.8 17.5 3.5 2 0 5 3 3
6249.0 1101.9 -6.6 353 0 13.5 26.3 17.5 3.5 2 1 5 0 0
6242.2 1646.6 -7.2 83 0 11.1 8.5 10.5 3.5 2 0 3 3 3
5160.5 2388.3 -4.1 82 0 21.5 24.3 17.5 3.5 2 1 5 5 5
-375.4 6602.0 -17.0 270 0 12.4 17.8 10.5 3.5 2 1 3 3 3
