-973.9 5355.6 -28.6 109 0 66.0 50.9 10.5 0.0 0 0 3 3 3
-672.6 5936.1 -37.9 188 0 79.7 22.8 7.5 0.0 0 0 3 1 1
-2877.7 -6457.2 -29.5 195 0 10.4 5.8 5.0 2.5 2 0 2 0 0
6774.0 5053.2 -11.7 103 0 10.7 6.3 7.5 2.5 2 0 3 0 0
6752.7 5065.6 -11.3 19 0 8.6 13.9 2.5 2.5 2 1 1 1 1
6619.9 5181.8 -12.9 351 0 7.7 14.9 5.0 2.5 2 1 2 3 3
6588.8 5233.1 -15.5 181 0 11.8 8.6 5.0 2.5 2 0 2 3 3
6582.3 5260.6 -16.5 279 0 11.2 9.2 2.5 2.5 2 0 1 2 2
6566.2 5235.6 -15.5 185 0 13.3 10.1 5.0 2.5 2 0 2 5 5
6640.2 5282.4 -18.2 230 0 7.4 11.0 7.5 2.5 2 1 3 4 4
6656.0 5299.3 -19.4 221 0 6.5 8.4 7.5 2.5 2 1 3 1 1
6675.1 5312.3 -20.5 226 0 7.1 6.9 7.5 2.5 2 0 3 5 5
6731.6 5163.7 -14.6 76 0 6.7 8.4 7.5 2.5 2 1 3 5 5
-3365.7 -794.5 -34.5 176 0 6.7 9.2 5.0 2.5 2 1 2 3 3
-2768.9 -793.5 -33.2 89 0 7.4 6.7 7.5 2.5 2 0 3 5 5
-2435.7 -767.2 -39.5 88 0 12.7 18.3 10.0 2.5 2 1 4 5 5
-2436.0 -844.4 -38.5 87 0 7.7 5.9 7.5 2.5 2 0 3 5 5
-1761.5 -750.3 -21.1 93 0 6.5 13.3 2.5 2.5 2 1 1 0 0
-1757.5 -707.7 -25.4 172 0 9.2 9.7 2.5 2.5 2 1 1 3 3
-1713.5 -741.2 -23.2 82 0 8.7 11.8 7.5 2.5 2 1 3 5 5
-1726.3 -749.1 -22.3 80 0 12.4 14.0 7.5 2.5 2 1 3 3 3
-1728.5 -660.2 -30.7 269 0 9.0 8.5 5.0 2.5 2 0 2 2 2
-1666.6 -692.8 -28.8 84 0 10.5 8.8 5.0 2.5 2 0 2 5 5
-1585.2 -893.5 -17.7 2 0 16.2 6.2 5.0 2.5 2 0 2 5 5
-1519.9 -820.0 -27.0 344 0 14.2 9.4 5.0 2.5 2 0 2 3 3
-1483.2 -845.0 -28.7 333 0 7.6 6.3 2.5 2.5 2 0 1 2 2
-6641.9 6776.0 -30.4 174 0 5.2 8.8 2.5 2.5 2 1 1 0 0
-6398.7 6789.2 -27.3 108 0 12.8 8.5 5.0 2.5 2 0 2 0 0
-6369.3 6781.0 -27.5 113 0 14.2 8.7 7.5 2.5 4 0 3 0 0
-6282.3 6824.9 -24.2 88 0 14.0 13.2 7.5 2.5 2 0 3 0 0
-6252.9 6677.2 -27.8 284 0 8.8 21.7 7.5 0.0 0 1 3 0 0
-6296.9 6692.1 -27.1 240 0 10.1 13.0 5.0 2.5 2 0 2 3 3
-6191.2 6629.2 -28.5 266 0 10.5 6.7 7.5 2.5 2 0 3 5 5
-6153.8 6440.1 -28.2 79 0 11.4 10.1 5.0 0.0 0 0 2 5 5
-6209.4 6499.1 -32.8 16 0 7.8 9.1 5.0 0.0 0 1 2 4 4
-6449.2 6435.9 -38.9 197 0 7.9 12.0 2.5 2.5 2 1 1 1 1
-5266.6 -5022.4 -34.4 356 0 9.4 7.3 7.5 2.5 2 0 3 0 0
-5462.9 -5015.2 -30.3 264 0 8.3 6.8 5.0 2.5 2 0 2 4 4
-5530.7 -5029.2 -23.6 319 0 13.6 6.3 5.0 2.5 4 0 2 4 4
-5429.7 -5038.3 -30.2 356 0 11.2 12.5 7.5 2.5 4 1 3 4 4
-5321.8 -4949.5 -36.2 237 0 14.0 17.3 2.5 2.5 2 1 1 3 3
-5297.6 -4929.4 -37.3 241 0 8.5 14.5 5.0 2.5 2 0 2 2 2
-5290.1 -4960.1 -36.3 355 0 8.7 12.2 5.0 2.5 2 0 2 5 5
-5259.7 -4943.6 -37.6 270 0 9.7 10.3 2.5 2.5 2 1 1 5 5
-5278.6 -5000.2 -35.0 6 0 4.7 7.9 2.5 2.5 2 0 1 0 0
-5287.0 -4953.7 -36.9 57 0 8.3 11.5 7.5 2.5 2 0 3 4 4
-5266.3 -5010.2 -34.9 1 0 7.9 9.2 2.5 2.5 2 1 1 1 1
-5263.7 -4896.6 -35.2 60 0 6.6 13.3 2.5 2.5 2 1 1 3 3
-5228.6 -4920.3 -39.7 69 0 8.8 11.4 5.0 0.0 0 1 2 3 3
-5238.2 -4872.3 -35.7 83 0 13.0 9.2 7.5 2.5 2 0 3 5 5
1911.6 89.3 -26.4 270 0 14.1 12.1 7.5 2.5 2 0 3 5 5
-6189.5 -3390.9 -42.1 21 0 7.1 4.2 5.0 2.5 2 0 2 3 3
-6366.5 -3461.4 -44.0 282 0 6.5 5.6 5.0 2.5 2 0 2 2 2
-6373.9 -3496.5 -44.5 86 0 7.6 9.1 7.5 0.0 0 1 3 4 4
-6395.0 -3499.5 -44.4 64 0 8.1 5.0 7.5 2.5 2 0 3 1 1
-6440.5 -3525.4 -44.0 92 0 7.4 6.9 2.5 2.5 2 0 1 0 0
-6457.6 -3707.1 -44.5 187 0 7.5 10.7 5.0 2.5 4 1 2 2 2
-6457.5 -3818.5 -41.1 164 0 8.3 11.3 2.5 2.5 2 1 1 0 0
-6434.4 -3890.8 -41.2 177 0 9.3 10.4 5.0 0.0 0 1 2 5 5
-6582.2 -3301.1 -39.7 245 0 8.9 9.2 2.5 2.5 4 1 1 4 4
-6621.1 -3335.1 -40.7 66 0 11.4 11.1 5.0 2.5 2 0 2 1 1
-6710.0 -3445.3 -23.5 86 0 12.7 6.8 5.0 2.5 2 0 2 3 3
-6710.4 -3390.5 -33.9 259 0 5.6 6.0 5.0 2.5 2 1 2 5 5
-6245.3 -3854.9 -45.6 173 0 9.5 12.1 5.0 2.5 2 1 2 0 0
-6277.9 -3070.0 -42.8 51 0 9.9 8.5 5.0 2.5 2 0 2 3 3
-6247.0 -2919.4 -46.2 83 0 7.6 14.6 7.5 2.5 2 1 3 4 4
-6237.1 -2884.2 -49.7 351 0 11.7 9.4 5.0 2.5 2 0 2 4 4
-6251.1 -2873.1 -49.6 349 0 10.1 8.2 5.0 2.5 2 0 2 4 4
-6200.2 -2823.6 -48.4 252 0 7.3 7.3 5.0 2.5 2 0 2 3 3
-6308.5 -2754.2 -48.3 64 0 18.9 9.4 5.0 2.5 4 0 2 0 0
-6313.4 -2699.4 -46.1 296 0 11.0 8.8 5.0 0.0 0 0 2 4 4
-6172.8 -2627.8 -40.8 79 0 7.2 10.0 7.5 2.5 2 1 3 4 4
-6195.0 -2696.4 -43.2 92 0 7.1 8.0 7.5 2.5 2 1 3 4 4
-6228.9 -2619.1 -40.4 194 0 10.5 8.6 7.5 2.5 2 0 3 5 5
-6219.5 -2603.7 -39.9 182 0 13.2 9.1 7.5 2.5 2 0 3 5 5
-6207.0 -2503.5 -39.0 354 0 15.9 13.5 10.0 0.0 0 0 4 0 0
-6247.5 -2572.8 -38.5 163 0 9.1 5.8 7.5 2.5 2 0 3 1 1
-6272.1 -2516.2 -37.9 164 0 12.3 10.9 5.0 2.5 2 0 2 5 5
-6159.3 -2593.4 -39.8 351 0 12.8 7.8 7.5 2.5 4 0 3 0 0
-6172.6 -2489.9 -40.1 69 0 8.7 12.5 5.0 2.5 2 1 2 1 1
-6226.1 -2559.2 -38.2 181 0 9.9 7.1 5.0 2.5 4 0 2 4 4
-6228.8 -2467.0 -38.4 174 0 10.8 7.5 5.0 2.5 2 0 2 5 5
-6279.9 -2434.4 -39.0 178 0 9.4 11.4 7.5 2.5 4 1 3 1 1
-6281.2 -2395.1 -39.5 170 0 10.8 13.6 5.0 2.5 2 1 2 0 0
-6376.8 -2413.3 -44.2 90 0 9.9 8.4 7.5 2.5 2 0 3 4 4
-6816.8 -2563.8 -40.7 94 0 9.2 11.9 2.5 2.5 2 1 1 3 3
-6801.6 -2530.0 -40.0 270 0 9.0 12.4 2.5 2.5 2 1 1 2 2
6554.2 4851.3 -5.6 93 0 9.7 10.7 5.0 2.5 2 1 2 0 0
6458.6 4906.9 -9.0 82 0 9.0 19.9 7.5 0.0 0 1 3 0 0
-6819.6 -2702.0 -46.7 52 0 6.4 7.4 2.5 2.5 2 1 1 1 1
-6623.0 -2757.1 -40.9 79 0 9.6 8.0 5.0 2.5 2 0 2 4 4
-6489.0 -2715.8 -46.5 241 0 9.0 6.9 2.5 2.5 2 0 1 1 1
-6475.6 -2714.2 -47.6 262 0 6.2 6.4 7.5 2.5 4 1 3 5 5
-6492.5 -2692.0 -49.4 55 0 11.5 8.8 2.5 2.5 4 0 1 1 1
-6632.4 -2083.2 -51.7 280 0 8.6 8.6 7.5 2.5 2 0 3 0 0
-6638.7 -2116.3 -50.4 102 0 8.5 9.1 7.5 0.0 0 1 3 4 4
-6664.8 -2139.6 -48.2 82 0 7.0 13.0 2.5 2.5 2 1 1 2 2
-6725.1 -2190.0 -42.6 90 0 11.2 6.9 5.0 2.5 2 0 2 0 0
-6782.1 -2167.0 -43.8 80 0 10.7 10.2 2.5 2.5 2 0 1 0 0
-6681.5 -1958.1 -44.8 259 0 7.2 8.7 5.0 2.5 2 1 2 0 0
-6684.6 -1932.2 -40.7 90 0 7.7 7.4 7.5 2.5 4 0 3 4 4
-6611.5 -1929.7 -38.1 75 0 9.2 7.5 5.0 2.5 2 0 2 2 2
-6574.4 -1902.0 -34.7 79 0 8.8 6.8 7.5 2.5 4 0 3 2 2
-6568.6 -1930.4 -37.9 75 0 15.5 13.3 7.5 2.5 2 0 3 4 4
-6576.0 -1881.9 -33.4 249 0 6.0 7.6 7.5 2.5 2 1 3 1 1
-6541.9 -1901.9 -35.0 74 0 9.0 6.3 2.5 2.5 2 0 1 3 3
-6545.7 -1927.4 -37.6 79 0 7.7 10.9 7.5 2.5 2 1 3 5 5
-6473.2 -1821.1 -34.1 21 0 15.2 12.3 5.0 2.5 2 0 2 0 0
-6727.3 -1946.4 -43.4 263 0 12.0 8.3 2.5 2.5 2 0 1 1 1
-6776.5 -1889.3 -38.2 177 0 15.4 9.0 5.0 2.5 2 0 2 2 2
-6827.9 -1827.9 -36.7 94 0 8.0 9.0 7.5 2.5 2 1 3 0 0
-6850.0 -1861.6 -40.8 262 0 11.0 10.1 7.5 2.5 2 0 3 4 4
-6798.9 -1661.8 -33.6 171 0 8.4 12.6 5.0 2.5 2 1 2 2 2
-6798.9 -1642.9 -35.2 174 0 7.0 9.1 5.0 2.5 2 1 2 5 5
-6764.3 -1647.2 -36.0 259 0 9.3 8.8 7.5 0.0 0 0 3 4 4
-6754.0 -1666.2 -34.7 350 0 8.0 9.9 5.0 0.0 0 1 2 3 3
-6779.0 -1688.7 -31.2 353 0 8.2 12.0 5.0 0.0 0 1 2 1 1
-6654.8 -1588.2 -42.0 87 0 9.1 9.8 2.5 2.5 2 1 1 4 4
-6638.4 -1477.3 -41.4 80 0 14.1 8.7 2.5 2.5 2 0 1 3 3
-6536.3 -1533.0 -47.6 82 0 22.8 11.1 12.5 0.0 0 0 5 5 5
-6693.8 -1443.1 -37.7 358 0 6.9 8.9 5.0 2.5 2 1 2 2 2
-6789.2 -1441.1 -32.8 81 0 8.3 5.3 7.5 2.5 2 0 3 4 4
-6800.8 -1383.3 -33.4 352 0 12.2 16.6 2.5 2.5 2 1 1 2 2
-6805.8 -1187.2 -37.6 150 0 10.5 13.7 2.5 2.5 2 1 1 4 4
-6764.8 -1141.4 -41.7 355 0 9.0 18.7 5.0 2.5 2 1 2 4 4
-6831.9 -1196.3 -36.6 354 0 7.0 7.8 5.0 2.5 2 1 2 4 4
-6806.0 -1211.1 -36.5 147 0 6.9 9.3 5.0 2.5 2 1 2 1 1
-6831.6 -1209.8 -36.3 340 0 6.8 12.0 7.5 0.0 0 1 3 5 5
-6852.1 -1134.3 -42.6 62 0 8.3 10.7 5.0 2.5 2 1 2 0 0
-6371.3 -1039.1 -42.4 109 0 16.2 25.8 12.5 2.5 2 1 5 5 5
-6430.7 -1012.7 -43.9 280 0 6.5 11.0 7.5 2.5 2 1 3 0 0
-6409.6 -987.3 -42.5 272 0 7.9 8.8 2.5 2.5 2 1 1 1 1
-6411.2 -998.4 -42.9 268 0 10.7 7.5 2.5 2.5 2 0 1 0 0
-6402.5 -1008.9 -43.3 267 0 12.5 17.6 5.0 2.5 2 1 2 1 1
-6331.2 -968.1 -40.9 266 0 28.8 24.1 12.5 0.0 0 0 5 1 1
-6358.6 -953.3 -40.5 91 0 23.1 25.6 10.0 2.5 2 1 4 2 2
-6331.5 -953.2 -41.1 92 0 14.4 28.9 7.5 0.0 0 1 3 1 1
-6297.7 -967.2 -42.1 274 0 24.4 24.8 10.0 0.0 0 1 4 1 1
-6274.4 -1043.4 -40.2 181 0 17.0 13.7 2.5 2.5 2 0 1 4 4
-6200.2 -1089.0 -39.5 7 0 10.9 12.7 5.0 2.5 2 1 2 4 4
-6211.5 -1113.0 -38.9 359 0 11.9 30.7 10.0 0.0 0 1 4 1 1
-6217.7 -985.9 -42.6 282 0 16.7 24.7 15.0 0.0 0 1 6 4 4
-6167.2 -969.6 -44.4 97 0 21.8 32.6 10.0 0.0 0 1 4 2 2
-6266.8 -924.5 -43.2 186 0 14.0 8.0 5.0 2.5 2 0 2 2 2
-6315.9 -956.7 -41.4 94 0 11.9 36.1 7.5 2.5 4 1 3 1 1
-6377.2 -964.7 -41.4 271 0 22.3 19.5 10.0 2.5 2 0 4 5 5
-6263.9 -1088.9 -38.5 175 0 11.5 14.2 2.5 2.5 2 1 1 4 4
-6258.2 -1135.2 -40.4 186 0 11.0 16.0 2.5 2.5 2 1 1 3 3
-6453.1 -988.0 -43.3 298 0 11.1 6.8 7.5 2.5 2 0 3 0 0
-6457.0 -935.4 -41.0 183 0 6.7 16.8 5.0 2.5 2 1 2 4 4
-6487.0 -992.0 -44.2 93 0 10.3 18.8 5.0 2.5 2 1 2 2 2
-6507.0 -927.4 -42.9 286 0 17.0 9.8 7.5 2.5 2 0 3 2 2
-6469.6 -943.7 -42.4 295 0 11.0 13.3 5.0 2.5 2 1 2 3 3
-6518.4 -914.2 -42.7 302 0 12.1 11.2 5.0 2.5 2 0 2 5 5
-6277.0 -1972.7 -43.4 182 0 9.2 9.0 5.0 2.5 2 0 2 1 1
-6363.0 -2071.8 -46.9 92 0 7.9 10.0 2.5 0.0 0 1 1 3 3
-6234.7 -1952.8 -41.8 358 0 9.1 7.3 7.5 2.5 2 0 3 3 3
-6257.1 -1951.4 -42.5 170 0 7.9 9.1 7.5 0.0 0 1 3 0 0
-6247.2 -1872.3 -39.6 255 0 7.5 7.2 7.5 2.5 2 0 3 2 2
-6440.7 -1992.2 -46.3 165 0 16.4 7.7 2.5 2.5 2 0 1 5 5
-6365.8 -1947.8 -41.9 345 0 8.7 9.3 2.5 2.5 2 1 1 3 3
-6388.1 -1846.6 -37.3 102 0 9.5 20.2 7.5 2.5 2 1 3 5 5
-6435.7 -1786.2 -39.9 178 0 11.8 11.9 7.5 2.5 4 1 3 1 1
-6411.4 -1733.4 -43.1 320 0 8.8 13.6 7.5 2.5 4 1 3 4 4
-6457.0 -1721.7 -43.2 170 0 11.1 9.6 2.5 2.5 2 0 1 1 1
-6898.4 -1885.6 -40.3 183 0 13.0 10.0 5.0 2.5 2 0 2 0 0
-6896.8 -2224.7 -46.3 200 0 5.9 5.7 7.5 2.5 2 0 3 5 5
-6191.3 -988.6 -42.8 274 0 7.0 26.4 2.5 2.5 4 1 1 5 5
-6168.3 -1351.9 -47.6 147 0 13.3 11.6 7.5 2.5 2 0 3 2 2
-6179.9 -1274.3 -44.1 15 0 7.5 14.6 7.5 2.5 2 1 3 5 5
2045.2 -2064.9 -15.2 39 0 9.2 12.0 5.0 0.0 0 1 2 5 5
2110.3 -2079.2 -17.8 91 0 8.0 13.0 2.5 2.5 2 1 1 5 5
2104.3 -1877.3 -27.1 222 0 11.4 15.6 2.5 2.5 2 1 1 1 1
2242.6 -1721.8 -23.2 272 0 20.0 8.3 5.0 2.5 2 0 2 5 5
2320.4 -1904.9 -24.1 228 0 14.2 13.4 5.0 2.5 2 0 2 2 2
2333.6 -1881.3 -22.4 231 0 10.3 12.4 5.0 2.5 2 1 2 4 4
2379.1 -1837.0 -20.3 105 0 16.3 14.7 5.0 0.0 0 0 2 5 5
2294.8 -1890.6 -24.7 48 0 12.9 15.9 2.5 2.5 4 1 1 5 5
2462.5 -1969.8 -21.1 129 0 7.8 9.5 7.5 2.5 2 0 3 4 4
2454.6 -1936.2 -20.3 331 0 8.2 8.8 5.0 2.5 2 0 2 4 4
2492.3 -1959.5 -20.3 321 0 5.8 11.2 5.0 2.5 2 1 2 1 1
2474.6 -1927.8 -19.0 317 0 7.7 10.2 5.0 2.5 2 0 2 3 3
2459.3 -1900.3 -22.8 325 0 17.0 12.2 5.0 2.5 2 0 2 1 1
2490.9 -1903.1 -19.1 171 0 14.8 12.6 5.0 2.5 2 0 2 2 2
2410.0 -1841.1 -22.1 90 0 15.2 16.0 5.0 2.5 2 1 2 3 3
2452.5 -1855.0 -24.7 184 0 18.6 17.6 12.5 2.5 2 0 5 3 3
2511.8 -1829.8 -23.7 84 0 24.1 12.3 10.0 2.5 2 0 4 0 0
2589.2 -1847.0 -14.1 256 0 17.5 19.7 12.5 2.5 2 1 5 4 4
2645.2 -1725.6 -20.6 353 0 14.5 19.0 12.5 2.5 2 1 5 1 1
2621.0 -1634.9 -16.5 2 0 17.4 19.7 10.0 2.5 2 1 4 0 0
2589.4 -1602.0 -12.4 177 0 10.9 14.4 5.0 0.0 0 1 2 2 2
2472.0 -1628.4 -12.0 87 0 11.5 15.6 5.0 2.5 4 1 2 0 0
2127.2 -1372.8 -18.2 161 0 38.2 13.2 12.5 2.5 4 0 5 4 4
2170.1 -1377.6 -17.1 68 0 14.1 20.9 15.0 0.0 0 1 6 0 0
2222.4 -1399.7 -21.8 252 0 13.5 15.5 5.0 2.5 2 1 2 5 5
2212.8 -1375.6 -16.8 65 0 15.5 15.8 2.5 2.5 2 0 1 4 4
2261.4 -1398.4 -23.0 349 0 13.3 20.3 5.0 2.5 4 1 2 3 3
2313.4 -1343.2 -19.9 66 0 12.1 19.4 2.5 2.5 2 1 1 0 0
2317.6 -1321.1 -18.3 93 0 19.4 20.3 10.0 2.5 2 1 4 2 2
2336.8 -1274.3 -15.8 353 0 32.6 15.6 12.5 2.5 2 0 5 5 5
2430.0 -1255.5 -18.6 41 0 14.4 15.2 7.5 2.5 2 0 3 0 0
2451.4 -1217.8 -20.6 6 0 12.4 9.8 5.0 2.5 2 0 2 2 2
2497.8 -1200.7 -20.2 38 0 15.5 19.0 12.5 2.5 2 1 5 2 2
2425.9 -1073.1 -15.4 319 0 23.5 19.6 12.5 2.5 2 0 5 2 2
2373.8 -1095.2 -15.4 88 0 15.1 13.3 5.0 2.5 4 0 2 1 1
2238.5 -1014.5 -16.3 88 0 17.6 11.8 2.5 2.5 2 0 1 1 1
2100.6 -966.6 -17.3 90 0 13.4 17.8 5.0 2.5 2 1 2 2 2
2151.6 -932.7 -19.6 92 0 14.6 11.6 10.0 2.5 2 0 4 0 0
2146.6 -395.8 -15.6 293 0 11.6 21.2 7.5 2.5 2 1 3 0 0
2064.5 -378.8 -21.0 84 0 12.2 18.8 7.5 0.0 0 1 3 3 3
1983.7 -376.7 -22.7 90 0 9.6 23.3 7.5 2.5 2 1 3 1 1
1908.5 -381.6 -24.0 80 0 10.4 17.1 10.0 2.5 2 1 4 3 3
1698.4 -324.4 -23.3 100 0 12.5 15.5 5.0 2.5 4 1 2 0 0
1709.9 -246.0 -21.7 305 0 16.6 17.1 10.0 2.5 2 1 4 0 0
1679.5 -232.0 -21.6 296 0 13.3 11.0 7.5 2.5 2 0 3 1 1
1692.4 -209.7 -23.9 111 0 11.4 22.4 10.0 2.5 2 1 4 4 4
1743.9 -183.5 -25.0 6 0 14.1 17.1 2.5 2.5 2 1 1 5 5
1759.0 -146.2 -27.3 186 0 14.0 18.8 12.5 2.5 2 1 5 2 2
2278.4 -1371.6 -22.3 246 0 18.7 12.8 5.0 2.5 2 0 2 4 4
-3684.8 3976.9 -28.3 53 0 12.7 16.8 5.0 2.5 2 1 2 3 3
-3727.2 4041.5 -30.9 181 0 11.6 10.8 7.5 2.5 2 0 3 0 0
-3752.3 4311.0 -35.2 91 0 14.0 15.9 5.0 2.5 2 1 2 4 4
-3709.1 4373.1 -35.2 3 0 11.8 11.9 5.0 2.5 2 1 2 2 2
-3748.7 4410.0 -31.8 182 0 13.7 12.2 5.0 2.5 2 0 2 5 5
-3756.8 4444.3 -29.7 183 0 14.4 11.7 7.5 2.5 2 0 3 4 4
-3696.8 4490.9 -31.9 269 0 11.5 16.8 5.0 2.5 2 1 2 2 2
-3765.2 4567.8 -24.0 181 0 11.7 15.3 5.0 2.5 2 1 2 4 4
-3771.1 5145.3 -24.0 161 0 14.8 14.9 7.5 2.5 2 1 3 2 2
-3772.9 5772.4 -39.7 192 0 11.9 13.8 10.0 2.5 2 1 4 4 4
-3708.8 5804.1 -35.2 89 0 16.2 13.0 7.5 2.5 2 0 3 0 0
-3736.1 5882.3 -31.8 200 0 15.5 14.4 7.5 2.5 2 0 3 0 0
-3664.8 6098.7 -29.1 92 0 8.9 16.7 2.5 2.5 2 1 1 1 1
-3614.9 6038.9 -26.9 187 0 10.2 16.7 2.5 2.5 2 1 1 2 2
-3487.5 6253.8 -19.8 185 0 7.8 13.5 2.5 2.5 2 1 1 3 3
-3458.4 6195.2 -20.2 0 0 9.2 13.1 7.5 2.5 2 1 3 1 1
-3471.3 6205.2 -19.7 184 0 6.2 7.0 2.5 2.5 2 1 1 2 2
-3442.0 6250.3 -21.3 2 0 9.4 14.5 7.5 2.5 2 1 3 5 5
-3502.2 6024.4 -22.5 281 0 10.6 15.0 5.0 2.5 4 1 2 5 5
-3456.6 5990.9 -21.0 353 0 9.2 18.6 7.5 2.5 2 1 3 4 4
-3443.9 5972.7 -20.5 354 0 15.6 12.8 5.0 2.5 2 0 2 4 4
-3450.7 5948.5 -21.7 357 0 13.3 17.1 7.5 2.5 2 1 3 4 4
2139.4 -1296.8 -9.7 313 0 12.2 16.5 2.5 2.5 2 1 1 3 3
1990.5 -981.0 -24.9 255 0 10.4 6.7 5.0 2.5 2 0 2 3 3
1885.9 -989.8 -29.5 156 0 11.5 11.0 7.5 2.5 2 0 3 4 4
1879.3 -932.0 -25.6 178 0 16.2 16.4 12.5 2.5 2 1 5 1 1
2309.1 -1066.3 -14.2 135 0 11.7 9.4 7.5 2.5 2 0 3 2 2
2311.7 -1023.7 -18.1 181 0 11.1 12.0 2.5 2.5 2 1 1 0 0
2352.9 -1055.9 -16.5 317 0 14.8 14.6 2.5 2.5 2 0 1 5 5
2364.1 -1037.7 -18.6 4 0 12.4 13.2 2.5 2.5 2 1 1 4 4
2630.6 -955.6 -13.4 184 0 13.4 15.9 2.5 2.5 2 1 1 5 5
2659.3 -963.2 -13.4 79 0 11.0 13.7 5.0 0.0 0 1 2 1 1
2705.0 -931.3 -16.6 270 0 18.9 18.3 10.0 2.5 4 0 4 5 5
2726.9 -1190.3 -0.7 91 0 14.3 19.0 10.0 2.5 2 1 4 1 1
2758.9 -1184.4 0.3 80 0 13.4 13.3 5.0 2.5 4 0 2 1 1
2774.5 -1104.3 -4.6 271 0 11.8 11.6 10.0 0.0 0 0 4 3 3
2693.5 -1127.6 -2.1 275 0 14.5 14.9 2.5 2.5 2 1 1 4 4
2758.7 -1255.0 0.3 359 0 11.4 14.0 5.0 2.5 2 1 2 5 5
2741.8 -1602.9 -18.2 158 0 12.1 13.7 5.0 2.5 2 1 2 2 2
2843.5 -1767.1 -9.6 90 0 22.9 17.7 10.0 2.5 2 0 4 0 0
2957.7 -1923.7 -8.0 272 0 14.7 14.1 5.0 2.5 2 0 2 5 5
-4380.8 -3484.1 -46.7 216 0 10.3 7.6 7.5 2.5 2 0 3 5 5
-4377.8 -3423.3 -42.1 46 0 10.4 7.6 5.0 2.5 2 0 2 2 2
-4359.8 -3439.7 -43.4 39 0 8.0 8.6 5.0 2.5 4 1 2 5 5
-4333.9 -3423.5 -42.6 43 0 14.9 18.9 15.0 0.0 0 1 6 1 1
-4403.7 -3397.7 -40.7 269 0 13.8 12.1 7.5 2.5 2 0 3 5 5
-4376.9 -3360.9 -38.3 269 0 12.8 10.3 7.5 2.5 2 0 3 4 4
-4449.3 -3346.8 -36.6 265 0 21.5 9.9 7.5 2.5 2 0 3 3 3
-4459.2 -3333.8 -36.6 274 0 19.0 12.6 10.0 2.5 2 0 4 5 5
-4437.1 -3399.3 -40.0 162 0 10.1 6.8 5.0 2.5 2 0 2 3 3
6544.4 840.3 -29.6 267 0 7.2 6.2 5.0 2.5 2 0 2 1 1
-4320.3 -3377.6 -39.8 30 0 12.6 9.3 5.0 2.5 4 0 2 3 3
-4304.3 -3356.2 -38.9 33 0 11.1 7.9 5.0 2.5 2 0 2 2 2
-4293.4 -3341.1 -38.4 28 0 14.0 10.6 5.0 2.5 2 0 2 3 3
-4277.4 -3353.4 -40.0 36 0 26.2 10.4 10.0 2.5 2 0 4 4 4
-4299.4 -3408.1 -43.4 215 0 12.9 7.7 2.5 2.5 4 0 1 2 2
-4367.6 -3470.7 -46.1 220 0 10.7 9.3 5.0 2.5 2 0 2 2 2
1493.5 164.9 -17.8 351 0 11.6 8.8 7.5 2.5 4 0 3 3 3
1512.2 44.9 -27.3 349 0 11.3 14.4 7.5 2.5 2 1 3 4 4
1507.5 8.4 -29.6 94 0 10.8 11.3 2.5 0.0 0 1 1 5 5
1484.2 203.8 -16.9 327 0 11.2 5.8 5.0 2.5 4 0 2 1 1
1502.7 127.4 -20.8 354 0 11.1 9.1 5.0 2.5 2 0 2 2 2
1474.0 242.3 -18.5 162 0 11.8 7.1 2.5 2.5 2 0 1 5 5
-4510.6 -3310.0 -38.0 281 0 13.6 14.5 7.5 2.5 2 1 3 0 0
-4546.2 -3353.3 -39.5 99 0 10.6 11.3 2.5 2.5 2 1 1 2 2
-4585.6 -3335.4 -41.1 252 0 21.0 21.9 12.5 2.5 2 1 5 3 3
-4479.5 -3494.3 -47.0 253 0 9.9 25.4 7.5 2.5 4 1 3 2 2
-4446.5 -3530.7 -48.2 346 0 9.0 10.9 7.5 2.5 2 1 3 0 0
-4486.0 -3553.0 -47.5 184 0 10.1 9.0 5.0 2.5 2 0 2 5 5
-4490.1 -3581.5 -47.5 98 0 7.4 9.0 5.0 2.5 2 1 2 0 0
-4430.1 -3526.3 -48.4 22 0 11.8 13.1 7.5 2.5 2 1 3 0 0
-4426.4 -3504.6 -47.9 292 0 11.4 9.6 7.5 2.5 2 0 3 5 5
1406.5 421.6 -22.5 263 0 7.0 13.6 5.0 2.5 2 1 2 1 1
1292.9 396.7 -18.5 78 0 8.2 10.9 2.5 2.5 2 1 1 0 0
-4289.4 -3583.1 -45.2 186 0 14.6 19.5 10.0 2.5 2 1 4 1 1
-4255.8 -3649.6 -43.5 57 0 20.6 39.4 10.0 0.0 0 1 4 4 4
-4251.6 -3590.0 -41.5 261 0 7.1 10.5 7.5 0.0 0 1 3 0 0
-4199.9 -3647.4 -33.1 93 0 10.4 13.4 5.0 2.5 2 1 2 0 0
-4172.5 -3660.6 -28.7 175 0 11.4 12.6 7.5 2.5 2 1 3 5 5
-4139.8 -3648.1 -28.1 173 0 9.5 9.3 2.5 0.0 0 0 1 2 2
-4112.9 -3720.1 -18.3 91 0 9.0 14.3 5.0 2.5 2 1 2 4 4
-4095.3 -3645.6 -25.1 265 0 11.0 12.0 5.0 2.5 2 1 2 3 3
6656.6 907.3 -24.2 3 0 12.5 8.9 5.0 2.5 2 0 2 0 0
6607.0 953.2 -28.0 289 0 7.7 10.6 7.5 2.5 2 1 3 3 3
6790.0 -314.0 -34.0 164 0 14.6 14.2 5.0 2.5 2 0 2 5 5
6760.8 -747.7 -35.5 15 0 11.3 17.6 10.0 2.5 2 1 4 4 4
-4134.5 -3572.1 -36.7 307 0 9.3 10.0 7.5 2.5 2 1 3 5 5
-4020.7 -3366.2 -34.3 3 0 13.9 13.1 7.5 2.5 2 0 3 1 1
-4038.2 -3335.3 -35.5 253 0 7.7 14.3 2.5 2.5 2 1 1 3 3
-4091.0 -3309.1 -41.3 273 0 9.6 15.4 2.5 2.5 2 1 1 3 3
-4172.8 -3399.6 -46.7 140 0 9.3 10.0 2.5 2.5 4 1 1 4 4
-4147.3 -3314.9 -45.5 260 0 10.9 9.4 5.0 2.5 2 0 2 5 5
6669.1 -753.1 -30.4 271 0 11.0 14.1 7.5 2.5 2 1 3 5 5
6614.6 -825.6 -23.4 89 0 9.3 13.0 5.0 2.5 2 1 2 4 4
6653.4 -792.3 -26.6 2 0 8.9 11.2 5.0 2.5 2 1 2 5 5
6459.4 -869.3 -19.2 96 0 16.6 15.5 10.0 2.5 2 0 4 0 0
6425.4 -878.3 -18.2 180 0 18.7 14.8 10.0 2.5 2 0 4 3 3
6280.5 -897.1 -16.0 11 0 10.5 47.3 7.5 2.5 2 1 3 0 0
6219.2 -829.1 -13.3 280 0 12.8 20.7 10.0 2.5 2 1 4 4 4
6128.1 -888.4 -16.2 96 0 15.1 14.7 7.5 0.0 0 0 3 1 1
6163.4 -901.7 -17.0 87 0 15.8 23.1 10.0 2.5 2 1 4 5 5
6081.1 -829.2 -12.6 130 0 14.0 15.7 5.0 2.5 4 1 2 0 0
1760.9 -111.3 -28.6 80 0 12.5 8.4 7.5 2.5 2 0 3 5 5
6192.0 -847.3 -14.0 275 0 12.2 11.0 5.0 2.5 2 0 2 3 3
6039.2 -827.9 -13.1 267 0 14.2 15.6 7.5 0.0 0 1 3 5 5
5976.6 -819.1 -13.7 286 0 18.2 25.3 10.0 2.5 2 1 4 4 4
5945.1 -834.7 -13.9 290 0 17.9 15.3 7.5 2.5 2 0 3 5 5
5908.4 -893.5 -14.3 123 0 7.5 32.3 7.5 2.5 2 1 3 2 2
5916.5 -833.5 -14.2 287 0 11.2 19.0 5.0 2.5 2 1 2 1 1
5894.7 -874.4 -14.4 205 0 17.8 10.6 7.5 2.5 2 0 3 5 5
-4177.0 -3728.2 -24.8 102 0 14.7 11.4 2.5 2.5 2 0 1 5 5
-4262.2 -3744.3 -40.6 188 0 12.4 10.0 2.5 2.5 4 0 1 4 4
-4267.8 -3756.1 -42.4 205 0 13.3 11.9 5.0 2.5 2 0 2 5 5
-4289.5 -3765.8 -46.2 178 0 11.7 10.8 5.0 2.5 2 0 2 4 4
-4301.7 -3796.4 -49.2 177 0 15.7 18.3 10.0 2.5 2 1 4 0 0
-4296.0 -3833.4 -47.3 167 0 13.7 17.9 5.0 2.5 2 1 2 4 4
-4267.5 -3840.1 -45.0 243 0 8.4 18.2 2.5 2.5 4 1 1 3 3
-4269.3 -3870.2 -44.5 145 0 6.8 16.0 5.0 2.5 2 1 2 1 1
-4244.9 -3900.5 -42.5 137 0 13.8 15.5 5.0 2.5 2 1 2 5 5
-4228.1 -3916.9 -39.8 139 0 14.0 13.7 10.0 2.5 2 0 4 4 4
-4205.7 -3883.9 -38.3 1 0 13.8 22.3 12.5 2.5 2 1 5 1 1
-4133.6 -3992.6 -36.5 50 0 13.1 15.0 7.5 2.5 2 1 3 1 1
-4172.9 -3984.7 -40.0 136 0 16.7 12.8 7.5 2.5 2 0 3 0 0
-4165.2 -4028.7 -39.0 142 0 4.8 10.2 5.0 2.5 2 1 2 2 2
1451.0 659.5 -10.7 188 0 11.3 10.4 2.5 2.5 2 0 1 1 1
5866.7 -808.2 -11.5 291 0 18.9 12.6 7.5 2.5 2 0 3 4 4
5829.7 -713.7 -7.3 317 0 20.0 15.9 7.5 2.5 2 0 3 2 2
5780.6 -757.5 -8.9 109 0 7.9 7.6 7.5 2.5 2 0 3 0 0
5875.3 -768.3 -12.2 96 0 14.7 15.3 5.0 2.5 2 1 2 3 3
5829.3 -626.5 -8.4 151 0 17.7 16.8 17.5 0.0 0 0 7 3 3
5835.8 -374.7 -13.1 1 0 12.0 13.7 7.5 2.5 2 1 3 3 3
5815.5 -329.5 -13.3 0 0 17.1 10.2 10.0 2.5 2 0 4 1 1
5828.5 -330.2 -12.0 3 0 12.7 6.8 5.0 2.5 2 0 2 2 2
5804.1 -286.1 -12.8 268 0 10.3 15.2 2.5 2.5 4 1 1 0 0
-4220.9 -4069.9 -38.3 181 0 9.4 12.3 7.5 0.0 0 1 3 2 2
-4291.4 -3960.4 -43.0 144 0 9.9 9.6 7.5 2.5 2 0 3 5 5
-4311.0 -3939.2 -43.5 125 0 11.0 12.7 5.0 2.5 2 1 2 1 1
-4316.8 -3969.8 -46.6 331 0 41.1 19.5 10.0 2.5 2 0 4 4 4
-4393.2 -3856.2 -51.7 136 0 55.8 33.9 12.5 0.0 0 0 5 0 0
-4447.3 -3816.9 -56.0 316 0 44.9 22.5 10.0 0.0 0 0 4 2 2
-4606.5 -3721.7 -47.5 97 0 16.6 19.5 10.0 0.0 0 1 4 2 2
-4610.1 -3652.8 -45.6 336 0 17.8 22.0 12.5 2.5 2 1 5 3 3
5819.9 173.5 -31.8 90 0 11.1 17.9 7.5 0.0 0 1 3 2 2
5819.3 225.3 -32.8 185 0 14.5 9.7 5.0 2.5 2 0 2 2 2
5845.4 281.2 -33.3 290 0 9.5 11.2 5.0 2.5 2 1 2 1 1
5894.4 275.8 -29.4 90 0 9.0 12.7 7.5 2.5 2 1 3 0 0
5932.8 305.0 -26.5 359 0 15.1 8.7 2.5 2.5 2 0 1 5 5
5825.3 506.4 -29.1 86 0 11.7 10.0 2.5 2.5 2 0 1 5 5
5874.3 751.0 -23.6 268 0 13.1 8.3 5.0 2.5 2 0 2 4 4
5906.9 790.8 -23.3 359 0 13.5 11.1 10.0 2.5 2 0 4 3 3
5876.8 1434.4 -27.0 80 0 25.2 16.5 10.0 2.5 2 0 4 1 1
6007.5 1487.0 -25.8 267 0 22.2 19.5 10.0 2.5 2 0 4 2 2
6062.8 1438.5 -17.7 1 0 13.6 10.6 2.5 2.5 2 0 1 5 5
-4636.9 -3537.8 -43.4 350 0 17.4 15.4 5.0 2.5 2 0 2 4 4
-4906.4 -3533.7 -41.2 43 0 14.6 11.1 2.5 2.5 2 0 1 0 0
-5065.1 -3522.6 -44.7 252 0 8.9 11.4 7.5 2.5 4 1 3 3 3
-5093.3 -3585.2 -44.1 71 0 10.2 12.3 5.0 2.5 2 1 2 4 4
-5084.8 -3655.5 -45.0 349 0 23.4 8.6 7.5 2.5 2 0 3 3 3
-5130.2 -3566.5 -46.7 262 0 10.9 13.2 5.0 2.5 2 1 2 0 0
6246.9 1232.0 -37.5 268 0 9.0 13.6 7.5 2.5 2 1 3 2 2
6265.5 1232.2 -37.3 283 0 7.5 7.8 5.0 0.0 0 1 2 0 0
6295.7 1223.7 -38.1 287 0 13.8 14.7 7.5 2.5 2 1 3 4 4
6387.7 1312.9 -34.5 265 0 13.4 13.8 7.5 2.5 2 1 3 3 3
6411.5 1239.5 -36.9 89 0 11.9 17.5 7.5 2.5 2 1 3 2 2
-4912.6 -3565.9 -40.6 252 0 15.7 14.8 10.0 0.0 0 0 4 2 2
-5152.3 -3789.9 -52.4 69 0 9.7 12.1 2.5 2.5 2 1 1 2 2
-5165.5 -3746.7 -50.1 65 0 13.4 20.9 12.5 2.5 2 1 5 0 0
-5216.2 -3653.8 -48.5 161 0 31.2 61.3 12.5 0.0 0 1 5 0 0
-5256.6 -3718.6 -47.7 244 0 17.0 53.8 10.0 0.0 0 1 4 2 2
-4779.9 -3331.3 -41.9 202 0 31.8 26.7 10.0 0.0 0 0 4 5 5
-4761.1 -3374.8 -41.2 161 0 22.2 51.9 7.5 2.5 2 1 3 1 1
-4664.6 -3434.6 -42.5 355 0 21.9 35.5 10.0 0.0 0 1 4 3 3
-4744.9 -3469.8 -40.2 162 0 14.2 9.3 7.5 0.0 0 0 3 2 2
6403.2 1279.6 -35.3 92 0 6.5 13.5 7.5 2.5 2 1 3 0 0
6562.4 1437.4 -21.4 270 0 12.4 25.5 12.5 2.5 4 1 5 0 0
6575.4 1362.9 -26.7 360 0 23.0 9.3 7.5 2.5 4 0 3 3 3
6555.4 1274.5 -35.3 91 0 9.5 13.3 5.0 2.5 4 1 2 3 3
6622.6 1415.0 -19.2 3 0 24.2 16.2 10.0 2.5 4 0 4 1 1
6606.4 1253.7 -34.8 94 0 24.8 10.5 12.5 2.5 2 0 5 0 0
6639.3 1250.0 -33.0 89 0 10.9 14.3 5.0 2.5 2 1 2 4 4
6700.9 1348.0 -26.1 0 0 20.4 6.7 2.5 2.5 4 0 1 4 4
6713.0 1439.7 -20.7 359 0 15.2 11.1 5.0 2.5 2 0 2 1 1
6799.4 1432.1 -24.5 177 0 16.6 8.5 5.0 2.5 2 0 2 3 3
6897.3 1451.7 -24.4 0 0 10.0 17.3 2.5 2.5 2 1 1 0 0
6842.0 1379.8 -29.4 80 0 11.4 19.0 7.5 2.5 2 1 3 3 3
6873.8 1278.0 -38.6 88 0 10.2 9.8 5.0 2.5 2 0 2 0 0
-4929.4 -3920.7 -47.5 99 0 12.3 13.5 10.0 2.5 2 1 4 1 1
-4870.5 -3927.2 -41.7 182 0 10.4 9.8 5.0 2.5 2 0 2 5 5
-4826.6 -3912.5 -45.6 83 0 9.0 8.9 7.5 0.0 0 0 3 2 2
-4763.3 -3914.1 -49.0 10 0 24.9 12.3 12.5 2.5 4 0 5 1 1
-4882.7 -3880.6 -46.3 263 0 9.5 8.3 5.0 2.5 2 0 2 3 3
-4821.3 -4048.3 -42.9 263 0 6.0 8.3 2.5 2.5 2 1 1 3 3
-4768.4 -4117.9 -42.3 6 0 10.3 8.6 7.5 2.5 2 0 3 2 2
-4846.5 -4075.5 -41.6 268 0 8.7 8.4 7.5 2.5 2 0 3 2 2
-4896.5 -4134.1 -41.4 176 0 8.3 9.1 5.0 2.5 2 1 2 2 2
-4875.2 -4165.5 -41.1 82 0 7.4 14.7 7.5 2.5 2 1 3 3 3
-4983.6 -4103.3 -43.2 246 0 16.5 20.7 7.5 2.5 2 0 3 1 1
-4961.4 -4130.9 -43.2 101 0 17.5 10.1 2.5 2.5 2 0 1 4 4
-4815.9 -4157.0 -40.1 75 0 9.9 16.2 7.5 2.5 2 1 3 2 2
-4745.3 -4209.4 -39.6 0 0 10.2 9.7 5.0 2.5 2 0 2 0 0
-4779.9 -4175.2 -40.2 95 0 9.8 10.9 5.0 2.5 2 1 2 3 3
-4754.5 -4170.2 -40.9 25 0 12.8 9.9 5.0 2.5 4 0 2 5 5
-4822.3 -4171.8 -39.7 179 0 13.4 20.8 10.0 2.5 2 1 4 3 3
-4939.0 -4318.5 -41.9 91 0 15.7 10.1 2.5 2.5 2 0 1 1 1
-4869.4 -4258.1 -42.2 357 0 7.9 21.7 7.5 2.5 2 1 3 1 1
-5105.3 -4197.1 -43.5 4 0 14.2 14.3 5.0 2.5 2 1 2 2 2
-5223.8 -4172.4 -50.0 190 0 11.0 8.2 5.0 2.5 2 0 2 5 5
-5203.3 -4168.4 -48.2 267 0 7.8 11.3 7.5 2.5 4 1 3 3 3
-5195.2 -4237.9 -43.2 180 0 8.3 8.1 2.5 2.5 2 0 1 0 0
6796.5 -1182.7 -28.0 196 0 10.0 10.9 5.0 2.5 2 1 2 2 2
6775.0 -1204.5 -29.9 105 0 6.6 10.2 7.5 0.0 0 1 3 5 5
6691.3 -1262.7 -33.7 4 0 6.3 10.1 7.5 2.5 2 1 3 1 1
6655.2 -1241.4 -33.9 288 0 10.1 8.3 2.5 2.5 2 0 1 0 0
6590.0 -1217.8 -31.8 304 0 13.4 7.2 2.5 2.5 2 0 1 1 1
6619.9 -1258.8 -34.1 85 0 6.7 7.8 5.0 2.5 2 1 2 2 2
6546.3 -1213.8 -29.4 306 0 8.7 7.3 5.0 2.5 2 0 2 0 0
6534.1 -1252.1 -32.2 111 0 7.8 8.7 5.0 2.5 2 1 2 1 1
6512.2 -1180.3 -24.6 291 0 10.3 10.4 7.5 2.5 2 1 3 3 3
6495.0 -1153.2 -23.5 6 0 7.1 8.0 5.0 2.5 2 1 2 3 3
6427.0 -1169.3 -21.4 178 0 8.5 10.1 7.5 0.0 0 1 3 5 5
6328.3 -1202.4 -27.1 109 0 9.2 7.3 7.5 2.5 2 0 3 2 2
6319.1 -1168.6 -26.0 278 0 10.6 9.1 5.0 2.5 2 0 2 0 0
6243.1 -1126.7 -25.7 179 0 7.9 13.2 7.5 2.5 2 1 3 1 1
6280.0 -1043.8 -21.2 96 0 19.2 33.9 15.0 0.0 0 0 6 5 5
6265.4 -1041.9 -21.3 100 0 8.6 34.1 7.5 2.5 2 0 3 1 1
6237.6 -995.5 -21.1 180 0 22.4 12.4 7.5 0.0 0 0 3 3 3
6225.2 -957.9 -20.6 277 0 11.9 16.9 5.0 2.5 2 1 2 5 5
6188.0 -914.0 -17.4 99 0 9.2 6.3 7.5 0.0 0 0 3 2 2
6202.1 -944.9 -19.7 280 0 10.8 7.6 7.5 2.5 2 0 3 0 0
6327.0 -975.0 -19.2 274 0 9.9 14.5 2.5 2.5 2 1 1 3 3
-5271.2 -4325.0 -44.3 174 0 14.0 8.3 5.0 2.5 2 0 2 3 3
-5226.2 -4404.3 -46.8 0 0 46.2 21.0 10.0 2.5 2 0 4 4 4
-5382.5 -4332.8 -43.4 102 0 10.9 11.7 7.5 2.5 2 1 3 3 3
-5353.3 -4447.3 -44.8 267 0 8.0 10.7 7.5 2.5 2 1 3 5 5
-5389.3 -4477.0 -43.0 67 0 9.1 8.9 2.5 2.5 2 0 1 5 5
-5446.6 -4499.4 -40.7 238 0 15.3 14.8 5.0 2.5 2 0 2 1 1
-5428.4 -4538.4 -40.7 257 0 9.7 14.5 7.5 2.5 2 1 3 2 2
-5395.4 -4545.7 -41.7 355 0 14.6 11.3 10.0 2.5 2 0 4 3 3
-5374.5 -4621.0 -41.5 358 0 11.7 13.8 5.0 2.5 2 1 2 4 4
-5310.2 -4632.1 -39.9 272 0 16.2 12.6 7.5 2.5 2 0 3 5 5
-5175.2 -4760.7 -40.4 88 0 7.8 12.4 7.5 2.5 2 1 3 5 5
-5165.5 -4829.7 -38.8 92 0 7.9 9.3 2.5 2.5 2 1 1 3 3
-5179.2 -4834.9 -37.8 94 0 9.0 9.8 7.5 2.5 2 1 3 1 1
-5153.8 -4840.3 -41.8 98 0 9.0 10.7 7.5 2.5 2 1 3 0 0
-5149.6 -4881.5 -43.4 251 0 15.4 13.3 10.0 2.5 4 0 4 0 0
-5313.1 -4907.6 -32.3 73 0 8.6 7.1 2.5 2.5 4 0 1 0 0
-5444.8 -5001.5 -31.2 261 0 8.4 15.3 5.0 2.5 2 1 2 1 1
5967.1 294.3 -22.7 182 0 8.5 7.0 2.5 2.5 2 0 1 1 1
5986.2 278.9 -21.3 8 0 8.8 10.5 5.0 2.5 2 1 2 2 2
6039.5 444.4 -27.4 93 0 14.0 10.9 2.5 2.5 2 0 1 4 4
6061.7 484.5 -27.9 2 0 8.6 10.1 7.5 2.5 2 1 3 0 0
6116.7 547.1 -28.4 18 0 14.4 19.1 10.0 2.5 2 1 4 5 5
6380.1 615.9 -33.5 90 0 12.2 13.3 5.0 2.5 2 1 2 1 1
5966.4 -709.9 -13.2 269 0 11.2 11.0 7.5 2.5 2 0 3 0 0
5889.0 -932.7 -14.7 121 0 8.9 24.6 7.5 2.5 4 1 3 5 5
5693.2 -1466.5 24.3 4 0 8.4 8.7 5.0 2.5 2 1 2 2 2
5362.1 -1894.4 0.5 1 0 11.6 12.6 7.5 2.5 2 1 3 3 3
5120.7 -2069.6 -6.3 102 0 9.1 21.2 2.5 2.5 2 1 1 4 4
5050.1 -2510.1 -15.2 354 0 9.2 5.8 2.5 2.5 2 0 1 5 5
5072.9 -2576.9 -14.8 358 0 10.9 5.8 5.0 2.5 4 0 2 0 0
5084.1 -2582.1 -16.5 356 0 7.7 7.7 5.0 2.5 2 0 2 3 3
-4250.7 -4200.0 -37.6 174 0 48.8 22.1 12.5 0.0 0 0 5 3 3
-4267.3 -4194.6 -45.0 356 0 37.3 14.0 10.0 2.5 2 0 4 2 2
-4258.8 -4242.2 -40.8 357 0 15.0 15.9 7.5 2.5 4 1 3 2 2
-4254.4 -4271.4 -42.6 0 0 16.4 9.2 7.5 2.5 2 0 3 3 3
-4248.3 -4300.9 -43.3 350 0 22.3 11.2 17.5 0.0 0 0 7 0 0
-4239.7 -4333.2 -43.3 353 0 16.1 9.5 2.5 2.5 2 0 1 3 3
-4230.0 -4352.4 -43.1 346 0 15.9 11.7 5.0 2.5 2 0 2 1 1
-4184.6 -4396.1 -37.6 151 0 11.5 15.0 7.5 2.5 2 1 3 4 4
-4127.3 -4465.4 -41.7 94 0 17.6 35.8 12.5 2.5 2 1 5 1 1
-4105.4 -4429.8 -41.7 264 0 15.3 15.8 7.5 2.5 2 1 3 5 5
-4053.2 -4427.2 -37.9 258 0 13.5 17.7 7.5 2.5 2 1 3 4 4
-4090.4 -4497.8 -44.2 270 0 11.6 12.3 2.5 0.0 0 1 1 1 1
-4081.5 -4531.5 -45.2 354 0 16.4 12.3 7.5 2.5 2 0 3 1 1
-4006.5 -4519.6 -45.3 270 0 14.0 13.1 5.0 2.5 2 0 2 2 2
-3976.0 -4509.3 -45.5 276 0 29.3 28.3 10.0 0.0 0 0 4 0 0
-3955.8 -4574.4 -46.3 96 0 11.8 18.4 5.0 2.5 2 1 2 2 2
-3926.0 -4524.7 -45.7 284 0 9.8 7.3 5.0 2.5 2 0 2 5 5
-3909.7 -4535.6 -46.3 275 0 18.1 17.3 10.0 2.5 2 0 4 1 1
-3883.2 -4530.6 -47.5 271 0 18.0 14.9 12.5 2.5 2 0 5 5 5
-3872.1 -4578.1 -49.9 94 0 11.4 18.0 10.0 2.5 2 1 4 3 3
-3900.2 -4444.6 -34.6 264 0 12.7 16.8 5.0 0.0 0 1 2 1 1
-3802.6 -4538.3 -45.5 269 0 15.1 13.7 5.0 2.5 2 0 2 3 3
-3775.5 -4535.9 -44.2 270 0 16.9 16.2 10.0 2.5 2 0 4 5 5
-3969.5 -4603.6 -47.0 353 0 15.1 14.3 5.0 2.5 4 0 2 0 0
-3992.8 -4641.8 -47.7 30 0 14.7 19.7 10.0 0.0 0 1 4 5 5
-4134.3 -4569.9 -45.4 172 0 17.5 18.3 10.0 2.5 2 1 4 5 5
-4087.7 -4667.0 -49.1 244 0 10.9 12.3 2.5 2.5 2 1 1 4 4
-4098.6 -4706.7 -50.0 240 0 10.3 9.7 2.5 2.5 2 0 1 4 4
5076.1 -2490.9 -18.0 180 0 10.6 8.2 7.5 2.5 2 0 3 1 1
5138.7 -2657.5 -25.8 0 0 9.7 6.6 5.0 2.5 2 0 2 1 1
4814.7 -2917.7 -20.9 80 0 8.4 6.9 2.5 2.5 2 0 1 4 4
-3792.1 -4874.3 -41.7 271 0 11.1 18.4 2.5 2.5 2 1 1 5 5
-3899.8 -4972.2 -43.8 90 0 9.4 11.9 2.5 2.5 2 1 1 5 5
-3838.2 -4932.6 -41.5 334 0 9.2 9.3 5.0 2.5 4 1 2 1 1
-3841.8 -4910.8 -41.8 0 0 8.7 9.1 7.5 2.5 2 1 3 1 1
5134.0 -104.2 -16.4 291 0 11.2 12.7 7.5 2.5 2 1 3 0 0
5230.5 17.4 -23.1 87 0 21.6 14.9 12.5 2.5 2 0 5 1 1
4852.8 -820.8 -24.4 105 0 9.8 9.4 5.0 2.5 2 0 2 3 3
-1888.5 -3205.1 -28.8 179 0 13.2 3.1 7.5 2.5 2 0 3 0 0
-1893.9 -3081.2 -36.9 174 0 17.1 14.5 10.0 2.5 2 0 4 2 2
-1966.1 -3199.4 -24.0 317 0 11.4 19.7 7.5 0.0 0 1 3 1 1
-2163.2 -3299.6 -17.8 274 0 31.2 15.1 15.0 0.0 0 0 6 1 1
-2678.5 -3254.4 -23.0 72 0 11.3 10.6 5.0 2.5 2 0 2 3 3
-2676.0 -3144.5 -26.1 88 0 7.3 8.9 5.0 2.5 4 1 2 0 0
-2551.3 5077.8 -30.7 18 0 10.6 8.6 7.5 2.5 2 0 3 4 4
-2562.0 5118.4 -32.4 268 0 8.6 8.4 5.0 2.5 2 0 2 1 1
-2522.4 5071.7 -31.8 16 0 5.5 8.4 7.5 2.5 2 1 3 0 0
-2567.0 5037.9 -27.9 88 0 10.6 10.7 2.5 2.5 2 1 1 0 0
-2581.2 5059.2 -28.4 94 0 8.5 11.6 7.5 2.5 2 0 3 3 3
-2569.6 5102.7 -31.0 283 0 8.7 9.5 2.5 2.5 2 1 1 3 3
-2585.1 5041.2 -27.5 102 0 8.7 18.5 2.5 2.5 2 0 1 4 4
-2658.1 5053.5 -23.7 282 0 8.5 13.0 5.0 2.5 2 1 2 2 2
-2643.9 5079.8 -25.2 265 0 7.4 7.5 7.5 0.0 0 1 3 5 5
-2588.4 5156.6 -33.0 301 0 6.5 11.1 5.0 2.5 2 1 2 5 5
-2665.0 5151.9 -25.6 117 0 5.9 7.5 2.5 2.5 2 1 1 1 1
-692.7 -6693.0 -40.2 292 0 12.6 12.9 5.0 2.5 2 1 2 1 1
-658.9 -6722.1 -42.2 10 0 10.4 12.8 5.0 2.5 2 1 2 2 2
-550.2 -6555.6 -38.5 181 0 8.2 5.8 2.5 2.5 2 0 1 3 3
-501.9 -5995.7 -43.5 337 0 12.9 17.0 7.5 2.5 4 1 3 3 3
-504.7 -5946.8 -41.4 79 0 11.0 21.1 5.0 2.5 2 1 2 0 0
-533.5 -5927.4 -41.8 201 0 9.3 12.8 2.5 2.5 2 1 1 4 4
-538.0 -5903.4 -41.0 156 0 19.4 13.7 10.0 2.5 2 0 4 3 3
-518.5 -5859.8 -37.4 356 0 8.5 9.4 5.0 2.5 2 1 2 5 5
-570.5 -5891.7 -38.7 95 0 8.4 12.7 2.5 0.0 0 1 1 0 0
-628.3 -5770.4 -27.0 85 0 19.7 9.4 5.0 2.5 2 0 2 2 2
-576.9 -5710.1 -30.1 262 0 7.4 47.0 7.5 2.5 2 1 3 0 0
-531.7 -5794.4 -31.4 353 0 6.9 8.3 5.0 2.5 2 1 2 2 2
-672.7 -5879.1 -40.9 199 0 13.2 13.5 5.0 2.5 2 1 2 2 2
-816.1 -5879.4 -43.5 307 0 11.4 10.5 2.5 2.5 2 0 1 2 2
-1019.0 -5890.1 -33.3 3 0 14.7 19.7 10.0 2.5 2 1 4 2 2
-998.1 -5982.8 -33.4 356 0 8.6 10.3 7.5 2.5 2 1 3 5 5
-1094.2 -5833.0 -33.4 3 0 10.8 9.3 5.0 2.5 2 0 2 3 3
-1212.1 -5956.7 -23.2 96 0 12.2 13.1 10.0 0.0 0 1 4 1 1
-1196.7 -5962.7 -24.1 101 0 12.9 12.5 10.0 2.5 2 0 4 2 2
-1184.3 -5907.5 -25.8 282 0 11.0 8.0 7.5 0.0 0 0 3 0 0
-1306.7 -5905.5 -17.0 213 0 9.8 11.1 5.0 2.5 2 1 2 1 1
-1226.5 -5945.7 -22.4 103 0 12.7 7.3 5.0 2.5 2 0 2 0 0
-1092.1 -5970.0 -25.9 15 0 10.5 11.8 7.5 0.0 0 1 3 0 0
-941.2 -6685.2 -41.2 264 0 19.9 8.9 7.5 2.5 2 0 3 0 0
-905.7 -6793.6 -41.9 5 0 14.1 15.8 5.0 2.5 2 1 2 5 5
-903.4 -6771.9 -42.5 0 0 12.7 12.2 5.0 2.5 2 0 2 5 5
-1486.3 -709.7 -31.6 350 0 13.4 14.4 5.0 0.0 0 1 2 2 2
6193.6 -5904.4 47.6 328 0 17.6 15.2 12.5 2.5 2 0 5 1 1
221.7 6412.3 -32.4 274 0 17.0 16.5 15.0 0.0 0 0 6 2 2
161.4 6451.2 -30.4 92 0 12.7 16.5 5.0 2.5 2 1 2 3 3
251.3 6430.7 -32.2 95 0 18.2 11.3 5.0 2.5 2 0 2 2 2
-165.0 6761.2 -26.0 100 0 17.0 19.9 10.0 2.5 2 1 4 4 4
-139.2 6638.9 -21.9 180 0 11.2 10.2 5.0 2.5 2 0 2 0 0
-107.2 6666.5 -23.9 7 0 16.0 12.8 7.5 2.5 2 0 3 3 3
-188.0 6750.8 -27.0 277 0 14.2 16.2 5.0 2.5 4 1 2 1 1
-1104.9 6456.0 -33.0 283 0 23.5 24.0 10.0 2.5 4 1 4 2 2
-1026.5 6463.3 -35.4 357 0 14.2 10.3 7.5 2.5 2 0 3 3 3
-860.5 6759.7 -28.1 84 0 13.7 14.5 5.0 2.5 2 1 2 2 2
-737.7 6748.1 -23.5 74 0 12.2 11.1 5.0 2.5 2 0 2 2 2
-702.2 6769.9 -22.9 241 0 16.5 16.2 7.5 2.5 2 0 3 2 2
-658.6 6706.0 -20.8 267 0 14.5 12.6 5.0 2.5 2 0 2 0 0
-673.5 6652.3 -22.2 109 0 14.0 21.7 10.0 2.5 2 1 4 0 0
-546.8 6820.9 -26.6 88 0 32.7 40.2 10.0 0.0 0 1 4 5 5
-319.5 6776.1 -29.3 73 0 16.2 16.5 7.5 2.5 2 1 3 0 0
-85.9 -2388.0 -26.5 65 0 8.7 9.7 5.0 2.5 2 1 2 5 5
-11.8 -2399.0 -27.7 176 0 8.6 17.7 5.0 2.5 2 1 2 4 4
-10.3 -2041.9 -21.5 359 0 8.4 14.5 5.0 2.5 2 1 2 1 1
-91.5 -2182.6 -21.4 243 0 6.9 5.9 5.0 2.5 2 0 2 2 2
-120.4 -2229.1 -22.2 72 0 7.6 8.6 5.0 2.5 2 1 2 2 2
-1282.8 6363.8 -37.1 101 0 15.7 13.4 5.0 2.5 2 0 2 5 5
118.2 -5552.4 -34.6 81 0 15.7 14.3 2.5 2.5 2 0 1 2 2
45.1 -5549.2 -34.1 270 0 9.2 15.5 5.0 2.5 4 1 2 5 5
-1283.9 6433.5 -40.9 200 0 14.1 13.9 5.0 2.5 2 0 2 4 4
-1251.3 6438.0 -39.8 289 0 13.8 12.7 2.5 2.5 2 0 1 4 4
-1151.1 6325.1 -26.7 200 0 46.4 30.2 10.0 0.0 0 0 4 4 4
-1201.7 6444.8 -37.1 260 0 7.4 9.4 5.0 2.5 2 1 2 2 2
-1155.1 6444.1 -35.7 76 0 10.0 15.5 5.0 2.5 2 1 2 1 1
-1126.3 6471.9 -34.8 266 0 9.8 17.6 5.0 2.5 4 1 2 5 5
-1124.3 6394.0 -29.8 96 0 7.5 9.9 2.5 2.5 2 1 1 2 2
-1061.4 6317.9 -24.1 2 0 10.0 15.1 2.5 2.5 2 1 1 1 1
-1063.4 6381.9 -29.2 112 0 15.3 12.0 2.5 2.5 2 0 1 4 4
-1236.2 6758.3 -33.5 180 0 13.1 14.6 7.5 2.5 2 1 3 3 3
406.9 -6454.5 -42.9 4 0 13.2 17.2 5.0 0.0 0 1 2 0 0
648.4 -6012.0 -34.9 74 0 14.5 21.4 12.5 2.5 2 1 5 0 0
646.7 -6401.9 -44.9 90 0 10.5 10.5 7.5 0.0 0 1 3 1 1
451.6 -6360.1 -44.5 0 0 14.3 9.6 7.5 2.5 2 0 3 5 5
1457.3 -5749.8 -33.6 284 0 17.0 15.1 5.0 2.5 2 0 2 5 5
1431.7 -5864.5 -36.1 79 0 8.4 8.2 5.0 2.5 2 0 2 4 4
1470.9 -5864.6 -36.0 280 0 8.2 8.7 5.0 2.5 2 1 2 0 0
1328.4 -5907.2 -42.4 13 0 15.9 15.1 7.5 2.5 2 0 3 0 0
1279.8 -5936.2 -41.9 116 0 24.6 18.2 10.0 2.5 2 0 4 4 4
944.2 -4491.2 -35.5 348 0 54.0 27.7 17.5 0.0 0 0 7 5 5
946.5 -4222.8 -35.4 261 0 15.6 12.5 5.0 2.5 2 0 2 1 1
807.4 -4236.3 -36.8 12 0 12.6 14.8 2.5 2.5 2 1 1 1 1
1837.3 2726.3 -0.9 298 0 17.9 15.4 12.5 2.5 2 0 5 5 5
6734.9 5036.8 -10.5 9 0 17.9 11.7 5.0 0.0 0 0 2 3 3
-212.8 6382.7 -10.7 124 0 10.3 24.4 10.0 2.5 2 1 4 0 0
-3373.7 -777.5 -33.7 171 0 8.5 10.2 5.0 2.5 2 1 2 0 0
-3354.8 -657.3 -41.2 87 0 7.5 9.1 5.0 2.5 2 1 2 4 4
-3337.3 -649.4 -42.0 88 0 8.8 9.5 7.5 2.5 2 1 3 4 4
-3343.2 -635.8 -44.1 85 0 10.5 11.4 2.5 2.5 2 1 1 2 2
-3317.5 -584.9 -49.4 354 0 7.7 10.8 7.5 2.5 2 1 3 2 2
-3396.1 164.8 -33.5 53 0 8.2 13.2 5.0 2.5 2 1 2 5 5
-3401.1 325.4 -30.5 80 0 6.7 18.1 2.5 2.5 2 1 1 3 3
-3494.4 301.0 -33.9 265 0 8.9 10.0 7.5 2.5 2 1 3 1 1
-3505.6 310.4 -33.8 89 0 8.2 25.4 2.5 2.5 2 1 1 4 4
-3641.9 626.4 -25.4 176 0 8.5 9.5 7.5 2.5 2 1 3 5 5
-3537.3 721.5 -33.7 92 0 9.4 10.1 7.5 2.5 2 1 3 1 1
-3540.9 701.6 -30.8 269 0 10.2 10.4 2.5 2.5 2 1 1 0 0
-3493.6 693.7 -29.9 272 0 13.1 7.3 5.0 2.5 2 0 2 1 1
-3485.9 723.6 -34.0 89 0 12.4 11.9 7.5 2.5 2 0 3 1 1
-3472.7 765.6 -37.8 12 0 12.9 10.4 7.5 2.5 2 0 3 3 3
-3455.6 788.1 -36.8 7 0 10.6 7.0 5.0 2.5 2 0 2 4 4
-3438.3 755.3 -36.8 189 0 20.6 18.4 10.0 2.5 2 0 4 5 5
-3399.7 833.4 -29.4 4 0 8.5 10.8 2.5 0.0 0 1 1 2 2
-3410.6 938.1 -22.3 177 0 8.1 10.1 5.0 2.5 2 1 2 4 4
-3399.1 998.2 -19.8 196 0 15.5 21.1 10.0 2.5 2 1 4 2 2
-3415.7 1169.7 -29.1 233 0 7.9 12.3 7.5 2.5 2 1 3 2 2
-3409.1 1198.3 -30.8 184 0 16.0 12.7 7.5 2.5 2 0 3 3 3
-3429.7 1181.4 -28.4 41 0 5.1 7.9 7.5 2.5 2 1 3 5 5
-3411.0 1383.2 -31.6 2 0 9.9 10.9 2.5 2.5 2 1 1 5 5
-3414.6 1366.0 -31.8 5 0 11.8 13.5 5.0 2.5 2 1 2 0 0
-3518.0 1397.9 -30.5 206 0 10.6 7.7 5.0 0.0 0 0 2 3 3
-3531.5 1351.4 -29.0 149 0 6.8 11.3 7.5 2.5 2 1 3 0 0
-3577.0 1463.2 -37.4 307 0 21.6 21.6 7.5 2.5 2 0 3 3 3
-3609.2 1448.3 -38.7 125 0 10.1 14.5 2.5 2.5 2 1 1 3 3
-3619.3 1457.1 -39.6 121 0 7.9 10.6 5.0 2.5 2 1 2 4 4
-3604.8 1218.1 -26.7 359 0 7.8 7.9 2.5 2.5 2 1 1 4 4
-3635.0 1187.8 -26.3 196 0 10.3 8.3 2.5 2.5 2 0 1 0 0
-3714.0 1144.0 -34.3 290 0 9.8 17.7 2.5 2.5 2 1 1 1 1
-3699.9 1135.8 -33.6 294 0 9.0 14.5 7.5 2.5 2 1 3 4 4
-3722.0 1116.4 -36.1 23 0 12.4 9.9 7.5 2.5 2 0 3 2 2
-3743.5 903.8 -37.2 19 0 10.2 9.4 7.5 2.5 2 0 3 5 5
-3756.2 918.6 -36.1 293 0 7.3 9.1 7.5 2.5 2 1 3 1 1
-3751.1 889.4 -36.9 109 0 8.7 7.3 5.0 2.5 2 0 2 2 2
-3714.6 705.3 -32.8 259 0 6.1 7.4 5.0 2.5 4 1 2 0 0
-3337.4 764.9 -35.1 270 0 11.4 24.9 10.0 0.0 0 1 4 4 4
-3293.8 664.0 -30.7 271 0 7.3 6.9 2.5 2.5 2 0 1 0 0
-3243.6 679.0 -31.6 273 0 7.4 4.8 2.5 2.5 2 0 1 5 5
-3235.2 1043.3 -21.5 267 0 12.2 11.8 5.0 2.5 2 0 2 1 1
-3231.6 1082.8 -23.8 113 0 6.8 5.9 7.5 2.5 2 0 3 5 5
-3174.8 1052.9 -19.3 97 0 14.8 8.8 5.0 2.5 2 0 2 3 3
-3120.6 1024.9 -23.3 110 0 8.3 12.0 7.5 2.5 2 1 3 3 3
-2978.0 889.2 -32.2 294 0 10.2 9.4 2.5 2.5 2 0 1 5 5
-2989.6 859.8 -31.4 111 0 10.7 7.1 2.5 2.5 2 0 1 4 4
-2974.5 939.2 -32.8 115 0 10.0 7.5 5.0 2.5 2 0 2 4 4
-2913.8 883.8 -34.8 122 0 9.6 10.8 5.0 2.5 2 1 2 0 0
-2851.1 897.7 -33.3 6 0 12.6 10.1 2.5 0.0 0 0 1 1 1
-2976.2 1032.4 -32.8 286 0 8.2 10.7 5.0 2.5 2 1 2 3 3
-2907.1 1033.2 -36.8 15 0 10.1 9.7 5.0 2.5 2 0 2 4 4
-6255.7 -1039.0 -40.4 175 0 11.4 12.3 2.5 2.5 2 1 1 3 3
-1312.5 -697.0 -39.9 270 0 10.5 11.0 7.5 2.5 2 1 3 4 4
-1062.1 -748.6 -31.7 274 0 15.4 12.7 5.0 0.0 0 0 2 3 3
-1077.6 -809.6 -35.6 269 0 11.3 7.8 5.0 2.5 2 0 2 3 3
-991.0 -769.3 -31.7 87 0 11.3 9.2 7.5 0.0 0 0 3 4 4
-934.9 -884.1 -39.2 89 0 24.6 17.1 10.0 0.0 0 0 4 2 2
-934.8 -852.7 -37.9 270 0 24.4 12.4 17.5 0.0 0 0 7 1 1
-1163.2 -667.7 -33.7 359 0 21.8 11.7 12.5 0.0 0 0 5 1 1
-1357.6 -870.8 -33.0 358 0 9.3 11.1 7.5 2.5 2 1 3 0 0
-1370.2 -773.6 -34.9 264 0 10.6 13.0 5.0 2.5 2 1 2 1 1
-1372.1 -445.5 -36.6 357 0 11.0 4.9 7.5 2.5 2 0 3 4 4
-871.7 -778.0 -32.1 266 0 14.1 9.3 5.0 2.5 4 0 2 1 1
-848.2 -749.3 -31.0 88 0 8.6 9.9 2.5 2.5 4 1 1 4 4
-1116.0 -808.4 -36.6 268 0 9.8 19.4 7.5 2.5 2 1 3 5 5
-823.1 -732.7 -33.0 358 0 10.2 9.5 2.5 2.5 2 0 1 0 0
-723.3 -719.9 -38.6 270 0 9.7 7.9 7.5 2.5 2 0 3 4 4
-501.8 -855.9 -30.8 17 0 11.9 11.2 7.5 2.5 2 0 3 3 3
-548.9 -712.9 -28.5 16 0 10.9 10.7 7.5 2.5 4 0 3 4 4
-527.7 -687.4 -25.9 184 0 12.5 7.8 2.5 2.5 2 0 1 5 5
-397.9 -583.5 -21.2 284 0 9.6 15.6 7.5 2.5 4 1 3 5 5
-40.8 -648.1 -15.6 87 0 12.2 15.8 10.0 2.5 2 1 4 4 4
-10.6 -486.1 -20.6 280 0 6.0 10.7 7.5 2.5 2 1 3 2 2
57.8 -538.6 -23.0 89 0 6.3 13.4 2.5 2.5 2 1 1 2 2
460.3 -658.9 -16.7 358 0 9.6 9.9 5.0 2.5 2 1 2 1 1
438.8 -699.7 -15.4 183 0 10.2 8.3 5.0 2.5 2 0 2 2 2
847.4 -733.3 -25.4 89 0 13.8 17.9 5.0 0.0 0 1 2 5 5
936.9 -839.6 -21.5 88 0 11.3 15.5 5.0 2.5 4 1 2 2 2
960.1 -795.3 -21.9 0 0 13.3 11.8 5.0 2.5 2 0 2 4 4
556.7 -570.6 -27.0 252 0 11.7 9.5 2.5 2.5 2 0 1 0 0
599.9 -555.4 -30.4 354 0 10.3 11.2 7.5 2.5 2 1 3 1 1
511.1 -618.1 -22.7 88 0 17.3 14.4 5.0 0.0 0 0 2 1 1
186.5 -504.9 -24.5 178 0 7.9 16.9 7.5 2.5 2 1 3 0 0
210.0 -494.0 -24.5 269 0 5.2 10.4 7.5 0.0 0 1 3 4 4
129.8 -523.7 -24.2 267 0 10.9 8.3 7.5 2.5 2 0 3 1 1
989.5 -327.0 -35.3 84 0 16.4 17.9 12.5 0.0 0 1 5 2 2
958.9 -349.6 -30.9 269 0 12.8 15.1 7.5 2.5 2 1 3 0 0
938.1 -393.0 -27.5 45 0 14.5 12.1 2.5 0.0 0 0 1 5 5
913.6 -410.7 -25.8 90 0 11.0 9.1 7.5 2.5 2 0 3 1 1
905.8 -328.9 -37.2 270 0 12.6 12.8 5.0 2.5 2 1 2 2 2
912.7 -308.5 -37.8 123 0 11.5 9.0 2.5 0.0 0 0 1 1 1
863.1 -409.5 -27.7 268 0 11.4 18.0 5.0 2.5 2 1 2 2 2
813.7 -405.0 -31.3 269 0 8.4 11.5 5.0 2.5 2 1 2 0 0
761.9 -456.6 -26.6 225 0 10.9 18.5 2.5 2.5 2 1 1 5 5
559.1 -500.5 -26.3 192 0 11.3 9.3 7.5 2.5 2 0 3 1 1
617.5 -429.2 -30.8 286 0 10.8 23.2 10.0 2.5 2 1 4 1 1
581.0 -438.5 -27.3 103 0 8.9 10.8 5.0 2.5 2 1 2 4 4
539.0 -412.1 -22.5 277 0 9.0 11.7 7.5 0.0 0 1 3 0 0
873.5 -325.0 -37.1 287 0 10.7 15.4 7.5 2.5 2 1 3 0 0
851.7 -328.4 -36.9 278 0 11.4 6.7 2.5 2.5 2 0 1 5 5
873.5 -287.9 -37.9 102 0 10.8 13.9 2.5 2.5 2 1 1 2 2
884.5 -307.5 -37.6 106 0 12.6 11.5 7.5 2.5 2 0 3 5 5
824.3 -286.1 -37.6 104 0 8.4 16.6 7.5 2.5 2 1 3 4 4
699.2 -260.1 -37.1 149 0 12.0 7.5 7.5 2.5 2 0 3 2 2
656.3 -287.4 -34.2 260 0 14.8 13.3 7.5 2.5 2 0 3 2 2
636.2 -238.1 -31.0 103 0 10.9 5.8 2.5 2.5 2 0 1 0 0
615.8 -240.9 -28.9 106 0 9.8 14.0 2.5 2.5 2 1 1 5 5
599.6 -268.8 -27.5 278 0 14.3 9.1 2.5 2.5 2 0 1 4 4
674.1 -248.6 -35.4 79 0 16.0 14.2 5.0 2.5 2 0 2 2 2
566.9 -227.6 -27.8 101 0 14.3 14.7 5.0 2.5 2 1 2 5 5
592.9 -232.8 -27.3 105 0 21.6 14.3 10.0 2.5 2 0 4 1 1
531.6 -215.8 -28.3 91 0 10.5 9.9 5.0 2.5 2 0 2 3 3
495.5 -216.2 -29.5 93 0 5.9 21.7 7.5 2.5 4 1 3 4 4
508.2 -238.3 -25.1 269 0 12.9 16.5 7.5 2.5 2 1 3 2 2
491.5 -239.3 -25.0 269 0 12.9 12.5 2.5 2.5 2 0 1 2 2
509.6 -295.7 -20.4 90 0 20.6 9.5 5.0 2.5 2 0 2 0 0
537.7 -285.2 -21.6 86 0 10.7 10.8 5.0 2.5 2 1 2 5 5
451.7 -216.1 -29.2 94 0 11.8 18.2 10.0 2.5 2 1 4 0 0
386.4 -279.8 -21.8 92 0 8.4 8.1 5.0 2.5 2 0 2 2 2
391.7 -232.5 -25.7 271 0 11.1 11.1 2.5 2.5 2 0 1 1 1
404.3 -212.3 -29.1 91 0 8.3 14.4 5.0 2.5 2 1 2 5 5
377.2 -205.2 -29.7 90 0 8.7 13.2 5.0 2.5 2 1 2 2 2
378.8 -175.6 -31.8 181 0 9.3 14.4 5.0 2.5 2 1 2 1 1
398.4 -192.5 -30.5 89 0 13.7 8.6 5.0 2.5 4 0 2 2 2
416.6 -182.4 -31.4 89 0 13.4 7.2 5.0 2.5 2 0 2 0 0
359.8 -200.4 -30.0 88 0 10.5 11.5 2.5 2.5 2 1 1 4 4
358.2 -260.3 -22.9 270 0 11.5 9.0 5.0 2.5 2 0 2 5 5
457.6 -136.5 -35.6 0 0 7.5 12.0 5.0 2.5 2 1 2 4 4
309.3 -278.1 -21.2 267 0 11.0 4.8 7.5 2.5 2 0 3 0 0
333.3 -264.6 -22.6 265 0 11.2 10.2 2.5 2.5 2 0 1 5 5
317.2 -246.6 -25.8 85 0 12.5 14.6 5.0 2.5 2 1 2 5 5
335.2 -230.9 -27.1 85 0 14.1 11.8 7.5 2.5 2 0 3 5 5
297.0 -224.4 -27.4 87 0 14.3 8.6 5.0 2.5 2 0 2 3 3
280.0 -262.0 -25.1 88 0 10.0 20.4 7.5 2.5 2 1 3 5 5
283.3 -152.6 -33.6 268 0 5.5 9.9 5.0 2.5 2 1 2 2 2
191.6 -379.5 -25.8 90 0 13.3 24.7 7.5 2.5 2 1 3 5 5
15.1 -407.4 -27.6 359 0 20.2 10.0 5.0 2.5 2 0 2 5 5
22.8 -285.0 -32.8 269 0 9.9 13.0 7.5 2.5 4 1 3 4 4
-59.2 -274.9 -30.3 70 0 11.8 14.6 5.0 2.5 2 1 2 4 4
-79.9 -311.2 -26.6 254 0 9.2 14.5 5.0 2.5 2 1 2 1 1
-62.2 -306.3 -27.0 260 0 11.4 10.5 7.5 2.5 2 0 3 3 3
-69.3 -239.9 -32.0 180 0 9.8 13.1 7.5 0.0 0 1 3 1 1
-29.5 -256.0 -31.7 87 0 13.7 15.7 2.5 2.5 2 1 1 2 2
-42.9 -197.9 -35.3 180 0 15.8 10.7 2.5 2.5 2 0 1 2 2
-23.6 -201.3 -34.9 181 0 12.1 12.6 7.5 2.5 2 1 3 1 1
65.5 -266.7 -36.5 89 0 12.1 12.7 5.0 2.5 2 1 2 4 4
-150.4 -317.6 -27.0 89 0 9.4 14.1 5.0 2.5 4 1 2 5 5
-154.1 -351.1 -26.1 250 0 10.4 10.5 7.5 2.5 2 1 3 3 3
-117.6 -328.6 -25.3 249 0 9.3 19.0 5.0 2.5 4 1 2 1 1
-273.7 -358.1 -32.1 78 0 6.9 14.6 7.5 2.5 2 1 3 3 3
-283.5 -277.2 -34.2 76 0 8.3 9.7 5.0 2.5 2 1 2 1 1
-338.5 -253.7 -36.8 180 0 13.4 13.5 7.5 2.5 2 1 3 5 5
-334.6 -240.4 -37.0 179 0 10.0 8.1 5.0 2.5 2 0 2 5 5
-326.1 -225.8 -37.3 1 0 9.2 7.9 5.0 0.0 0 0 2 3 3
-373.5 -308.4 -33.6 168 0 9.0 10.6 7.5 2.5 2 1 3 2 2
-366.4 -290.3 -34.2 258 0 10.4 8.9 2.5 2.5 2 0 1 1 1
-355.3 -285.3 -34.9 253 0 10.2 9.0 7.5 2.5 2 0 3 3 3
-376.0 -468.7 -26.7 9 0 8.8 12.8 7.5 2.5 2 1 3 0 0
-373.9 -453.7 -27.4 4 0 8.7 13.0 5.0 2.5 2 1 2 3 3
-371.2 -440.6 -28.0 358 0 7.2 8.9 2.5 2.5 2 1 1 1 1
-369.2 -428.2 -28.5 2 0 7.1 10.0 7.5 2.5 2 1 3 3 3
-412.6 -457.3 -25.8 88 0 6.1 8.6 2.5 2.5 2 1 1 1 1
-412.3 -416.4 -27.2 266 0 7.7 7.2 7.5 2.5 2 0 3 1 1
-394.4 -404.7 -28.5 273 0 11.8 3.3 7.5 2.5 2 0 3 1 1
-439.9 -458.4 -24.6 84 0 6.1 8.5 7.5 0.0 0 1 3 4 4
-444.9 -448.0 -24.9 85 0 10.6 8.7 7.5 2.5 2 0 3 3 3
-446.1 -426.5 -25.4 266 0 10.6 9.6 2.5 2.5 2 0 1 5 5
-446.5 -406.1 -26.1 280 0 9.3 7.5 5.0 2.5 4 0 2 1 1
-429.1 -456.1 -25.2 88 0 8.3 8.5 2.5 2.5 2 1 1 5 5
-499.9 -425.4 -23.4 177 0 4.1 9.3 5.0 2.5 2 1 2 2 2
-481.5 -592.1 -20.8 90 0 11.0 10.1 7.5 2.5 2 0 3 0 0
-519.4 -589.4 -23.3 267 0 10.2 12.1 7.5 2.5 2 1 3 2 2
-516.5 -641.7 -24.4 265 0 7.4 14.6 7.5 0.0 0 1 3 1 1
-545.0 -623.7 -25.5 95 0 8.3 12.6 7.5 2.5 2 1 3 1 1
-562.9 -664.5 -28.0 280 0 10.2 8.0 5.0 2.5 2 0 2 3 3
-604.3 -695.6 -30.9 176 0 10.6 12.7 7.5 2.5 2 1 3 5 5
-565.0 -592.1 -26.3 360 0 7.9 8.5 5.0 2.5 2 1 2 4 4
-579.9 -571.5 -26.7 358 0 8.5 8.5 5.0 2.5 2 1 2 1 1
-602.7 -522.3 -26.4 180 0 8.2 11.3 2.5 2.5 2 1 1 0 0
-596.7 -494.5 -26.0 2 0 8.1 10.8 7.5 0.0 0 1 3 1 1
-596.3 -540.3 -26.5 181 0 9.3 12.1 5.0 2.5 2 1 2 0 0
-653.5 -475.8 -28.7 276 0 8.0 8.6 7.5 2.5 2 1 3 3 3
-607.6 -601.2 -28.7 178 0 7.9 9.8 2.5 0.0 0 1 1 1 1
6856.2 4150.8 -22.5 90 0 15.1 14.1 5.0 2.5 2 0 2 3 3
6856.2 4150.8 -22.5 90 0 15.1 14.1 7.5 2.5 2 0 3 5 5
6522.1 4578.5 -9.5 113 0 18.9 17.9 12.5 2.5 2 0 5 3 3
6912.1 4603.1 -24.9 90 0 15.1 16.4 5.0 2.5 2 1 2 0 0
-4204.3 4277.3 -38.0 90 0 9.6 24.1 7.5 2.5 2 1 3 5 5
-4132.2 4327.0 -29.8 271 0 10.0 15.1 2.5 0.0 0 1 1 4 4
-4192.9 4536.9 -31.5 96 0 14.3 14.3 7.5 2.5 2 0 3 1 1
5703.3 542.2 -22.9 106 0 16.2 11.0 5.0 2.5 2 0 2 5 5
5202.8 1532.3 -19.6 80 0 15.7 14.8 7.5 2.5 2 0 3 0 0
4606.8 2722.1 -8.1 264 0 13.1 14.7 5.0 2.5 2 1 2 4 4
4515.9 3236.4 -26.0 19 0 9.1 8.4 5.0 2.5 2 0 2 0 0
4316.8 4219.1 -11.5 260 0 14.8 18.6 12.5 0.0 0 1 5 3 3
4480.2 4240.9 -26.0 89 0 21.7 36.4 10.0 0.0 0 1 4 3 3
4392.0 4604.7 -8.0 256 0 17.9 17.9 10.0 2.5 2 1 4 0 0
4321.9 4764.5 -19.6 92 0 20.0 17.2 12.5 2.5 2 0 5 0 0
4164.4 4922.0 -22.0 79 0 13.8 11.3 7.5 2.5 4 0 3 0 0
3882.8 5271.7 -10.4 248 0 10.9 10.0 5.0 2.5 2 0 2 5 5
4610.7 5635.9 -19.7 102 0 23.1 18.0 10.0 2.5 2 0 4 0 0
4632.8 5753.1 -15.5 90 0 17.2 15.5 7.5 2.5 2 0 3 1 1
5006.8 6174.9 -30.4 69 0 17.7 21.9 15.0 0.0 0 1 6 1 1
-5138.5 -161.8 -42.5 84 0 20.9 19.1 7.5 2.5 2 0 3 0 0
-5266.1 1395.7 -38.8 282 0 28.9 19.7 15.0 0.0 0 0 6 2 2
-6051.2 929.8 -36.3 115 0 20.7 14.1 12.5 2.5 2 0 5 1 1
-6116.4 906.4 -38.4 13 0 13.7 14.7 7.5 2.5 2 1 3 5 5
-5866.6 664.7 -40.3 272 0 19.4 12.6 7.5 2.5 2 0 3 4 4
4694.6 -305.6 -6.2 12 0 10.3 13.9 2.5 2.5 2 1 1 0 0
-442.4 -2893.9 -17.2 359 0 12.2 14.8 7.5 2.5 2 1 3 0 0
4783.0 249.8 -13.1 270 0 15.1 13.9 7.5 2.5 2 0 3 0 0
4889.0 364.9 -16.8 349 0 8.9 43.4 7.5 2.5 4 1 3 4 4
4891.8 11.0 -14.3 359 0 11.8 17.8 7.5 0.0 0 1 3 5 5
4875.5 79.6 -10.9 355 0 22.9 11.0 10.0 2.5 2 0 4 2 2
4876.2 -179.0 -19.2 359 0 7.6 16.9 5.0 2.5 2 0 2 5 5
4476.2 -602.1 -21.0 87 0 18.9 11.5 7.5 2.5 2 0 3 0 0
4514.7 -585.4 -22.0 266 0 14.1 8.9 7.5 2.5 2 0 3 1 1
4025.5 -213.7 -5.0 345 0 13.6 15.5 7.5 2.5 2 1 3 1 1
1076.4 713.3 -28.4 0 0 10.3 17.2 5.0 2.5 2 1 2 3 3
1313.8 568.8 -10.7 63 0 10.0 11.6 2.5 2.5 2 1 1 4 4
1254.2 536.7 -16.6 293 0 13.6 12.6 5.0 2.5 4 0 2 3 3
1178.7 563.2 -23.5 353 0 10.0 11.2 2.5 2.5 4 1 1 1 1
1124.4 574.8 -27.7 261 0 13.9 15.2 5.0 2.5 2 1 2 2 2
1101.0 558.5 -28.1 247 0 10.0 10.0 5.0 0.0 0 0 2 2 2
1039.9 539.5 -29.5 190 0 10.0 10.4 5.0 2.5 2 1 2 3 3
1076.0 496.2 -28.2 359 0 9.6 10.0 2.5 2.5 2 1 1 1 1
1053.7 462.9 -28.5 35 0 8.6 13.6 5.0 2.5 2 1 2 1 1
1093.8 715.3 -28.7 295 0 18.3 20.1 7.5 2.5 2 1 3 0 0
1050.0 819.0 -28.2 119 0 13.1 15.8 7.5 2.5 2 1 3 4 4
1012.0 845.8 -29.4 137 0 9.4 15.2 5.0 2.5 2 1 2 5 5
1030.3 949.1 -26.2 99 0 12.9 14.4 7.5 2.5 2 1 3 2 2
1071.4 1115.4 -13.2 359 0 16.6 14.7 2.5 2.5 2 0 1 5 5
1042.2 1150.6 -10.1 182 0 14.3 17.6 15.0 0.0 0 1 6 4 4
1084.5 1206.3 -8.4 273 0 13.0 10.2 10.0 2.5 4 0 4 0 0
1102.4 1231.4 -7.4 98 0 14.6 15.5 10.0 2.5 2 1 4 0 0
1056.2 1238.2 -3.9 114 0 12.6 8.0 7.5 2.5 2 0 3 0 0
1070.4 1245.8 -3.9 17 0 7.7 31.4 5.0 2.5 2 0 2 0 0
1061.9 1295.1 -2.7 207 0 9.7 29.6 7.5 2.5 2 0 3 4 4
1129.1 1314.7 -4.0 278 0 9.4 8.9 7.5 2.5 2 0 3 2 2
1117.9 1331.2 -3.9 194 0 10.5 11.4 2.5 2.5 2 1 1 0 0
1157.0 1290.9 -6.9 88 0 8.4 10.7 5.0 2.5 4 1 2 4 4
1209.1 1240.5 -13.9 84 0 16.1 24.1 10.0 2.5 2 1 4 3 3
1200.1 1214.6 -16.1 186 0 14.1 15.0 10.0 2.5 2 1 4 1 1
1234.8 1242.1 -15.3 82 0 10.5 15.5 7.5 2.5 2 1 3 0 0
1199.4 1291.8 -11.4 270 0 11.6 14.5 2.5 2.5 4 1 1 1 1
1204.4 1362.2 -12.2 356 0 13.6 11.8 5.0 0.0 0 0 2 0 0
1227.9 1412.1 -15.4 0 0 12.2 12.2 10.0 2.5 4 1 4 1 1
1952.6 2861.1 -4.7 90 0 10.3 8.9 7.5 2.5 2 0 3 3 3
1971.5 2770.5 2.7 270 0 8.9 9.8 7.5 2.5 2 1 3 3 3
2082.0 2850.1 1.9 182 0 14.1 10.9 2.5 2.5 2 0 1 1 1
2031.3 2805.5 3.1 167 0 11.0 9.1 7.5 2.5 2 0 3 2 2
1907.0 2899.9 -8.8 181 0 7.0 9.5 7.5 2.5 2 1 3 5 5
1647.5 3281.2 5.2 274 0 10.5 10.8 10.0 2.5 2 1 4 2 2
1620.4 3213.6 4.8 359 0 19.2 16.6 15.0 0.0 0 0 6 1 1
1582.6 3245.3 1.4 182 0 14.9 10.0 2.5 2.5 2 0 1 5 5
1462.9 3172.6 5.0 359 0 10.3 9.2 5.0 2.5 2 0 2 3 3
1463.6 2814.6 -1.3 52 0 12.3 11.0 5.0 2.5 4 0 2 5 5
1695.9 2256.9 -15.5 85 0 10.5 11.9 7.5 2.5 2 1 3 5 5
1785.0 2195.8 -9.8 0 0 10.4 9.2 5.0 2.5 2 0 2 0 0
1798.0 2224.6 -8.6 93 0 10.2 15.0 5.0 0.0 0 1 2 3 3
1688.4 2095.4 -16.3 91 0 11.2 8.6 5.0 2.5 2 0 2 1 1
1964.2 2042.6 5.0 182 0 10.0 10.0 2.5 2.5 2 1 1 0 0
1988.9 2106.0 -0.2 26 0 10.3 12.3 2.5 2.5 2 1 1 1 1
2403.2 3090.8 -6.1 265 0 10.2 13.4 2.5 2.5 2 1 1 0 0
2435.8 3159.8 -10.2 90 0 14.8 11.1 7.5 2.5 2 0 3 2 2
2415.4 3216.0 -13.2 172 0 14.3 10.9 10.0 2.5 2 0 4 2 2
2399.0 3166.3 -10.4 185 0 13.4 9.2 7.5 2.5 2 0 3 0 0
2709.2 2987.5 -11.0 1 0 13.6 10.3 7.5 0.0 0 0 3 4 4
2689.4 3049.6 -12.2 181 0 8.5 8.4 5.0 2.5 2 0 2 2 2
2726.8 3108.4 -13.8 2 0 8.9 7.7 5.0 2.5 2 0 2 0 0
2745.7 3218.5 -14.5 89 0 14.9 18.1 7.5 0.0 0 1 3 2 2
2761.0 3208.7 -14.3 178 0 13.6 11.1 5.0 2.5 2 0 2 0 0
2823.3 3285.0 -10.1 357 0 9.2 11.6 7.5 2.5 2 1 3 0 0
2775.3 3385.8 -15.7 268 0 21.2 10.6 7.5 2.5 2 0 3 4 4
2924.8 3340.2 -8.6 173 0 19.5 10.0 7.5 2.5 2 0 3 1 1
2938.3 3419.3 -11.5 264 0 13.0 15.1 5.0 2.5 2 1 2 1 1
-4952.9 -3667.9 -49.1 182 0 12.9 14.2 2.5 2.5 2 1 1 3 3
-4864.6 -3599.9 -42.3 336 0 40.0 14.7 12.5 2.5 4 0 5 4 4
-5063.6 -3565.2 -43.7 65 0 13.7 16.6 5.0 2.5 2 1 2 2 2
-4730.7 -685.9 -36.0 189 0 12.1 16.8 7.5 2.5 2 1 3 4 4
6795.8 3069.0 -1.5 344 0 11.4 12.3 5.0 0.0 0 1 2 1 1
-4676.9 -707.7 -36.7 56 0 18.5 10.9 7.5 2.5 4 0 3 5 5
-4694.7 -702.9 -36.3 1 0 11.2 19.5 5.0 2.5 2 1 2 3 3
-4744.8 -480.8 -40.3 279 0 10.6 9.8 5.0 2.5 2 0 2 1 1
-4753.6 -554.0 -38.8 122 0 13.4 11.8 10.0 2.5 2 0 4 5 5
-2648.8 -128.6 -33.1 25 0 12.3 23.3 7.5 2.5 2 1 3 5 5
-2463.6 658.7 -36.9 282 0 8.4 11.8 5.0 0.0 0 1 2 2 2
-2521.5 653.5 -33.3 121 0 8.0 6.7 2.5 2.5 4 0 1 4 4
-1611.6 1288.3 -39.8 272 0 8.0 11.7 5.0 2.5 2 1 2 2 2
-1609.0 1244.7 -38.4 92 0 7.8 8.7 7.5 2.5 2 1 3 2 2
-1582.3 88.5 -38.0 91 0 11.0 9.1 2.5 2.5 2 0 1 0 0
6684.4 3129.6 -7.6 179 0 9.9 17.6 5.0 0.0 0 1 2 2 2
6687.7 3100.1 -8.4 200 0 18.9 15.7 7.5 2.5 2 0 3 3 3
6658.1 3143.7 -9.9 3 0 12.5 14.4 5.0 2.5 2 1 2 5 5
6906.7 1796.3 -17.0 276 0 32.9 9.0 7.5 2.5 2 0 3 2 2
6876.3 1779.3 -11.7 97 0 13.9 10.3 7.5 2.5 2 0 3 2 2
6724.3 1830.2 -13.8 3 0 11.1 14.7 2.5 2.5 2 1 1 5 5
2215.4 5495.2 -3.4 89 0 13.5 15.5 2.5 2.5 2 1 1 0 0
2233.0 5554.5 -7.9 287 0 11.7 12.4 7.5 2.5 2 1 3 0 0
2243.9 5534.5 -6.8 1 0 11.8 10.1 5.0 2.5 4 0 2 1 1
2220.8 5554.7 -7.8 315 0 10.0 14.6 5.0 2.5 2 1 2 5 5
2293.8 5773.0 -7.2 2 0 25.9 18.7 10.0 2.5 2 0 4 1 1
2295.3 5728.2 -6.8 355 0 13.1 15.3 5.0 0.0 0 1 2 2 2
2293.9 5744.8 -6.0 1 0 13.2 14.6 5.0 0.0 0 1 2 1 1
