-2691.6 -5125.5 -12.0 268 0 6.9 6.7 7.5 2.5 2 0 3 4 4
-2680.5 -5145.7 -10.4 356 0 5.9 7.4 7.5 2.5 2 1 3 1 1
-2900.0 -5434.4 -20.7 1 0 12.5 8.5 5.0 2.5 2 0 2 3 3
-2351.9 -5265.7 -19.5 278 0 9.2 12.2 2.5 0.0 0 1 1 4 4
-2298.0 -5351.3 -17.4 88 0 10.6 12.1 5.0 2.5 2 1 2 1 1
-2709.9 -5139.2 -10.5 171 0 5.9 7.4 7.5 2.5 2 1 3 1 1
-2189.5 -5342.9 -17.4 82 0 7.3 11.9 2.5 2.5 2 1 1 5 5
-2689.7 -3704.1 -6.7 50 0 13.8 95.0 12.5 2.5 2 1 5 1 1
-2827.9 -5311.7 -8.1 37 0 11.4 14.3 7.5 2.5 4 1 3 0 0
-2301.9 -5305.0 -18.6 349 0 10.3 10.7 2.5 2.5 2 1 1 1 1
-2777.5 -3634.4 -4.5 223 0 7.9 37.2 7.5 2.5 2 1 3 5 5
-2587.2 -3707.8 -4.7 296 0 12.4 16.7 7.5 2.5 2 1 3 5 5
-2803.6 -3556.0 3.0 69 0 21.8 17.0 10.0 2.5 2 0 4 2 2
-2553.5 -3641.1 2.7 237 0 7.5 16.6 2.5 0.0 0 1 1 4 4
-5151.1 -127.3 -19.6 88 0 8.8 21.4 5.0 2.5 2 1 2 4 4
-5237.8 -123.1 -18.0 83 0 15.7 10.0 5.0 2.5 2 0 2 1 1
-5230.6 -60.4 -18.5 224 0 17.4 12.5 7.5 2.5 2 0 3 4 4
-4545.6 18.7 -19.3 61 0 9.4 12.1 7.5 2.5 2 1 3 4 4
-4475.1 120.9 -17.4 62 0 9.1 12.2 7.5 2.5 2 1 3 4 4
-4330.6 183.2 -9.5 90 0 15.1 11.7 5.0 2.5 2 0 2 0 0
-4249.1 443.6 -13.1 346 0 12.7 20.5 7.5 2.5 2 1 3 4 4
-4269.1 556.2 -15.7 258 0 7.2 9.9 7.5 2.5 2 1 3 2 2
-4326.5 791.1 -4.0 355 0 13.8 29.5 12.5 2.5 4 1 5 4 4
-4413.3 834.6 -9.5 166 0 11.6 50.0 10.0 2.5 2 1 4 1 1
-4253.0 815.5 0.5 96 0 10.0 8.6 5.0 0.0 0 0 2 5 5
-4450.2 1142.6 9.0 82 0 15.7 16.0 2.5 2.5 2 1 1 4 4
-5078.3 -72.1 -20.6 4 0 10.5 23.9 10.0 2.5 4 1 4 1 1
-5409.1 46.2 -15.5 172 0 28.3 18.3 12.5 2.5 2 0 5 2 2
-5408.2 79.1 -14.3 163 0 9.9 18.1 5.0 0.0 0 1 2 1 1
-5268.0 141.1 -2.7 281 0 13.6 16.8 7.5 2.5 2 1 3 0 0
-5297.2 72.2 -7.2 272 0 21.8 14.5 10.0 2.5 2 0 4 5 5
-5371.9 64.9 -12.3 75 0 17.4 12.9 2.5 2.5 2 0 1 1 1
-5418.9 107.8 -14.5 171 0 17.4 38.2 10.0 2.5 2 1 4 5 5
-5368.0 116.4 -10.9 344 0 9.7 11.3 5.0 2.5 4 1 2 5 5
-5348.4 140.7 -8.7 358 0 10.4 12.6 10.0 0.0 0 1 4 4 4
-5332.7 140.2 -7.2 0 0 8.1 11.1 5.0 2.5 4 1 2 1 1
-5327.1 216.9 -6.6 352 0 10.5 37.9 15.0 0.0 0 1 6 5 5
-5326.0 241.0 -4.4 6 0 9.1 15.9 5.0 2.5 2 1 2 1 1
-5361.2 248.0 -6.0 184 0 8.8 9.7 5.0 2.5 2 1 2 4 4
-5280.4 245.7 -2.2 288 0 12.0 19.8 7.5 2.5 2 1 3 4 4
-5207.2 258.2 -4.4 180 0 4.1 12.0 5.0 2.5 2 1 2 3 3
-4712.9 2045.8 -16.8 284 0 13.8 16.1 5.0 2.5 2 1 2 1 1
-4714.4 2131.5 -13.8 276 0 9.1 10.7 2.5 2.5 2 1 1 2 2
-5130.5 2111.5 -15.0 178 0 18.6 11.0 7.5 2.5 2 0 3 0 0
-5112.7 2154.8 -13.2 347 0 25.2 8.9 5.0 2.5 2 0 2 3 3
-5013.7 3511.9 -13.9 312 0 7.3 9.6 7.5 2.5 2 1 3 2 2
-6401.5 1802.0 -5.1 146 0 12.4 12.6 5.0 0.0 0 1 2 3 3
-6311.4 1671.7 -8.4 143 0 16.7 7.9 5.0 2.5 2 0 2 4 4
-6421.8 1506.9 -9.1 351 0 12.7 13.2 10.0 2.5 2 1 4 3 3
-6434.9 1410.8 -11.0 79 0 12.3 11.4 5.0 2.5 4 0 2 3 3
-6412.6 1414.8 -11.3 77 0 12.0 24.3 10.0 2.5 2 1 4 3 3
-6325.9 1630.7 -8.6 330 0 11.7 13.5 2.5 2.5 2 1 1 2 2
-6298.5 1623.5 -8.7 311 0 14.5 14.9 5.0 2.5 4 1 2 1 1
-6599.3 1906.4 -3.0 138 0 9.1 24.0 7.5 2.5 2 1 3 5 5
-6619.5 1923.1 -3.5 140 0 26.3 7.9 5.0 2.5 2 0 2 2 2
-6550.5 1923.6 -2.0 323 0 11.9 8.6 7.5 2.5 2 0 3 0 0
-6749.6 1871.9 -6.9 94 0 6.3 6.7 7.5 2.5 2 1 3 0 0
5895.1 -3930.8 -11.4 3 0 16.5 10.5 2.5 2.5 2 0 1 2 2
6635.9 -3742.7 -18.2 86 0 11.4 12.2 5.0 2.5 2 1 2 5 5
6691.0 -3838.9 -13.3 79 0 11.7 13.1 7.5 2.5 2 1 3 4 4
6684.0 -3530.1 -10.1 8 0 14.4 13.4 7.5 2.5 2 0 3 5 5
6703.7 -3380.0 -4.4 359 0 9.5 11.9 5.0 0.0 0 1 2 2 2
6619.5 -3521.2 -14.8 265 0 17.4 11.8 7.5 2.5 2 0 3 1 1
6734.6 -3328.3 -2.5 101 0 12.9 14.3 5.0 2.5 2 1 2 5 5
6743.5 -3289.4 -2.4 280 0 12.2 14.6 2.5 2.5 2 1 1 4 4
6602.9 -3227.8 -11.4 17 0 15.7 12.3 5.0 0.0 0 0 2 4 4
6544.5 -3257.7 -13.2 203 0 14.4 13.1 7.5 2.5 2 0 3 0 0
6674.9 -3154.6 -7.5 171 0 7.2 14.7 7.5 2.5 2 1 3 0 0
6787.3 -3238.6 -1.0 3 0 17.0 13.2 7.5 2.5 2 0 3 3 3
6822.5 -2663.4 -6.9 102 0 15.9 14.3 5.0 2.5 2 0 2 1 1
6798.4 -2577.4 -9.6 356 0 12.9 16.4 5.0 2.5 2 1 2 1 1
6736.5 -2642.0 -8.1 101 0 12.0 12.9 2.5 2.5 2 1 1 3 3
6655.9 -2736.4 -5.3 145 0 11.9 16.2 7.5 2.5 2 1 3 1 1
6696.0 -2629.0 -8.8 112 0 12.4 14.2 5.0 0.0 0 1 2 1 1
6718.0 -2580.4 -9.8 273 0 10.3 7.9 5.0 2.5 2 0 2 3 3
6691.8 -2574.5 -9.7 294 0 8.4 7.2 2.5 2.5 2 0 1 1 1
6702.0 -2564.2 -10.3 280 0 8.8 8.9 5.0 2.5 2 1 2 5 5
6611.4 -2583.9 -4.5 198 0 9.5 9.8 2.5 0.0 0 1 1 3 3
6647.3 -2564.0 -6.6 274 0 7.9 11.9 7.5 2.5 2 1 3 3 3
6585.4 -2717.7 -5.6 293 0 14.1 15.6 7.5 2.5 2 1 3 4 4
6620.8 -2725.7 -5.8 272 0 14.3 18.0 10.0 2.5 2 1 4 1 1
6613.9 -2810.9 -6.0 86 0 3.9 11.5 5.0 0.0 0 1 2 1 1
6628.6 -2801.9 -5.9 358 0 7.3 11.6 2.5 2.5 4 1 1 2 2
6664.6 -2790.9 -4.3 346 0 9.7 8.3 7.5 2.5 2 0 3 0 0
6506.5 -2702.7 -3.9 242 0 7.6 18.5 7.5 2.5 2 1 3 1 1
6527.6 -2691.2 -2.2 293 0 12.2 9.8 5.0 2.5 2 0 2 2 2
6300.6 -2589.3 2.2 80 0 8.1 10.4 5.0 2.5 2 1 2 1 1
6117.6 -2714.7 -13.6 121 0 8.4 14.5 5.0 2.5 2 1 2 3 3
6060.8 -2791.1 -6.8 19 0 4.0 7.8 5.0 2.5 2 1 2 0 0
5998.4 -2739.3 -9.7 204 0 16.8 16.0 10.0 2.5 2 0 4 5 5
6010.2 -2672.8 -15.2 131 0 12.1 17.4 7.5 2.5 2 1 3 5 5
6028.4 -2660.9 -15.8 7 0 5.5 14.6 5.0 2.5 2 1 2 4 4
5911.3 -2672.3 -14.1 184 0 15.2 8.1 7.5 2.5 2 0 3 5 5
5959.3 -2674.4 -14.0 1 0 6.4 11.3 7.5 2.5 2 1 3 1 1
5878.6 -2757.5 -7.7 90 0 8.4 14.7 5.0 2.5 2 1 2 1 1
5793.2 -2781.7 -7.1 175 0 7.3 8.3 7.5 2.5 2 1 3 3 3
5840.6 -2724.2 -9.0 3 0 10.0 13.3 7.5 2.5 2 1 3 1 1
5794.7 -2898.8 -4.5 76 0 17.5 15.3 12.5 2.5 2 0 5 5 5
5690.5 -2810.8 -14.2 0 0 12.1 13.3 7.5 2.5 2 1 3 2 2
5719.3 -2752.0 -14.3 90 0 8.5 15.1 5.0 2.5 2 1 2 2 2
5777.9 -2665.5 -13.7 358 0 8.3 15.2 7.5 2.5 2 1 3 0 0
5645.4 -2801.2 -17.0 272 0 13.4 13.3 5.0 2.5 2 0 2 5 5
5517.7 -2787.2 -16.9 88 0 10.3 9.7 7.5 2.5 4 0 3 0 0
5431.9 -2743.6 -16.3 265 0 9.7 6.4 7.5 2.5 2 0 3 4 4
5426.9 -2734.5 -16.8 267 0 5.8 7.5 5.0 2.5 2 1 2 2 2
5435.5 -2700.6 -20.5 107 0 8.6 3.8 5.0 2.5 2 0 2 4 4
5407.2 -2722.2 -17.1 276 0 14.4 11.2 7.5 2.5 2 0 3 0 0
5378.4 -2743.2 -16.1 94 0 9.6 10.1 2.5 2.5 2 1 1 5 5
5354.9 -2721.6 -17.5 259 0 10.1 10.5 2.5 2.5 2 1 1 4 4
5341.6 -2702.3 -19.0 286 0 6.6 6.9 2.5 2.5 2 1 1 3 3
5326.5 -2831.4 -13.3 107 0 9.7 9.8 5.0 2.5 2 1 2 1 1
5352.7 -2835.5 -12.2 12 0 8.7 10.6 7.5 0.0 0 1 3 5 5
5352.7 -2817.4 -13.1 3 0 7.7 11.3 2.5 2.5 2 1 1 3 3
5351.3 -2793.3 -14.4 359 0 8.6 11.0 5.0 2.5 2 1 2 2 2
5294.0 -2783.6 -16.4 195 0 7.2 10.4 2.5 2.5 2 1 1 0 0
5359.8 -2888.3 -8.8 12 0 12.3 14.4 7.5 2.5 4 1 3 4 4
5431.7 -2995.5 -7.8 19 0 23.7 9.5 7.5 2.5 2 0 3 5 5
5459.7 -3061.4 -10.1 174 0 12.9 12.1 5.0 2.5 2 0 2 4 4
5444.2 -3035.4 -8.8 181 0 7.3 8.9 5.0 0.0 0 1 2 3 3
5377.9 -3000.7 -3.8 292 0 15.9 11.4 7.5 2.5 4 0 3 1 1
5417.1 -3096.9 -5.6 354 0 7.8 5.6 7.5 0.0 0 0 3 0 0
5404.5 -3061.9 -4.9 355 0 6.5 4.4 5.0 2.5 2 0 2 5 5
5417.6 -3054.2 -6.0 358 0 12.7 13.7 2.5 2.5 2 0 1 2 2
5414.3 -3026.0 -6.1 17 0 10.0 14.0 5.0 2.5 2 1 2 2 2
5361.3 -3009.9 -2.0 1 0 6.7 9.9 5.0 2.5 2 1 2 0 0
5323.7 -3032.1 0.2 102 0 13.1 17.5 7.5 2.5 4 1 3 3 3
5314.7 -3040.0 1.4 105 0 8.7 5.7 5.0 2.5 2 0 2 2 2
5486.7 -3319.8 -9.6 24 0 18.8 8.3 2.5 2.5 2 0 1 0 0
5502.9 -3285.7 -11.1 29 0 16.3 10.3 7.5 0.0 0 0 3 5 5
5426.0 -3321.7 -5.0 80 0 10.3 8.6 7.5 2.5 2 0 3 3 3
5380.0 -3326.8 -2.8 68 0 12.0 11.0 7.5 2.5 2 0 3 3 3
5375.1 -3239.1 -1.6 266 0 8.5 7.4 7.5 2.5 4 0 3 4 4
3744.8 -6486.0 -7.6 208 0 13.2 33.3 10.0 2.5 2 1 4 1 1
2976.7 -6641.0 -10.6 89 0 14.1 19.3 7.5 2.5 4 1 3 5 5
2983.1 -6504.2 -10.6 76 0 18.8 19.5 12.5 2.5 2 1 5 5 5
2962.8 -6509.2 -10.9 83 0 13.2 16.6 5.0 2.5 2 1 2 3 3
2982.4 -6519.9 -10.6 260 0 12.7 15.5 5.0 2.5 2 1 2 2 2
2961.5 -6559.7 -11.2 352 0 19.9 15.8 10.0 2.5 2 0 4 1 1
3018.5 -6377.1 -9.6 88 0 14.9 11.9 7.5 2.5 2 0 3 4 4
3024.0 -6354.3 -9.6 3 0 15.6 15.3 5.0 2.5 2 0 2 0 0
3077.9 -6472.4 -8.9 77 0 23.5 43.4 12.5 0.0 0 1 5 0 0
3016.4 -6507.3 -9.9 264 0 11.2 18.7 7.5 2.5 2 1 3 5 5
2964.9 -6521.5 -10.9 260 0 12.6 19.2 2.5 2.5 2 1 1 4 4
2928.4 -6528.2 -11.6 267 0 19.6 26.2 10.0 2.5 2 1 4 4 4
3001.8 -6496.9 -10.2 82 0 17.6 21.7 10.0 2.5 2 1 4 2 2
3046.1 -6299.9 -8.7 180 0 26.7 21.5 15.0 0.0 0 0 6 1 1
3044.3 -6269.0 -8.7 179 0 7.8 24.3 7.5 2.5 2 1 3 5 5
3051.2 -6334.7 -8.8 187 0 29.2 14.9 10.0 0.0 0 0 4 3 3
3075.6 -6209.9 -8.2 269 0 10.1 24.5 2.5 2.5 2 1 1 5 5
3017.3 -6179.0 -11.5 1 0 21.0 23.8 12.5 2.5 2 1 5 3 3
2947.4 -6088.5 -15.1 78 0 17.8 17.6 10.0 2.5 2 0 4 3 3
2904.7 -6106.2 -16.1 65 0 17.6 21.3 12.5 2.5 2 1 5 0 0
-902.6 5015.0 6.1 96 0 9.9 14.4 7.5 2.5 2 1 3 5 5
-2788.0 -3824.3 -13.6 129 0 39.7 91.4 12.5 0.0 0 1 5 0 0
6889.1 179.2 14.4 84 0 12.1 10.3 2.5 2.5 2 0 1 2 2
6889.4 198.6 14.9 85 0 11.8 13.4 5.0 2.5 2 1 2 5 5
6915.2 105.5 10.4 72 0 8.1 13.9 5.0 2.5 2 1 2 5 5
6068.4 327.4 4.2 85 0 16.8 16.2 7.5 2.5 2 0 3 2 2
3378.8 -1910.7 -3.8 93 0 12.1 8.2 5.0 2.5 2 0 2 2 2
3410.1 -1807.3 -8.4 354 0 20.3 8.8 2.5 2.5 2 0 1 5 5
3426.1 -1779.8 -9.5 88 0 7.8 7.0 7.5 2.5 2 0 3 4 4
3440.9 -1766.5 -10.0 89 0 5.8 6.0 2.5 2.5 2 1 1 2 2
3460.0 -1742.8 -10.9 357 0 5.8 7.0 5.0 2.5 4 1 2 3 3
3482.9 -1782.5 -9.4 97 0 8.2 7.7 5.0 2.5 2 0 2 5 5
3505.8 -1703.9 -8.6 0 0 11.3 7.3 2.5 2.5 2 0 1 2 2
3409.4 -1709.9 -12.2 266 0 7.8 6.0 7.5 0.0 0 0 3 2 2
3441.0 -1739.1 -11.2 84 0 7.3 6.1 2.5 2.5 2 0 1 0 0
3366.1 -1908.9 -4.9 90 0 8.1 32.8 7.5 2.5 2 1 3 0 0
3353.4 -1833.7 -7.2 84 0 11.7 8.3 2.5 2.5 2 0 1 0 0
3360.4 -1810.6 -8.0 7 0 8.3 8.4 7.5 2.5 2 1 3 5 5
3329.8 -1839.7 -6.9 88 0 6.3 10.1 5.0 2.5 2 1 2 3 3
3359.6 -1784.8 -9.1 2 0 8.9 5.4 7.5 2.5 2 0 3 1 1
3347.9 -1779.9 -9.3 351 0 7.8 8.4 2.5 2.5 2 1 1 4 4
3297.4 -1830.7 -7.2 96 0 9.2 7.3 7.5 2.5 2 0 3 3 3
3335.3 -1749.1 -10.5 261 0 8.3 7.1 7.5 2.5 2 0 3 1 1
3359.7 -1640.2 -12.7 251 0 4.9 7.7 7.5 2.5 2 1 3 4 4
3342.5 -1639.2 -13.5 251 0 11.3 9.7 5.0 2.5 2 0 2 3 3
3211.1 -1809.7 -7.9 176 0 16.2 19.0 12.5 2.5 2 1 5 5 5
3203.6 -1763.4 -10.0 186 0 20.2 7.0 7.5 2.5 4 0 3 2 2
3186.5 -1844.4 -4.4 356 0 9.4 6.3 7.5 2.5 4 0 3 0 0
3157.3 -2361.8 0.2 176 0 7.8 12.0 5.0 2.5 2 1 2 5 5
3138.7 -2335.9 -4.8 166 0 6.3 6.5 5.0 0.0 0 1 2 3 3
3129.6 -2271.5 -10.3 209 0 8.6 8.4 2.5 2.5 4 0 1 4 4
3167.9 -2285.5 -3.4 270 0 7.4 8.9 7.5 2.5 2 1 3 4 4
3197.9 -2256.3 -4.7 99 0 10.5 9.5 7.5 2.5 2 0 3 4 4
3181.2 -2252.0 -5.6 84 0 8.9 7.9 5.0 0.0 0 0 2 3 3
3219.0 -2236.9 -6.1 90 0 10.5 6.7 7.5 2.5 2 0 3 4 4
3152.1 -2254.7 -9.2 290 0 17.5 10.8 10.0 2.5 2 0 4 4 4
3129.7 -2438.5 -0.6 180 0 7.8 6.3 5.0 2.5 2 0 2 5 5
3148.8 -2518.3 -4.9 318 0 9.9 10.1 5.0 2.5 2 1 2 3 3
3164.9 -2536.9 -4.7 30 0 12.1 11.9 5.0 2.5 2 0 2 0 0
3149.5 -2488.6 -1.9 153 0 5.5 8.3 5.0 2.5 2 1 2 4 4
3154.4 -2495.5 -1.9 144 0 6.9 8.9 2.5 2.5 2 1 1 0 0
3180.8 -2517.2 -1.4 105 0 11.0 7.8 5.0 2.5 2 0 2 4 4
2925.6 -2259.0 -8.4 188 0 12.5 15.0 5.0 2.5 2 1 2 5 5
2981.0 -2085.7 -13.5 23 0 19.4 18.3 12.5 2.5 2 0 5 0 0
3460.5 -2440.3 -3.6 29 0 9.0 7.5 7.5 2.5 2 0 3 4 4
3510.2 -2392.3 -7.7 43 0 13.0 9.7 5.0 2.5 2 0 2 0 0
3494.4 -2317.3 -11.2 267 0 19.5 14.7 10.0 2.5 2 0 4 0 0
3604.2 -2321.4 -12.3 189 0 5.3 13.5 2.5 2.5 2 1 1 1 1
3557.4 -2351.7 -14.8 102 0 10.0 8.9 7.5 2.5 2 0 3 2 2
3642.3 -2348.3 -9.9 263 0 7.0 7.8 2.5 2.5 2 1 1 4 4
3645.6 -2420.3 -9.4 80 0 4.1 13.2 2.5 0.0 0 1 1 5 5
3673.9 -2471.0 -5.4 354 0 9.5 8.7 5.0 2.5 2 0 2 5 5
3700.0 -2422.8 -5.7 1 0 8.2 8.4 2.5 2.5 4 1 1 4 4
3703.2 -2384.9 -6.0 111 0 8.3 6.5 5.0 2.5 2 0 2 3 3
3743.4 -2413.8 -1.9 180 0 8.9 7.6 5.0 2.5 2 0 2 3 3
3755.7 -2397.4 -1.8 264 0 6.3 8.7 5.0 2.5 2 1 2 5 5
3763.2 -2462.7 2.2 167 0 8.9 6.9 5.0 2.5 2 0 2 5 5
3789.1 -2449.5 3.1 354 0 6.9 9.2 2.5 2.5 2 1 1 0 0
3790.5 -2460.9 4.0 2 0 9.9 5.8 5.0 2.5 2 0 2 2 2
3783.2 -2392.9 0.2 269 0 5.7 7.7 5.0 2.5 2 1 2 5 5
3803.5 -2463.7 5.2 347 0 7.3 5.9 7.5 2.5 2 0 3 3 3
3800.5 -2449.1 4.1 353 0 8.2 7.8 5.0 2.5 2 0 2 3 3
3796.5 -2434.2 3.1 340 0 6.9 6.9 5.0 2.5 2 1 2 4 4
3753.7 -2310.9 -3.8 12 0 7.5 7.5 7.5 2.5 2 1 3 4 4
3746.3 -2277.4 -4.2 272 0 5.9 10.0 7.5 2.5 2 1 3 0 0
3719.7 -2246.5 -6.6 19 0 8.9 10.6 7.5 2.5 2 1 3 3 3
3725.9 -2231.0 -6.4 354 0 6.5 11.5 2.5 2.5 2 1 1 5 5
3817.8 -2271.9 -0.4 0 0 8.5 9.9 5.0 2.5 2 1 2 5 5
3792.2 -2184.8 -3.6 210 0 13.7 10.4 7.5 2.5 2 0 3 3 3
3760.9 -2190.4 -5.8 17 0 9.7 10.5 2.5 2.5 2 1 1 5 5
3766.4 -2160.1 -6.8 29 0 15.8 12.9 7.5 2.5 2 0 3 0 0
3798.3 -2162.1 -4.2 181 0 7.5 6.3 7.5 2.5 2 0 3 1 1
3806.4 -2116.3 -5.9 20 0 7.7 9.6 5.0 2.5 2 1 2 4 4
3817.1 -2104.2 -6.0 23 0 10.3 13.6 5.0 2.5 2 0 2 1 1
3839.0 -2067.3 -5.9 84 0 10.3 10.2 7.5 2.5 4 0 3 0 0
3854.3 -2068.1 -5.0 99 0 9.9 11.0 5.0 2.5 2 1 2 5 5
3879.4 -2013.8 -6.2 89 0 6.9 7.2 2.5 2.5 2 1 1 2 2
3965.9 -1994.8 -6.0 90 0 7.0 8.5 7.5 2.5 2 1 3 0 0
3990.3 -1986.4 -5.5 95 0 10.3 9.1 2.5 2.5 2 0 1 2 2
4008.5 -1997.4 -6.8 94 0 9.9 7.3 7.5 2.5 4 0 3 3 3
4120.4 -1923.8 -4.3 86 0 9.4 7.1 7.5 2.5 2 0 3 0 0
4083.9 -1866.3 1.1 277 0 5.4 9.9 5.0 2.5 2 1 2 5 5
4157.3 -1895.8 -4.1 354 0 7.7 9.5 7.5 2.5 2 1 3 3 3
4147.2 -1823.2 -4.9 344 0 9.3 11.4 7.5 2.5 2 1 3 2 2
4198.2 -1878.1 -10.1 181 0 12.8 8.9 5.0 2.5 2 0 2 2 2
4191.2 -1843.7 -10.8 174 0 11.2 13.7 5.0 2.5 2 1 2 5 5
4142.6 -1783.6 -5.7 0 0 11.4 11.0 5.0 0.0 0 0 2 2 2
4124.9 -1799.6 -4.1 177 0 7.3 8.3 7.5 2.5 2 1 3 2 2
4167.0 -1753.3 -10.2 170 0 10.9 10.2 2.5 2.5 2 0 1 1 1
4165.0 -1738.4 -10.0 157 0 9.2 7.6 5.0 2.5 2 0 2 2 2
4107.5 -1711.2 -4.2 311 0 12.5 16.0 2.5 2.5 2 1 1 3 3
4092.3 -1700.7 -2.8 292 0 8.5 14.9 5.0 0.0 0 1 2 0 0
4027.4 -1659.1 3.1 298 0 9.3 7.7 7.5 2.5 2 0 3 2 2
4079.5 -1583.4 -4.9 274 0 11.8 11.2 10.0 2.5 2 0 4 3 3
4010.8 -1648.5 4.8 308 0 6.9 10.0 5.0 2.5 4 1 2 5 5
3962.7 -1643.0 9.5 251 0 6.9 8.1 2.5 2.5 2 1 1 5 5
4004.9 -1638.0 5.1 316 0 7.2 5.7 5.0 2.5 2 0 2 2 2
3906.5 -1466.1 13.3 289 0 13.5 18.4 7.5 2.5 2 1 3 1 1
3935.5 -1453.8 9.9 125 0 11.4 14.3 5.0 2.5 2 1 2 1 1
3694.1 -1527.6 2.8 81 0 12.4 8.7 7.5 2.5 2 0 3 4 4
3700.2 -1491.9 2.3 70 0 11.6 10.8 5.0 2.5 2 0 2 4 4
3706.4 -1446.3 1.8 357 0 8.3 8.6 5.0 2.5 2 1 2 5 5
3696.1 -1394.7 -0.1 9 0 11.4 9.1 5.0 2.5 4 0 2 2 2
3809.9 -1347.0 6.0 358 0 7.9 12.4 7.5 2.5 2 1 3 5 5
3648.6 -1431.1 -1.0 201 0 10.5 11.9 7.5 2.5 2 1 3 3 3
3658.1 -1371.2 -2.6 197 0 8.2 11.6 7.5 2.5 2 1 3 2 2
3652.3 -1450.9 -0.4 179 0 6.6 11.7 5.0 2.5 2 1 2 1 1
3796.1 -1362.7 5.8 9 0 11.3 9.0 5.0 2.5 2 0 2 3 3
3743.3 -1227.1 -0.7 184 0 12.3 10.2 5.0 2.5 2 0 2 0 0
3722.0 -1183.6 -3.0 177 0 9.3 7.8 5.0 2.5 2 0 2 2 2
3566.9 -1006.9 -3.7 119 0 10.3 8.2 7.5 2.5 2 0 3 2 2
3514.0 -1003.5 -8.0 114 0 8.0 7.4 5.0 2.5 2 0 2 4 4
-2248.1 3689.7 16.5 68 0 11.3 29.3 12.5 2.5 4 1 5 4 4
6895.3 -4915.3 -17.2 21 0 5.4 8.4 5.0 2.5 2 1 2 5 5
6908.0 -4885.4 -15.0 20 0 6.1 11.0 7.5 2.5 2 0 3 1 1
6839.6 -4800.6 -9.7 290 0 13.7 16.3 2.5 2.5 4 1 1 2 2
6619.5 -4858.4 -19.3 177 0 10.8 15.8 2.5 2.5 2 1 1 2 2
6662.3 -4821.3 -15.7 301 0 10.5 10.8 2.5 2.5 2 1 1 0 0
6653.9 -4746.2 -11.4 288 0 12.8 17.1 2.5 2.5 2 1 1 5 5
5906.0 1085.8 -3.4 359 0 13.1 14.6 7.5 2.5 2 1 3 0 0
5864.6 1181.2 3.5 252 0 6.9 19.6 7.5 2.5 2 1 3 5 5
5948.3 1276.1 1.9 186 0 7.7 12.3 2.5 0.0 0 1 1 3 3
5811.1 1151.1 -0.3 179 0 9.3 8.1 5.0 2.5 4 0 2 2 2
4154.6 768.7 10.7 192 0 9.1 20.0 2.5 2.5 2 1 1 4 4
5785.4 1379.8 2.4 1 0 9.5 8.9 7.5 0.0 0 0 3 3 3
5638.2 1080.7 -5.2 355 0 11.6 12.2 10.0 2.5 4 1 4 5 5
3392.3 -287.9 3.2 11 0 10.8 12.9 7.5 2.5 2 1 3 1 1
3267.2 -329.8 -2.6 115 0 14.4 11.4 10.0 2.5 2 0 4 3 3
3572.5 -462.4 -3.6 109 0 17.3 23.1 10.0 2.5 2 1 4 1 1
3600.2 -369.2 5.2 300 0 22.8 13.6 7.5 2.5 2 0 3 2 2
3174.8 -242.7 -12.0 285 0 19.2 25.2 12.5 2.5 2 1 5 5 5
3179.5 -325.2 -8.9 71 0 23.3 12.0 12.5 2.5 2 0 5 3 3
3284.7 -432.0 3.1 51 0 8.7 6.9 7.5 2.5 2 0 3 2 2
3301.1 -390.6 2.3 316 0 10.7 9.5 7.5 2.5 2 0 3 2 2
3096.4 -489.8 -10.4 166 0 10.3 18.0 5.0 2.5 2 1 2 3 3
3189.4 -211.7 -10.3 196 0 18.8 15.7 12.5 2.5 2 0 5 2 2
3311.7 -198.6 -4.9 289 0 12.0 14.3 5.0 2.5 2 1 2 1 1
3390.9 -234.6 1.7 129 0 10.4 16.8 5.0 2.5 2 1 2 1 1
3174.6 -181.3 -4.2 12 0 24.5 19.4 12.5 2.5 2 0 5 2 2
3225.0 -254.3 -8.7 275 0 22.6 20.7 12.5 2.5 2 0 5 0 0
2945.6 -225.4 -4.5 23 0 17.4 13.9 10.0 2.5 2 0 4 0 0
2945.9 -242.4 -6.0 217 0 72.8 13.1 7.5 2.5 2 0 3 1 1
2948.2 -550.8 -6.8 40 0 13.4 17.1 12.5 2.5 2 1 5 4 4
2986.3 -516.4 -6.9 26 0 14.3 16.7 2.5 2.5 2 1 1 2 2
2993.6 -496.8 -6.6 20 0 16.4 19.2 12.5 2.5 2 1 5 4 4
3015.0 -422.1 -6.0 13 0 11.1 12.0 5.0 2.5 2 1 2 5 5
3136.2 -444.1 -8.2 260 0 14.7 25.6 15.0 0.0 0 1 6 5 5
3173.0 -447.7 -4.8 273 0 23.1 31.8 10.0 0.0 0 1 4 4 4
3327.1 -511.3 1.5 359 0 16.4 12.7 7.5 2.5 2 0 3 2 2
3349.6 -541.8 -5.8 185 0 17.3 14.3 10.0 2.5 2 0 4 4 4
3268.0 -674.5 -9.6 18 0 13.0 13.7 7.5 0.0 0 1 3 4 4
3206.0 -683.8 -6.0 61 0 15.2 12.3 7.5 2.5 2 0 3 1 1
2958.2 -694.8 -13.5 269 0 37.0 31.1 10.0 0.0 0 0 4 3 3
6520.4 -4630.0 -11.8 2 0 15.5 16.2 12.5 2.5 2 1 5 4 4
6514.9 -4557.4 -16.7 170 0 10.7 22.0 2.5 2.5 2 1 1 5 5
6477.8 -4710.0 -9.3 92 0 9.6 12.2 5.0 2.5 2 1 2 0 0
6487.8 -4434.8 -22.8 171 0 6.0 8.5 7.5 2.5 2 1 3 1 1
6484.2 -4427.1 -22.9 176 0 7.5 11.4 5.0 2.5 2 1 2 0 0
6484.0 -4418.5 -23.1 167 0 6.0 9.9 5.0 2.5 2 1 2 0 0
6486.4 -4399.9 -23.3 267 0 10.3 9.4 2.5 2.5 2 0 1 5 5
6287.3 -4630.9 -10.7 93 0 15.4 15.1 7.5 2.5 2 0 3 4 4
6287.2 -4577.0 -11.5 273 0 10.8 11.3 5.0 2.5 2 1 2 5 5
6230.6 -4657.7 -8.4 77 0 13.7 20.6 10.0 2.5 4 1 4 3 3
6193.9 -4663.7 -10.0 75 0 10.2 21.6 7.5 2.5 2 1 3 2 2
6061.4 -4454.3 -3.4 98 0 11.9 17.2 5.0 2.5 2 1 2 1 1
6142.3 -4864.4 -20.2 175 0 13.4 15.8 5.0 2.5 2 1 2 5 5
6183.6 -4602.7 -6.3 180 0 11.6 15.4 2.5 2.5 2 1 1 2 2
-2455.8 4136.2 14.0 29 0 14.3 22.2 10.0 2.5 2 1 4 4 4
-2501.9 4070.4 11.6 51 0 12.5 15.3 7.5 2.5 2 1 3 2 2
-2718.3 3980.1 8.8 88 0 7.5 8.7 2.5 2.5 2 1 1 3 3
-3130.6 3285.9 -10.2 190 0 15.7 26.9 7.5 0.0 0 1 3 1 1
-3139.4 3108.1 -5.4 165 0 14.9 19.9 12.5 2.5 2 1 5 3 3
-3099.3 3142.3 -7.1 350 0 13.2 15.4 5.0 2.5 2 1 2 0 0
-3008.8 3049.3 4.8 90 0 12.5 9.1 5.0 2.5 2 0 2 5 5
-2294.0 3792.8 14.8 157 0 8.3 50.7 7.5 2.5 2 1 3 2 2
-2271.4 3824.6 16.1 247 0 24.9 9.7 5.0 2.5 2 0 2 4 4
-2277.1 3649.2 13.3 84 0 13.7 12.8 7.5 2.5 2 0 3 4 4
-2283.7 3692.5 14.7 169 0 12.3 13.1 2.5 2.5 4 1 1 0 0
-2168.2 3721.5 12.0 134 0 10.5 14.6 5.0 2.5 2 1 2 2 2
5573.7 1038.2 7.0 72 0 7.0 9.6 7.5 0.0 0 1 3 1 1
5937.7 1164.5 1.6 350 0 7.6 12.0 7.5 2.5 2 1 3 3 3
5988.6 1045.6 4.6 169 0 19.7 23.1 12.5 0.0 0 1 5 0 0
6027.2 1047.3 6.8 4 0 11.3 10.2 2.5 2.5 2 0 1 1 1
5949.4 856.0 1.5 358 0 11.4 19.6 12.5 2.5 2 1 5 4 4
6044.9 833.1 8.1 349 0 15.3 31.4 10.0 0.0 0 1 4 1 1
6081.8 1111.4 8.6 12 0 9.6 20.0 5.0 2.5 2 1 2 5 5
-6892.8 -2272.2 8.0 255 0 10.1 16.9 2.5 2.5 2 1 1 2 2
-6855.8 -2489.6 -3.4 273 0 9.5 14.0 7.5 2.5 2 1 3 0 0
-6782.9 -2320.5 -2.8 169 0 13.9 13.3 7.5 0.0 0 0 3 3 3
-6826.9 -2297.9 3.0 326 0 20.1 15.7 10.0 0.0 0 0 4 1 1
-6854.1 -2227.0 6.4 157 1 13.1 11.6 10.0 2.5 2 0 4 5 5
-6805.4 -2176.5 3.3 258 0 14.6 15.1 7.5 2.5 2 1 3 1 1
-6774.1 -2185.9 0.8 254 0 11.0 7.9 7.5 0.0 0 0 3 1 1
-6653.4 -2533.2 -11.9 97 0 8.3 14.2 5.0 0.0 0 1 2 1 1
-6639.2 -2396.6 -2.6 91 0 9.9 12.8 7.5 2.5 2 1 3 3 3
-6628.2 -2344.0 -0.9 355 0 13.7 12.5 7.5 2.5 2 0 3 5 5
-6626.2 -2307.2 0.3 0 0 11.8 11.0 5.0 2.5 2 0 2 1 1
6142.6 -4463.2 -5.5 267 0 8.7 6.3 5.0 2.5 2 0 2 1 1
6139.1 -4493.6 -4.9 357 0 9.1 6.7 5.0 0.0 0 0 2 0 0
6042.9 -4384.1 -4.4 266 0 11.4 16.1 7.5 2.5 4 1 3 2 2
6008.8 -4398.7 -5.5 273 0 13.6 11.7 2.5 0.0 0 0 1 1 1
6004.7 -4487.2 -4.9 174 0 10.2 8.9 5.0 2.5 2 0 2 0 0
5652.3 -4329.4 -9.4 100 0 14.1 15.0 10.0 0.0 0 1 4 4 4
5674.7 -4236.4 -12.2 297 0 12.4 13.5 2.5 2.5 2 1 1 3 3
-6755.9 -2051.1 2.3 278 0 13.2 15.4 7.5 2.5 2 1 3 3 3
-6706.7 -2047.8 -1.5 259 0 17.9 23.2 12.5 2.5 4 1 5 3 3
-6710.2 -2129.2 -1.8 77 0 11.8 8.5 7.5 2.5 2 0 3 4 4
-6781.4 -2089.5 3.4 165 0 8.3 9.4 7.5 2.5 4 1 3 4 4
-6827.1 -2074.3 4.9 339 0 13.1 14.5 2.5 2.5 4 1 1 4 4
-6872.2 -2141.8 5.7 180 0 9.7 13.5 5.0 0.0 0 1 2 1 1
-6886.8 -2119.5 5.1 169 0 8.6 10.0 2.5 2.5 2 1 1 3 3
-6657.0 -2079.4 7.1 0 0 12.7 12.0 5.0 2.5 2 0 2 1 1
-6676.8 -2051.7 3.7 258 0 17.3 13.3 5.0 2.5 4 0 2 4 4
-6677.6 -2000.3 -1.2 341 0 21.8 10.5 7.5 2.5 2 0 3 4 4
-6765.2 -2016.2 4.0 89 0 9.9 17.3 5.0 2.5 2 1 2 3 3
-6824.2 -2053.6 4.3 334 0 11.1 15.8 5.0 2.5 4 1 2 5 5
-6824.8 -1996.4 3.4 178 0 9.4 10.9 5.0 0.0 0 1 2 4 4
-6886.8 -2061.2 3.8 115 0 22.3 10.4 2.5 2.5 2 0 1 3 3
-6907.9 -1945.6 1.7 182 0 8.9 10.6 5.0 2.5 2 1 2 5 5
6068.1 1165.2 4.4 86 0 7.2 19.5 5.0 2.5 2 1 2 2 2
6095.8 1151.4 6.7 348 0 14.9 19.1 10.0 2.5 2 1 4 5 5
6156.9 1201.7 5.1 53 0 10.1 23.2 2.5 2.5 4 1 1 2 2
6317.5 1260.7 8.0 65 0 8.4 10.7 2.5 2.5 2 1 1 2 2
6190.1 1683.7 7.1 172 0 8.7 16.7 2.5 2.5 2 1 1 3 3
6067.1 1608.1 -2.1 82 0 13.2 12.7 5.0 2.5 2 0 2 2 2
6096.7 1697.9 3.3 183 0 13.8 11.9 7.5 2.5 2 0 3 2 2
6228.5 1818.1 16.5 81 0 10.3 20.2 10.0 2.5 2 1 4 1 1
6311.2 1836.4 23.0 121 0 11.5 8.0 2.5 2.5 2 0 1 2 2
6165.1 1655.7 4.1 3 0 15.7 17.5 12.5 2.5 2 1 5 4 4
6165.0 -3881.0 -14.4 267 0 9.3 14.4 5.0 2.5 2 1 2 2 2
6197.6 -3971.2 -19.1 92 0 9.6 8.7 5.0 2.5 2 0 2 0 0
6169.8 -3974.2 -18.9 179 0 15.2 13.7 2.5 2.5 2 0 1 5 5
6080.3 -4034.3 -18.1 90 0 14.3 10.8 2.5 2.5 2 0 1 1 1
6224.2 -3950.1 -19.3 96 0 14.0 13.9 7.5 2.5 2 0 3 2 2
6317.8 -3832.1 -14.8 339 0 13.9 11.2 7.5 2.5 2 0 3 5 5
6286.9 -3931.9 -19.0 358 0 9.6 13.7 7.5 2.5 2 1 3 1 1
6351.2 -3928.7 -17.8 171 0 12.1 19.7 10.0 2.5 2 1 4 4 4
6288.9 -4482.2 -12.8 92 0 9.9 9.6 2.5 0.0 0 0 1 4 4
5856.5 -4065.5 -19.4 126 0 15.6 15.4 10.0 2.5 2 0 4 1 1
5902.4 -4031.1 -16.8 31 0 11.2 10.8 5.0 2.5 4 0 2 0 0
5931.4 -4034.2 -16.6 202 0 13.6 12.0 5.0 2.5 2 0 2 4 4
5942.4 -3996.7 -16.0 182 0 13.7 13.8 2.5 0.0 0 1 1 5 5
-1359.5 1580.4 8.7 91 0 25.7 30.7 7.5 0.0 0 1 3 3 3
-1602.0 2393.4 7.4 181 0 11.7 27.7 10.0 2.5 2 1 4 4 4
-1983.9 3827.9 1.7 51 0 14.3 12.5 5.0 2.5 2 0 2 2 2
-2082.0 4215.5 5.0 160 0 11.7 17.8 5.0 0.0 0 1 2 0 0
-1997.6 2700.1 19.5 268 0 20.7 14.3 12.5 2.5 2 0 5 4 4
-2075.9 2705.2 16.0 268 0 15.4 13.7 5.0 2.5 2 0 2 1 1
-2539.9 2956.7 2.4 177 0 10.1 14.0 10.0 2.5 2 1 4 5 5
-2264.6 3206.6 19.5 182 0 6.1 8.0 5.0 2.5 2 1 2 2 2
-2263.8 3216.6 20.1 178 0 5.6 7.2 5.0 2.5 2 1 2 5 5
-2246.7 3214.2 20.7 4 0 6.2 7.6 7.5 2.5 2 1 3 5 5
-2211.7 3246.9 25.2 4 0 8.5 8.3 7.5 2.5 2 0 3 5 5
-2248.7 3154.2 17.3 20 0 9.8 6.8 7.5 2.5 4 0 3 4 4
-2126.6 3505.4 18.6 86 0 10.3 9.0 5.0 2.5 2 0 2 1 1
-2148.3 3587.6 18.4 187 0 10.6 9.5 2.5 2.5 2 0 1 3 3
-2151.3 3608.8 16.9 152 0 11.1 14.9 7.5 0.0 0 1 3 2 2
-2278.7 3922.2 11.2 251 0 13.5 12.4 5.0 2.5 2 0 2 4 4
-6863.0 -1853.5 0.5 279 0 8.3 9.2 5.0 2.5 2 1 2 0 0
-6857.5 -1827.5 0.0 269 0 10.5 10.6 2.5 2.5 2 1 1 3 3
-6809.4 -1819.9 0.3 281 0 8.2 9.4 2.5 2.5 2 1 1 4 4
-6792.0 -1805.4 -0.1 81 0 8.5 13.9 5.0 2.5 4 1 2 3 3
6048.1 -3955.8 -16.7 264 0 8.9 10.0 2.5 2.5 2 1 1 3 3
6251.3 -3954.0 -19.6 88 0 13.0 10.5 5.0 2.5 2 0 2 4 4
6083.7 -3855.7 -9.0 185 0 14.2 17.0 7.5 0.0 0 1 3 3 3
5943.2 -3723.1 -7.1 180 0 15.8 16.1 10.0 2.5 2 1 4 0 0
5833.5 -3709.7 -6.8 75 0 14.9 9.8 5.0 2.5 2 0 2 1 1
5919.2 -3731.2 -7.1 5 0 10.3 13.8 7.5 0.0 0 1 3 0 0
5839.5 1579.9 -10.2 4 0 6.5 9.2 2.5 2.5 2 1 1 4 4
5893.5 1641.7 -9.5 10 0 6.1 5.2 2.5 2.5 2 0 1 3 3
6106.1 1850.4 8.0 320 0 10.3 14.9 7.5 2.5 2 1 3 4 4
6031.5 2003.1 4.0 274 0 13.4 12.3 7.5 2.5 2 0 3 5 5
5927.4 1974.0 -0.8 270 0 12.3 11.6 5.0 2.5 2 0 2 0 0
6016.2 2055.4 3.8 291 0 12.0 24.5 10.0 2.5 2 1 4 2 2
6015.0 1814.4 0.5 269 0 7.1 10.9 7.5 0.0 0 1 3 3 3
5858.8 1958.0 4.4 57 0 15.0 19.2 10.0 0.0 0 1 4 5 5
5793.9 1917.5 0.7 338 0 6.3 11.2 7.5 2.5 2 1 3 1 1
5783.5 2013.2 9.0 308 0 7.8 8.5 7.5 2.5 2 1 3 0 0
5807.1 1981.2 6.5 11 0 9.8 11.2 2.5 2.5 2 1 1 5 5
5709.6 2030.0 12.8 2 0 7.1 11.0 5.0 2.5 2 1 2 2 2
5617.8 1754.9 -4.8 182 0 7.9 19.4 7.5 2.5 2 1 3 0 0
5512.3 1570.9 -3.2 197 0 20.6 11.2 7.5 2.5 2 0 3 5 5
6166.7 -3548.8 -14.2 85 0 9.0 14.7 5.0 2.5 2 1 2 2 2
2995.1 -913.0 -11.5 267 0 13.4 9.0 5.0 2.5 2 0 2 4 4
2923.1 -854.5 -12.8 186 0 16.2 10.5 7.5 2.5 2 0 3 2 2
2933.3 -816.2 -9.5 185 0 10.7 11.7 7.5 2.5 2 1 3 5 5
3028.5 -895.6 -9.9 94 0 18.2 14.8 15.0 0.0 0 0 6 0 0
3049.8 -688.0 -7.0 247 0 16.0 14.1 7.5 2.5 2 0 3 5 5
3204.6 -729.2 -9.9 56 0 21.3 24.4 12.5 2.5 2 1 5 4 4
3046.5 -1094.6 -18.0 283 0 15.0 16.0 7.5 2.5 2 1 3 3 3
3145.5 -1210.9 -12.3 1 0 17.5 15.1 12.5 2.5 2 0 5 3 3
3038.5 -1172.1 -20.1 285 0 14.3 15.0 7.5 2.5 2 1 3 5 5
3212.9 -948.2 -12.3 303 0 19.7 13.6 12.5 2.5 4 0 5 1 1
3234.9 -962.3 -9.3 294 0 19.7 13.1 5.0 2.5 4 0 2 3 3
3256.6 -964.9 -7.2 109 0 16.1 9.9 7.5 0.0 0 0 3 1 1
3248.6 -996.3 -6.1 7 0 11.2 10.0 5.0 2.5 2 0 2 5 5
3249.5 -1019.6 -4.5 1 0 10.3 6.8 7.5 0.0 0 0 3 3 3
3185.5 -1016.6 -10.0 172 0 9.2 7.3 7.5 2.5 2 0 3 2 2
3447.4 -999.2 -6.7 126 0 15.8 12.1 2.5 2.5 2 0 1 4 4
3477.4 -1018.6 -9.0 304 0 17.9 16.8 10.0 2.5 2 0 4 5 5
3554.4 -1040.2 -7.0 108 0 34.4 14.7 10.0 2.5 2 0 4 5 5
3532.7 -936.7 -5.0 295 0 17.5 16.3 12.5 0.0 0 0 5 2 2
3705.7 -842.5 3.0 3 0 31.1 10.4 12.5 2.5 2 0 5 2 2
3531.8 -1627.8 -5.9 259 0 22.3 15.1 10.0 2.5 2 0 4 1 1
3500.0 -1642.6 -7.4 255 0 16.5 23.8 10.0 2.5 4 1 4 4 4
3586.2 -1599.8 -2.7 266 0 14.9 13.8 5.0 2.5 2 0 2 4 4
3602.1 -1699.4 -4.2 180 0 10.9 13.3 5.0 2.5 2 1 2 3 3
3572.1 -1546.1 -1.6 77 0 15.4 16.1 5.0 2.5 2 1 2 1 1
3619.4 -1719.8 -4.2 202 0 14.7 13.6 7.5 2.5 2 0 3 4 4
3645.9 -1523.8 3.1 80 0 14.2 13.6 10.0 2.5 2 0 4 5 5
3631.2 -1498.7 3.6 164 0 13.5 16.0 7.5 2.5 2 1 3 4 4
3404.1 -1482.8 -4.5 355 0 12.6 10.9 7.5 2.5 2 0 3 2 2
3378.8 -1610.0 -11.1 187 0 15.0 15.6 7.5 2.5 2 1 3 0 0
3361.2 -1594.8 -11.8 0 0 11.7 11.9 7.5 2.5 2 1 3 4 4
3352.3 -1535.6 -9.9 171 0 12.4 16.0 5.0 2.5 2 1 2 0 0
3352.6 -1511.5 -8.1 174 0 11.3 10.6 7.5 2.5 2 0 3 5 5
3354.4 -1484.2 -6.1 174 0 16.8 11.9 5.0 2.5 2 0 2 2 2
3369.0 -1439.3 -2.3 185 0 11.8 13.0 7.5 2.5 2 1 3 4 4
3408.5 -1390.9 2.0 278 0 10.5 15.1 2.5 2.5 2 1 1 0 0
5466.7 1377.4 -12.3 107 0 10.2 8.8 5.0 0.0 0 0 2 0 0
3440.8 -4094.7 -17.3 355 0 12.9 12.0 7.5 2.5 2 0 3 4 4
3331.9 -3884.5 -8.1 116 0 10.1 10.4 7.5 2.5 2 1 3 0 0
3638.5 -3481.6 -16.3 168 0 9.1 15.0 2.5 2.5 2 1 1 4 4
3778.5 -3636.9 -28.5 178 0 9.5 11.8 5.0 2.5 2 1 2 3 3
3660.2 -2947.3 -19.2 86 0 9.3 8.8 7.5 2.5 2 0 3 5 5
3445.0 -2596.4 -7.2 267 0 13.4 15.6 7.5 2.5 2 1 3 1 1
3489.0 -2694.2 -4.3 344 0 12.9 9.6 5.0 2.5 4 0 2 5 5
3492.2 -2619.4 -5.2 177 0 12.3 10.6 10.0 2.5 2 0 4 1 1
3496.8 -2780.4 -6.0 88 0 7.0 9.4 5.0 2.5 2 1 2 1 1
3543.5 -2789.6 -9.4 154 0 10.1 11.2 7.5 2.5 2 1 3 4 4
3282.2 -2666.5 -12.7 260 0 8.5 13.9 5.0 2.5 2 1 2 1 1
2954.5 -3750.9 -3.1 262 0 8.2 12.7 5.0 2.5 2 1 2 1 1
2978.0 -3778.4 -1.9 3 0 11.7 9.3 5.0 2.5 2 0 2 0 0
3016.9 -3669.5 -10.9 86 0 9.7 14.6 7.5 2.5 2 1 3 5 5
2922.8 -3746.2 -2.6 100 0 6.8 9.1 5.0 2.5 2 1 2 3 3
3104.2 -3526.9 -12.3 86 0 7.8 11.5 2.5 2.5 2 1 1 5 5
3106.8 -3607.0 -14.2 172 0 10.2 12.5 2.5 0.0 0 1 1 0 0
3708.0 -3581.3 -22.6 117 0 9.8 11.5 5.0 0.0 0 1 2 2 2
3011.3 -6630.6 -10.1 75 0 12.5 13.4 7.5 2.5 4 1 3 0 0
3011.2 -6645.0 -9.9 253 0 10.1 10.8 7.5 2.5 2 1 3 0 0
3051.6 -6615.9 -9.6 68 0 7.8 11.0 5.0 0.0 0 1 2 3 3
3045.3 -6814.3 -8.9 89 0 19.1 26.6 10.0 0.0 0 1 4 4 4
-6729.4 -4757.7 1.1 37 0 11.8 13.0 7.5 2.5 2 1 3 5 5
-6760.9 -4707.2 0.6 316 0 17.3 17.3 10.0 2.5 4 1 4 5 5
-6847.6 -4657.0 -2.7 133 0 13.0 8.5 5.0 2.5 2 0 2 3 3
-6863.8 -4649.0 -2.9 138 0 10.3 6.4 2.5 2.5 2 0 1 3 3
-6849.1 -4633.8 -3.8 319 0 9.1 12.7 5.0 2.5 2 1 2 3 3
-6886.8 -4598.1 -6.5 181 0 13.4 11.0 7.5 2.5 2 0 3 5 5
-6887.7 -4572.8 -7.8 250 0 8.8 15.2 2.5 2.5 2 1 1 3 3
-6824.3 -4582.9 -7.5 248 0 10.0 7.3 5.0 2.5 2 0 2 1 1
-6845.7 -4499.6 -12.7 87 0 19.6 19.0 10.0 2.5 2 0 4 2 2
5271.2 -2250.6 -18.5 88 0 16.3 21.3 10.0 2.5 2 1 4 1 1
5250.4 -1938.7 2.1 143 0 6.7 7.7 5.0 2.5 2 1 2 0 0
5291.2 -1848.8 3.4 287 0 15.7 16.6 10.0 2.5 2 1 4 2 2
5272.9 -1842.2 2.2 296 0 15.3 21.0 12.5 2.5 2 1 5 2 2
5160.4 -1867.8 1.9 179 0 21.4 15.0 10.0 2.5 2 0 4 1 1
5152.1 -1797.3 1.6 268 0 14.7 15.9 5.0 2.5 2 1 2 5 5
5215.9 -1814.5 -0.5 297 0 14.4 12.7 5.0 2.5 2 0 2 3 3
5204.6 -1787.6 0.3 268 0 12.8 20.1 12.5 2.5 4 1 5 2 2
5224.0 -1790.2 -1.0 270 0 14.5 13.3 5.0 2.5 2 0 2 3 3
5247.6 -1793.5 -1.2 279 0 20.9 12.8 10.0 2.5 2 0 4 0 0
5116.5 -1795.0 -2.5 270 0 14.7 13.0 5.0 2.5 2 0 2 1 1
5182.0 -1781.4 2.1 91 0 11.7 19.5 2.5 2.5 2 1 1 2 2
5229.3 -1714.3 0.1 15 0 15.2 12.4 7.5 2.5 4 0 3 3 3
5211.6 -1690.8 -0.9 0 0 12.2 11.7 5.0 2.5 2 0 2 1 1
5184.2 -1662.0 3.6 271 0 14.5 16.9 7.5 2.5 2 1 3 1 1
5301.7 -1528.4 1.7 89 0 15.7 17.5 12.5 2.5 2 1 5 2 2
5278.8 -1552.7 3.3 269 0 8.4 10.3 5.0 2.5 2 1 2 5 5
5268.7 -1554.4 4.4 268 0 10.3 9.9 7.5 2.5 2 0 3 5 5
5195.0 -1417.0 0.5 271 0 20.0 24.1 10.0 2.5 2 1 4 0 0
5252.5 -1319.7 9.1 92 0 7.9 18.5 5.0 0.0 0 1 2 2 2
5265.1 -1111.2 5.6 272 0 16.0 13.8 5.0 2.5 2 0 2 3 3
4935.7 -661.4 4.3 111 0 14.4 12.0 2.5 2.5 2 0 1 0 0
5015.3 -659.8 6.5 179 0 6.9 14.0 2.5 2.5 2 1 1 4 4
5103.7 -635.7 10.6 7 0 10.0 9.8 5.0 0.0 0 0 2 2 2
5104.6 -611.8 12.9 22 0 7.7 9.4 5.0 2.5 2 1 2 0 0
5211.9 -640.1 12.3 308 0 8.3 15.1 7.5 2.5 2 1 3 4 4
4973.4 -681.4 3.9 118 0 11.3 8.4 7.5 2.5 2 0 3 0 0
5088.5 -526.6 17.1 267 0 11.6 6.2 7.5 2.5 2 0 3 4 4
5257.9 -435.4 13.0 84 0 9.2 13.2 5.0 2.5 2 1 2 0 0
5288.0 -332.7 5.5 314 0 8.9 10.9 5.0 2.5 2 1 2 5 5
5264.5 -199.8 -4.2 246 0 12.3 13.5 5.0 2.5 2 1 2 2 2
-5548.6 -6730.3 -0.8 349 0 9.4 8.7 7.5 0.0 0 0 3 0 0
-5368.9 -6752.3 -3.0 74 0 12.2 13.0 5.0 2.5 2 1 2 1 1
-5238.0 -6806.3 -6.3 104 0 10.8 11.6 5.0 2.5 2 1 2 0 0
-6163.6 -5847.2 -11.5 172 0 22.7 15.0 12.5 2.5 2 0 5 4 4
-6131.4 -5860.0 -12.6 350 0 14.3 12.6 5.0 2.5 2 0 2 0 0
-6169.0 -5632.1 -11.8 24 0 8.5 14.3 5.0 2.5 2 1 2 0 0
-6155.9 -5617.5 -9.8 34 0 9.6 8.8 7.5 2.5 2 0 3 2 2
-6109.5 -5589.3 -5.0 144 0 16.4 12.4 5.0 2.5 2 0 2 3 3
-6009.8 -5478.8 12.6 355 0 5.2 13.3 7.5 0.0 0 1 3 2 2
-5923.8 -5752.9 -6.7 17 0 13.9 17.6 12.5 2.5 2 1 5 0 0
-5792.5 -5833.2 -5.7 84 0 19.0 16.0 10.0 2.5 2 0 4 4 4
-5555.8 -5678.5 6.8 254 0 13.7 12.0 7.5 2.5 4 0 3 4 4
-5402.0 -5686.4 -4.9 263 0 14.0 15.7 5.0 2.5 2 1 2 2 2
-5356.2 -5645.9 -0.4 73 0 17.3 16.3 12.5 2.5 2 0 5 0 0
-5201.9 -5274.4 -0.5 180 0 9.6 12.7 5.0 2.5 2 1 2 1 1
3118.4 -2850.7 -10.2 308 0 12.5 11.1 5.0 2.5 2 0 2 1 1
5201.7 -3932.4 -8.3 111 0 16.1 13.8 7.5 2.5 2 0 3 5 5
5262.7 -3976.9 -10.7 90 0 15.0 16.1 5.0 2.5 2 1 2 4 4
5269.3 -4017.8 -11.9 180 0 14.5 19.7 7.5 2.5 2 1 3 3 3
5134.6 -3998.5 -11.3 88 0 13.8 12.5 10.0 2.5 2 0 4 1 1
5081.5 -3886.5 -7.1 94 0 25.6 21.6 10.0 2.5 4 0 4 4 4
4037.3 -3187.8 -19.7 108 0 11.0 14.9 5.0 2.5 2 1 2 1 1
-5347.4 442.5 -10.1 82 0 13.5 21.5 12.5 2.5 2 1 5 2 2
-5375.0 442.0 -9.9 90 0 13.0 18.6 2.5 2.5 4 1 1 0 0
-5410.9 490.2 -7.9 174 0 25.8 17.6 10.0 2.5 2 0 4 5 5
2971.5 -191.5 -6.9 123 0 13.7 12.7 7.5 2.5 2 0 3 1 1
2916.8 -225.8 -3.4 199 0 10.2 8.6 2.5 2.5 2 0 1 4 4
3026.2 -353.0 -4.7 356 0 15.9 17.5 10.0 2.5 2 1 4 2 2
3009.0 -201.9 -7.7 73 0 26.2 10.6 12.5 2.5 2 0 5 4 4
2975.8 -392.5 -0.9 101 0 7.7 10.7 7.5 2.5 2 1 3 1 1
2963.3 -538.5 -6.9 37 0 15.3 16.4 5.0 2.5 2 0 2 3 3
3039.7 -349.6 -5.8 12 0 11.7 10.8 10.0 2.5 2 0 4 5 5
2927.2 -589.0 -9.0 25 0 11.2 11.5 7.5 2.5 2 1 3 1 1
3002.7 -833.0 -6.0 356 0 8.1 11.5 2.5 2.5 2 1 1 4 4
2985.7 -844.9 -8.3 358 0 13.5 13.1 7.5 2.5 2 0 3 1 1
2956.9 -862.6 -10.5 84 0 9.0 12.2 7.5 0.0 0 1 3 3 3
2971.2 -895.9 -11.4 102 0 8.0 8.3 5.0 2.5 2 1 2 0 0
2976.0 -910.7 -13.4 269 0 11.1 17.1 7.5 2.5 2 1 3 4 4
3009.7 -913.2 -10.7 272 0 9.9 7.3 7.5 2.5 2 0 3 0 0
2922.2 -1170.1 -18.0 283 0 7.6 11.5 7.5 2.5 2 1 3 4 4
2949.6 -1216.5 -18.6 22 0 13.2 6.6 5.0 0.0 0 0 2 0 0
2948.0 -1260.7 -16.5 224 0 11.4 13.4 7.5 2.5 2 1 3 2 2
2950.9 -1295.5 -14.6 239 0 14.2 14.3 5.0 2.5 4 1 2 2 2
2977.4 -1294.6 -16.7 339 0 11.9 9.9 5.0 2.5 4 0 2 0 0
3000.5 -1306.0 -18.6 344 0 13.5 14.4 10.0 2.5 2 1 4 2 2
2966.2 -1331.6 -15.0 166 0 16.5 11.9 5.0 2.5 2 0 2 5 5
2935.6 -1314.4 -12.0 145 0 11.7 7.8 7.5 2.5 4 0 3 1 1
2927.6 -1383.5 -6.9 272 0 12.9 14.7 2.5 2.5 2 0 1 4 4
2939.4 -1384.3 -8.0 276 0 10.8 10.7 7.5 2.5 2 0 3 4 4
2957.5 -1374.6 -10.7 269 0 14.6 13.4 2.5 2.5 2 0 1 1 1
2986.0 -1351.8 -14.6 301 0 10.0 9.1 2.5 2.5 2 0 1 0 0
2919.3 -1426.1 -4.8 110 0 14.6 16.0 7.5 2.5 2 1 3 3 3
2975.1 -1370.4 -13.1 254 0 15.7 18.8 10.0 2.5 4 1 4 1 1
3006.8 -1463.2 -11.3 87 0 9.3 10.6 7.5 2.5 2 0 3 4 4
3045.6 -1396.8 -18.4 353 0 11.0 11.4 5.0 2.5 4 1 2 1 1
3043.3 -1411.5 -17.3 353 0 12.4 8.9 5.0 2.5 4 0 2 4 4
3058.3 -1407.7 -19.1 348 0 13.2 10.5 7.5 2.5 2 0 3 2 2
3049.5 -1440.1 -16.5 359 0 12.5 13.8 7.5 2.5 2 1 3 3 3
3018.0 -1497.1 -10.0 2 0 15.8 12.8 2.5 2.5 2 0 1 5 5
2954.3 -1511.0 -4.3 268 0 14.3 10.4 5.0 2.5 4 0 2 4 4
2996.9 -1514.0 -7.8 0 0 26.6 20.5 10.0 2.5 2 0 4 3 3
2950.6 -1558.5 -4.2 176 0 18.9 20.0 12.5 2.5 2 1 5 3 3
2918.7 -1555.5 -0.8 181 0 14.9 15.4 7.5 2.5 2 1 3 0 0
2919.4 -1504.4 -1.2 267 0 14.4 14.7 5.0 2.5 2 0 2 5 5
2987.2 -1538.7 -6.1 1 0 14.3 11.9 5.0 2.5 2 0 2 4 4
2923.9 -1605.8 -1.8 183 0 13.1 13.4 7.5 2.5 2 1 3 0 0
2967.6 -1597.3 -4.1 181 0 14.0 13.4 7.5 2.5 2 0 3 2 2
3023.7 -1565.3 -8.8 0 0 13.8 14.9 5.0 2.5 2 1 2 1 1
2953.7 -1613.4 -2.5 191 0 14.9 14.0 5.0 2.5 4 0 2 2 2
2998.4 -1602.1 -5.5 6 0 7.8 8.3 7.5 2.5 2 1 3 1 1
2980.7 -1626.6 -4.5 190 0 14.6 12.4 7.5 2.5 2 0 3 1 1
2974.0 -1645.7 -3.1 194 0 12.0 8.6 7.5 2.5 2 0 3 3 3
3013.5 -1633.4 -6.1 355 0 12.0 11.7 2.5 2.5 2 0 1 1 1
3001.0 -1648.2 -4.6 3 0 11.4 10.0 5.0 2.5 2 0 2 3 3
3028.8 -1661.9 -6.8 10 0 8.8 9.6 5.0 2.5 2 0 2 0 0
2924.7 -1699.9 -8.4 202 0 24.6 30.6 12.5 0.0 0 1 5 2 2
2940.6 -1791.7 -12.1 117 0 16.6 13.0 7.5 2.5 2 0 3 0 0
2995.5 -1812.1 -12.2 88 0 19.7 13.8 12.5 2.5 2 0 5 3 3
2936.4 -1808.4 -14.6 304 0 22.7 22.0 12.5 2.5 2 0 5 5 5
3122.6 -1768.8 -7.4 87 0 15.6 13.9 7.5 2.5 2 0 3 5 5
3167.5 -1770.7 -9.2 84 0 19.2 21.1 12.5 2.5 2 0 5 4 4
3058.5 -1769.8 -7.7 91 0 13.8 22.3 12.5 2.5 2 1 5 0 0
3065.3 -1692.5 -9.1 271 0 10.6 16.2 7.5 2.5 2 1 3 4 4
3044.0 -1667.0 -8.1 6 0 12.6 8.5 2.5 2.5 2 0 1 0 0
3050.7 -1644.9 -9.2 354 0 13.7 11.8 5.0 2.5 2 0 2 5 5
-2149.4 -1487.1 -12.3 16 0 13.1 17.9 7.5 0.0 0 1 3 5 5
-2198.8 -1429.6 -9.4 99 0 18.4 18.3 12.5 2.5 2 0 5 2 2
-2247.4 -1416.5 -10.2 98 0 15.7 12.4 5.0 2.5 2 0 2 4 4
-5237.5 -5096.4 -0.1 211 0 6.9 11.6 7.5 2.5 2 1 3 4 4
-5187.7 -5087.1 -4.1 357 0 9.0 18.9 7.5 2.5 2 1 3 4 4
-5221.7 -5253.1 -2.8 352 0 12.0 15.4 7.5 2.5 2 1 3 5 5
-5067.5 -5376.1 -9.4 255 0 11.3 16.6 7.5 2.5 2 1 3 4 4
-4927.4 -5365.1 -1.0 266 0 11.9 15.9 7.5 2.5 2 1 3 4 4
-4962.2 -5348.2 -1.8 80 0 8.7 9.3 7.5 0.0 0 1 3 3 3
-4921.6 -5341.9 1.1 352 0 10.7 11.5 5.0 2.5 2 1 2 4 4
-4962.0 -5261.8 2.3 291 0 8.3 8.6 7.5 2.5 4 1 3 5 5
-4886.4 -5341.3 5.0 85 0 13.4 11.7 5.0 2.5 2 0 2 1 1
-4899.4 -5342.6 4.1 99 0 6.5 12.2 7.5 2.5 2 0 3 2 2
-4913.2 -5318.3 4.1 179 0 13.1 13.8 7.5 2.5 2 1 3 2 2
-5109.6 -5176.9 3.7 183 0 12.7 14.7 7.5 2.5 2 1 3 1 1
-4870.6 -5440.1 -1.5 164 0 15.5 14.1 7.5 2.5 4 0 3 3 3
-4812.9 -5393.0 -1.7 277 0 7.8 9.7 5.0 2.5 4 1 2 1 1
-4827.3 -5359.1 1.2 94 0 11.6 30.0 12.5 2.5 2 1 5 2 2
3042.5 -622.5 -10.5 192 0 15.6 17.2 2.5 2.5 2 1 1 5 5
3018.5 -768.9 -5.4 67 0 9.4 7.7 5.0 0.0 0 0 2 3 3
3024.2 -716.2 -7.1 241 0 12.3 14.3 5.0 2.5 2 1 2 3 3
3067.2 -1163.1 -16.7 185 0 15.8 10.6 2.5 2.5 2 0 1 3 3
3113.7 -1091.1 -11.8 260 0 18.3 15.7 10.0 2.5 2 0 4 3 3
2977.9 -1257.2 -18.9 348 0 10.6 13.4 2.5 2.5 2 1 1 0 0
3027.8 -1371.2 -18.0 348 0 23.1 16.7 10.0 0.0 0 0 4 3 3
3061.1 -1292.8 -20.0 175 0 24.0 13.5 12.5 2.5 2 0 5 0 0
3021.8 -1424.8 -14.4 354 0 14.8 17.2 10.0 2.5 2 0 4 3 3
2988.2 -1444.7 -11.4 176 0 14.6 15.3 2.5 2.5 2 1 1 0 0
3036.9 -1480.1 -14.4 83 0 16.4 14.9 12.5 2.5 2 0 5 2 2
2924.3 -1528.5 -2.2 181 0 19.3 16.8 10.0 2.5 2 0 4 4 4
3036.0 -1542.0 -12.4 160 0 16.9 22.0 10.0 2.5 4 1 4 3 3
3051.4 -1585.7 -12.8 177 0 14.2 20.6 15.0 0.0 0 0 6 4 4
2947.5 -1679.9 -6.1 189 0 17.7 15.9 12.5 2.5 2 0 5 3 3
3085.2 -1501.9 -18.8 174 0 17.3 17.2 10.0 2.5 2 0 4 2 2
3080.3 -1534.8 -15.0 257 0 9.7 16.5 5.0 2.5 2 1 2 3 3
3038.5 -1625.5 -8.7 5 0 14.2 13.1 2.5 2.5 2 0 1 2 2
3052.8 -1624.0 -11.1 180 0 16.9 12.2 5.0 2.5 2 0 2 5 5
3059.3 -1648.4 -11.1 183 0 18.2 11.4 5.0 2.5 2 0 2 5 5
3072.5 -1599.6 -13.8 174 0 16.6 15.5 12.5 2.5 2 0 5 0 0
3088.9 -1642.3 -13.3 84 0 11.5 10.7 5.0 2.5 2 0 2 4 4
3048.8 -1671.3 -8.8 252 0 11.4 8.9 7.5 2.5 2 0 3 0 0
3082.0 -1720.5 -8.3 6 0 16.9 15.0 5.0 2.5 2 0 2 1 1
3084.9 -1704.4 -9.2 357 0 12.5 12.1 2.5 2.5 2 0 1 0 0
3090.0 -1748.3 -7.2 357 0 24.8 19.4 12.5 2.5 2 0 5 2 2
-674.4 -1509.1 -11.4 358 0 10.7 5.2 7.5 2.5 2 0 3 4 4
-700.3 -1478.3 -8.1 261 0 11.5 16.9 2.5 2.5 2 1 1 5 5
-5122.9 -1264.2 -13.9 175 0 12.8 15.2 5.0 2.5 2 1 2 4 4
-5071.9 -1285.3 -12.5 270 0 10.2 20.5 10.0 2.5 2 1 4 4 4
-5113.5 -1294.3 -12.7 173 0 11.0 11.0 5.0 0.0 0 1 2 1 1
-5140.2 -1423.5 -0.2 153 0 12.5 13.6 5.0 2.5 2 1 2 5 5
-5138.6 -1398.5 -2.0 212 0 9.9 16.8 5.0 2.5 2 1 2 2 2
-5086.9 -1358.9 -7.0 360 1 15.2 11.2 10.0 2.5 2 0 4 5 5
-5234.3 -1354.4 -9.0 46 0 12.0 11.9 5.0 2.5 2 0 2 0 0
-5218.1 -1359.2 -8.2 158 0 13.6 14.7 5.0 2.5 2 1 2 4 4
-5224.5 -1341.5 -9.3 151 0 3.7 8.3 5.0 2.5 2 1 2 0 0
-5157.0 -1255.0 -14.2 248 0 11.7 12.2 5.0 2.5 2 1 2 0 0
-5170.7 -1367.6 -6.4 337 0 17.0 16.7 12.5 2.5 2 0 5 2 2
-5162.6 -1363.6 -6.2 163 0 8.6 10.9 7.5 0.0 0 1 3 3 3
-5217.6 -1184.2 -9.7 270 0 8.3 10.5 7.5 0.0 0 1 3 1 1
-5192.1 -1230.4 -12.2 79 0 19.8 15.5 10.0 2.5 2 0 4 2 2
-5156.6 -1217.0 -11.9 346 0 9.2 18.5 7.5 2.5 2 1 3 4 4
-5297.3 -1133.6 -7.7 282 0 7.2 8.5 5.0 2.5 2 1 2 0 0
-5132.3 -1318.5 -10.8 352 0 12.5 17.6 5.0 2.5 2 1 2 5 5
-5236.4 -1129.5 -6.0 289 0 16.9 15.0 12.5 2.5 2 0 5 3 3
-5751.8 435.2 -17.6 44 0 18.1 16.0 7.5 2.5 2 0 3 5 5
-5777.2 410.2 -18.1 57 0 13.9 17.1 2.5 2.5 2 1 1 4 4
-5795.4 402.3 -18.1 70 0 15.2 12.5 7.5 2.5 2 0 3 4 4
-5844.1 400.3 -18.3 169 0 18.9 16.0 7.5 2.5 2 0 3 1 1
-4752.2 -5371.8 -4.1 276 0 13.2 12.7 7.5 2.5 2 0 3 4 4
-4739.6 -5339.9 -2.8 253 0 8.2 9.3 5.0 2.5 2 1 2 2 2
-4715.8 -5446.1 -8.9 355 0 10.4 10.8 5.0 2.5 2 1 2 5 5
-4775.8 -5553.0 -13.1 32 0 6.6 9.6 5.0 2.5 2 1 2 5 5
-4762.0 -5546.3 -13.1 46 1 13.0 12.6 10.0 2.5 2 0 4 0 0
-4715.8 -5503.8 -11.7 21 0 23.0 16.3 12.5 0.0 0 0 5 1 1
-4709.1 -5479.6 -10.8 0 0 9.2 14.7 5.0 2.5 2 1 2 0 0
-4622.7 -5286.6 -5.2 49 0 9.9 10.5 5.0 2.5 2 1 2 3 3
-4614.7 -5428.9 -13.4 162 0 13.1 15.4 5.0 2.5 2 1 2 1 1
-4680.1 -5415.6 -9.7 159 0 12.5 14.1 7.5 0.0 0 1 3 1 1
-4534.5 -5330.7 -11.6 45 0 16.1 14.2 5.0 2.5 2 0 2 5 5
-4533.1 -5354.2 -12.8 42 0 12.6 11.7 5.0 2.5 2 0 2 2 2
-4542.7 -5361.5 -12.8 60 0 9.0 13.6 5.0 0.0 0 1 2 0 0
-4505.0 -5321.9 -12.6 43 0 11.8 14.3 7.5 2.5 2 1 3 5 5
4172.7 -6072.6 -14.8 145 0 9.5 46.5 7.5 2.5 2 1 3 1 1
4171.4 -5916.9 -13.8 85 0 7.9 8.0 5.0 2.5 2 1 2 3 3
4133.4 -6124.2 -13.8 250 0 10.6 17.7 10.0 2.5 2 1 4 1 1
4403.2 -6094.3 -14.2 170 0 14.6 13.7 7.5 2.5 2 0 3 4 4
4368.6 -6101.1 -12.5 171 0 11.7 15.4 7.5 0.0 0 1 3 5 5
4416.4 -6152.0 -10.6 71 0 11.2 11.9 7.5 2.5 2 0 3 4 4
4426.5 -6085.7 -14.7 265 0 14.2 14.7 5.0 2.5 2 0 2 0 0
4430.7 -6118.0 -13.7 76 0 18.5 15.4 10.0 2.5 2 0 4 0 0
4310.8 -6059.5 -13.4 84 0 9.0 12.4 2.5 2.5 2 1 1 3 3
4297.0 -6060.4 -12.8 87 0 6.2 10.8 7.5 2.5 2 1 3 1 1
4289.9 -5993.8 -16.8 162 0 14.5 16.2 7.5 2.5 2 1 3 5 5
4246.4 -5956.5 -15.6 267 0 10.6 11.9 7.5 2.5 2 1 3 0 0
4257.8 -5969.0 -16.2 219 0 14.5 24.8 10.0 2.5 2 1 4 2 2
4353.2 -5957.2 -15.9 337 0 7.9 12.5 7.5 2.5 2 1 3 0 0
-1529.2 -32.3 -9.6 345 0 18.0 16.6 12.5 2.5 2 0 5 1 1
-1534.7 113.8 -5.5 278 0 22.4 15.0 10.0 2.5 2 0 4 5 5
-1443.8 -122.2 -8.0 340 0 14.3 14.9 7.5 2.5 2 1 3 2 2
-1586.1 28.5 -9.9 179 0 14.5 15.1 7.5 2.5 2 1 3 1 1
-1568.1 47.8 -7.8 178 0 12.0 14.3 5.0 2.5 2 1 2 3 3
-1490.4 -2.2 -4.2 158 0 19.4 11.5 7.5 2.5 2 0 3 1 1
-1796.9 -104.7 -14.6 53 0 12.9 11.1 7.5 2.5 2 0 3 2 2
-1549.6 219.7 -12.1 38 0 10.2 14.0 7.5 2.5 2 1 3 3 3
-1800.3 385.1 -17.0 89 0 16.0 14.5 2.5 2.5 2 0 1 0 0
-1835.8 366.2 -16.8 86 0 10.4 50.7 10.0 2.5 2 1 4 1 1
-1848.1 465.5 -16.5 179 0 14.7 12.2 5.0 2.5 2 0 2 1 1
-1695.1 379.8 -16.4 178 0 10.6 8.9 5.0 2.5 2 0 2 4 4
-1664.3 919.1 -4.3 201 0 11.8 17.7 7.5 2.5 2 1 3 1 1
-1589.1 1032.0 -1.8 182 0 9.5 17.1 5.0 2.5 2 1 2 4 4
-834.9 987.8 3.2 91 0 16.0 16.1 12.5 2.5 4 1 5 5 5
-783.1 987.4 5.4 94 0 16.2 18.1 10.0 2.5 2 1 4 2 2
-741.2 999.5 7.1 317 0 16.1 17.9 10.0 2.5 2 1 4 3 3
-915.6 909.4 3.1 217 0 15.2 13.5 5.0 2.5 2 0 2 5 5
-980.4 965.5 -2.0 324 0 14.6 13.8 5.0 2.5 4 0 2 4 4
-785.4 148.9 -1.5 65 0 11.1 10.8 5.0 2.5 2 0 2 5 5
-5202.4 461.8 -10.2 76 0 15.3 24.9 12.5 2.5 2 1 5 5 5
-5198.0 567.2 -1.1 250 0 10.4 19.6 2.5 2.5 2 1 1 2 2
-5192.7 508.0 -5.7 1 0 7.1 7.4 5.0 2.5 2 1 2 1 1
-5211.5 593.8 3.4 162 0 11.6 12.2 7.5 2.5 2 1 3 5 5
-5133.9 544.4 -4.6 329 0 12.6 43.3 12.5 2.5 2 1 5 5 5
-1094.1 -1519.8 -21.5 266 0 7.2 10.6 2.5 2.5 2 1 1 2 2
-1167.7 -1542.2 -22.8 253 0 15.4 19.9 5.0 2.5 2 0 2 3 3
-1287.4 -1583.9 -22.5 73 0 15.0 13.2 5.0 2.5 2 0 2 5 5
-1368.2 -1562.4 -17.9 265 0 10.7 22.9 7.5 2.5 4 1 3 0 0
-1400.6 -1579.6 -16.3 241 0 12.6 13.7 10.0 2.5 2 1 4 3 3
-1389.2 -1544.7 -15.7 77 0 7.8 6.7 5.0 2.5 2 0 2 3 3
-5211.8 -5715.1 -19.2 70 0 18.2 19.7 12.5 2.5 2 1 5 3 3
-5157.7 -5663.9 -20.8 0 0 15.2 13.8 7.5 2.5 2 0 3 2 2
-5238.2 -5648.7 -11.7 111 0 13.5 13.6 7.5 0.0 0 1 3 1 1
-4294.4 -6075.4 -16.0 285 0 17.1 16.1 10.0 2.5 2 0 4 3 3
-4377.5 -5661.0 -22.1 80 0 12.5 18.6 2.5 2.5 2 1 1 2 2
-4315.3 -5594.2 -20.6 266 0 16.9 16.2 7.5 2.5 2 0 3 4 4
-4472.9 -5266.3 -11.4 98 0 17.0 25.7 12.5 2.5 4 1 5 0 0
-4363.4 -5392.8 -19.9 293 0 10.2 16.1 7.5 2.5 2 1 3 5 5
-4416.9 -5382.7 -19.7 256 0 8.5 19.8 7.5 2.5 2 1 3 5 5
-4484.7 -5221.2 -9.4 259 0 11.5 12.9 5.0 0.0 0 1 2 3 3
-4218.1 725.4 -5.2 358 0 10.8 11.7 5.0 2.5 2 1 2 0 0
-4222.9 648.8 -10.1 174 0 17.6 15.9 10.0 2.5 2 0 4 5 5
-4217.7 625.2 -11.4 171 0 16.1 15.3 7.5 2.5 2 0 3 3 3
-4042.5 801.7 -5.2 228 0 12.1 18.2 5.0 2.5 2 1 2 1 1
-4066.3 798.9 -3.5 32 0 11.8 17.0 2.5 2.5 2 1 1 5 5
-3983.0 854.9 -3.3 254 0 28.2 12.9 10.0 2.5 2 0 4 5 5
-4005.2 879.7 0.0 78 0 12.5 16.3 5.0 2.5 2 1 2 1 1
-3873.4 912.7 -0.3 233 0 13.4 12.6 7.5 2.5 2 0 3 0 0
-3861.5 929.8 0.7 227 0 12.9 15.8 5.0 2.5 2 1 2 5 5
-3762.7 1059.1 -9.6 207 0 20.8 22.1 10.0 2.5 2 1 4 0 0
-3737.1 1132.2 -10.3 52 0 11.6 15.5 5.0 2.5 2 1 2 0 0
-3707.8 1476.4 -4.9 81 0 17.9 13.3 2.5 2.5 4 0 1 1 1
-3712.2 1471.3 -4.5 270 0 7.7 7.5 7.5 2.5 2 0 3 3 3
-3697.8 1472.1 -5.1 266 0 7.1 5.1 7.5 2.5 2 0 3 0 0
-3733.4 1453.9 -3.6 261 0 8.1 9.8 5.0 0.0 0 1 2 1 1
-3707.2 1433.9 -4.4 358 0 12.0 8.8 5.0 2.5 2 0 2 4 4
-3774.2 1445.3 -2.1 181 0 11.8 9.7 2.5 2.5 2 0 1 2 2
-3860.0 1427.5 1.1 91 0 15.5 15.9 7.5 2.5 2 1 3 1 1
-3728.0 1583.9 -1.4 349 0 16.9 11.8 7.5 2.5 2 0 3 5 5
-3786.5 2111.4 3.6 52 0 21.3 25.3 12.5 2.5 2 1 5 2 2
-945.3 963.2 -0.2 160 0 14.7 15.8 5.0 2.5 2 1 2 5 5
-970.2 885.7 0.7 42 0 13.9 14.5 5.0 2.5 4 1 2 5 5
-963.5 591.0 -14.8 86 0 11.6 12.7 7.5 2.5 2 1 3 5 5
-936.9 592.1 -14.4 89 0 13.3 10.9 5.0 2.5 2 0 2 3 3
-886.9 491.8 -9.9 88 0 13.3 18.2 7.5 2.5 4 1 3 2 2
-986.0 459.1 -9.6 273 0 13.5 19.6 12.5 2.5 4 1 5 4 4
-694.8 251.2 2.1 2 0 9.2 10.6 5.0 2.5 2 1 2 2 2
-684.2 332.1 6.3 341 0 14.8 10.5 5.0 2.5 2 0 2 2 2
-857.5 408.5 -4.8 252 0 10.8 9.8 5.0 2.5 2 0 2 4 4
-686.3 -143.8 -11.8 184 0 13.2 11.5 5.0 2.5 2 0 2 2 2
-909.2 42.5 -5.3 316 0 13.6 13.2 7.5 2.5 2 0 3 0 0
-927.5 -19.6 -7.9 46 0 9.4 12.2 5.0 0.0 0 1 2 0 0
-971.2 -75.3 -10.1 63 0 9.9 7.2 5.0 2.5 2 0 2 3 3
-1113.2 -109.6 -9.4 351 0 13.2 19.2 15.0 0.0 0 1 6 1 1
-1033.3 -93.0 -9.8 90 0 11.1 12.0 5.0 2.5 2 1 2 0 0
-1174.6 10.7 -1.9 276 0 9.8 14.0 7.5 2.5 2 1 3 4 4
-1211.7 48.8 1.1 196 0 10.4 15.1 7.5 0.0 0 1 3 3 3
-1411.1 -155.6 -8.4 162 0 19.2 65.0 10.0 2.5 2 1 4 1 1
-1313.1 -97.5 -5.4 50 0 16.6 21.2 12.5 2.5 2 1 5 1 1
-1230.0 13.9 -1.2 201 0 14.5 30.0 12.5 0.0 0 1 5 4 4
-1093.1 183.8 3.2 210 0 12.0 11.0 2.5 2.5 2 0 1 0 0
-1034.0 252.0 -1.1 131 0 16.3 13.8 5.0 2.5 2 0 2 3 3
-959.2 239.1 -0.1 58 0 8.5 10.6 5.0 2.5 2 1 2 3 3
-1035.0 500.3 -12.7 353 0 11.8 17.2 5.0 2.5 2 1 2 0 0
-1029.1 415.9 -8.8 184 0 15.0 16.6 5.0 2.5 2 1 2 0 0
-758.5 714.3 -6.2 55 0 19.4 19.4 12.5 0.0 0 0 5 1 1
-1240.7 329.3 -4.1 254 0 16.6 15.7 12.5 2.5 2 0 5 0 0
-1222.6 345.2 -5.1 255 0 14.6 18.4 10.0 2.5 2 1 4 3 3
-1250.8 357.0 -6.2 171 0 13.6 15.8 5.0 2.5 2 1 2 1 1
-1210.3 381.0 -7.6 346 0 13.6 14.7 5.0 2.5 2 1 2 0 0
-1220.6 417.9 -10.6 82 0 14.8 17.4 10.0 2.5 4 1 4 5 5
-1259.2 345.7 -5.8 22 0 12.3 24.0 7.5 2.5 2 1 3 0 0
-1306.1 401.5 -8.8 182 0 17.6 21.8 12.5 2.5 2 1 5 1 1
-1380.3 576.5 -13.3 108 0 13.7 17.0 5.0 2.5 4 1 2 3 3
-1365.0 644.1 -12.6 275 0 17.8 16.0 12.5 2.5 2 0 5 4 4
-1391.3 968.1 -0.2 131 0 11.7 16.0 5.0 2.5 2 1 2 2 2
-1710.5 491.5 -14.2 343 0 21.9 15.9 15.0 0.0 0 0 6 3 3
-1754.6 476.2 -15.0 167 0 17.3 13.7 5.0 2.5 2 0 2 5 5
-1774.9 497.7 -13.5 184 0 17.6 10.8 5.0 2.5 2 0 2 1 1
-1757.5 411.0 -16.5 156 0 16.0 12.6 7.5 2.5 2 0 3 3 3
-862.5 492.4 -9.5 86 0 13.1 19.7 10.0 2.5 2 1 4 4 4
3008.3 -1823.5 -13.7 247 0 15.5 26.2 10.0 2.5 2 1 4 0 0
2928.8 -1877.8 -17.3 130 0 14.7 25.3 12.5 2.5 2 1 5 5 5
2919.4 -2148.1 -7.7 173 0 22.4 26.1 12.5 2.5 2 1 5 4 4
2912.5 -2252.5 -7.3 181 0 19.2 13.7 7.5 2.5 2 0 3 1 1
2908.6 -2328.7 -10.7 185 0 14.8 12.6 5.0 2.5 4 0 2 1 1
2913.6 -2348.9 -12.2 205 0 15.4 15.2 7.5 2.5 4 0 3 5 5
3115.2 -2245.0 -15.7 33 0 22.2 22.8 12.5 2.5 2 1 5 2 2
3107.9 -2410.7 -8.8 4 0 16.6 20.2 15.0 0.0 0 1 6 0 0
3125.1 -2202.7 -15.3 178 0 17.4 13.7 5.0 2.5 4 0 2 4 4
3246.6 -2336.6 7.0 90 0 14.6 15.5 7.5 0.0 0 1 3 0 0
3240.2 -2317.3 4.2 71 0 11.3 16.0 5.0 2.5 2 0 2 1 1
3251.2 -2288.2 2.5 271 0 12.2 13.2 2.5 2.5 2 0 1 2 2
3240.8 -2264.6 -3.4 94 0 15.3 18.4 12.5 2.5 2 0 5 2 2
3151.6 -2308.9 -4.7 177 0 19.1 20.0 12.5 2.5 2 1 5 1 1
3258.0 -2202.9 -8.3 264 0 13.7 13.7 5.0 2.5 2 0 2 2 2
3270.7 -2308.4 5.1 354 0 11.9 14.7 7.5 2.5 2 1 3 3 3
3258.7 -2277.5 1.5 284 0 12.2 12.3 5.0 2.5 2 0 2 1 1
3277.4 -2284.4 2.2 187 0 15.8 19.2 12.5 2.5 2 1 5 5 5
3312.9 -2295.6 1.6 94 0 14.4 18.7 10.0 2.5 2 1 4 0 0
3291.2 -2250.6 -1.7 191 0 17.0 15.3 15.0 0.0 0 0 6 3 3
3305.8 -2210.6 -5.6 267 0 17.4 21.3 12.5 2.5 2 1 5 3 3
3227.1 -2273.8 0.1 265 0 11.5 12.9 7.5 2.5 4 1 3 1 1
3145.3 -2271.1 -7.7 197 0 7.6 8.4 7.5 2.5 2 1 3 2 2
3202.6 -1891.9 -4.9 344 0 36.8 19.5 12.5 0.0 0 0 5 4 4
3128.1 -1796.7 -5.4 270 0 28.0 16.3 10.0 2.5 2 0 4 0 0
3148.6 -1771.7 -9.1 91 0 16.7 31.8 10.0 2.5 2 0 4 1 1
3099.1 -1674.8 -12.3 187 0 23.6 26.2 12.5 0.0 0 0 5 1 1
3125.2 -1645.2 -13.6 270 0 14.4 18.3 10.0 2.5 2 0 4 5 5
3124.3 -1631.7 -14.5 0 0 13.8 16.8 5.0 2.5 2 1 2 1 1
3169.7 -1701.3 -12.1 8 0 16.3 15.7 10.0 2.5 4 0 4 2 2
3187.6 -1766.1 -9.8 84 0 12.9 18.7 10.0 2.5 2 1 4 5 5
3196.5 -1740.3 -10.6 350 0 11.3 10.1 5.0 0.0 0 0 2 5 5
3200.6 -1679.0 -14.2 84 0 21.8 18.3 7.5 2.5 2 0 3 3 3
3203.8 -1660.3 -14.9 80 0 15.6 15.2 2.5 2.5 2 0 1 0 0
3203.3 -1581.0 -17.6 266 0 15.8 20.4 7.5 2.5 2 1 3 3 3
3222.3 -1674.0 -14.5 88 0 15.2 18.7 10.0 2.5 2 1 4 0 0
3232.7 -1643.4 -15.6 14 0 16.6 17.9 7.5 2.5 2 1 3 1 1
3240.5 -1593.9 -16.6 7 0 22.9 9.8 5.0 2.5 4 0 2 4 4
3235.8 -1702.6 -12.5 275 0 17.5 15.1 7.5 2.5 2 0 3 4 4
3181.2 -1491.2 -14.6 84 0 18.3 17.4 10.0 2.5 2 0 4 2 2
3143.1 -1446.5 -17.1 68 0 18.4 15.2 10.0 2.5 2 0 4 4 4
3152.6 -1422.7 -15.6 78 0 16.3 27.5 15.0 0.0 0 1 6 1 1
3213.7 -1498.8 -12.8 90 0 14.3 23.1 15.0 0.0 0 1 6 1 1
3171.5 -1429.7 -13.4 163 0 16.9 14.7 10.0 2.5 2 0 4 4 4
3166.4 -1409.5 -13.4 167 0 15.4 16.6 12.5 0.0 0 1 5 2 2
3180.0 -1459.2 -14.0 81 0 18.4 21.6 10.0 2.5 2 0 4 0 0
3209.4 -1402.3 -11.0 359 0 17.5 16.6 10.0 2.5 4 0 4 0 0
3177.0 -1375.7 -13.1 341 0 19.3 15.2 15.0 0.0 0 0 6 5 5
3135.6 -1378.9 -15.4 171 0 19.3 21.5 12.5 2.5 2 1 5 0 0
3228.0 -1452.8 -10.8 358 0 19.5 21.0 10.0 2.5 2 1 4 3 3
3230.4 -1432.1 -9.5 357 0 14.8 14.5 5.0 2.5 2 0 2 4 4
3244.5 -1402.5 -8.8 2 0 20.6 26.5 12.5 2.5 2 1 5 4 4
3252.0 -1453.9 -8.7 16 0 17.2 16.0 10.0 2.5 2 0 4 0 0
3116.3 -1377.2 -17.0 166 0 15.7 13.3 5.0 2.5 2 0 2 4 4
3106.8 -1351.9 -17.2 166 0 23.0 13.8 10.0 0.0 0 0 4 5 5
3156.2 -1268.1 -13.1 351 0 35.3 19.5 12.5 0.0 0 0 5 1 1
3187.4 -1324.5 -10.6 270 0 14.5 14.0 5.0 2.5 2 0 2 5 5
3199.5 -1286.5 -8.9 272 0 14.1 20.8 10.0 0.0 0 1 4 2 2
3150.1 -1238.2 -13.0 0 0 16.3 21.5 17.5 0.0 0 1 7 2 2
3214.9 -1223.4 -5.6 90 0 13.1 13.0 2.5 2.5 2 0 1 0 0
3172.8 -1168.0 -8.1 82 0 12.7 18.9 10.0 2.5 2 1 4 1 1
3238.4 -1196.5 -3.6 359 0 17.3 13.1 2.5 0.0 0 0 1 0 0
3254.2 -1177.3 -2.0 353 0 31.7 15.4 15.0 0.0 0 0 6 5 5
3176.9 -995.2 -11.9 208 0 18.3 12.7 7.5 2.5 2 0 3 1 1
3239.6 -1122.6 -2.2 4 0 15.9 15.1 7.5 2.5 2 0 3 0 0
3184.3 -705.3 -6.3 50 0 17.0 22.1 12.5 2.5 2 1 5 3 3
3136.3 -625.1 -1.3 270 0 15.1 25.5 10.0 2.5 2 0 4 0 0
3133.5 -609.0 -2.0 187 0 24.5 16.4 10.0 2.5 2 0 4 4 4
3139.6 -584.4 -2.4 192 0 18.5 14.7 10.0 0.0 0 0 4 0 0
3141.2 -564.6 -3.2 191 0 18.5 15.7 10.0 2.5 2 0 4 3 3
3157.0 -633.1 1.5 176 0 15.2 16.0 5.0 2.5 2 1 2 4 4
3149.0 -538.4 -3.4 188 0 17.3 18.4 12.5 2.5 2 1 5 0 0
3165.0 -513.5 -2.6 180 0 17.3 15.1 12.5 2.5 2 0 5 1 1
3140.2 -381.2 -9.1 204 0 14.3 16.5 10.0 2.5 2 0 4 5 5
3169.8 -339.7 -8.1 246 0 13.1 15.1 2.5 2.5 2 1 1 0 0
3149.3 -241.0 -12.2 278 0 16.3 16.9 17.5 0.0 0 1 7 4 4
3139.2 -218.4 -6.9 108 0 22.5 12.8 15.0 0.0 0 0 6 4 4
3224.3 -309.6 -6.9 95 0 17.3 18.7 10.0 2.5 2 1 4 0 0
3176.5 -208.4 -7.4 17 0 16.5 16.6 10.0 2.5 2 1 4 0 0
3219.0 -236.5 -9.7 98 0 21.6 26.1 10.0 2.5 2 1 4 5 5
3213.6 -194.9 -9.0 188 0 16.2 23.3 12.5 2.5 2 0 5 3 3
3244.0 -215.5 -8.6 90 0 15.6 14.1 10.0 2.5 2 0 4 4 4
3284.1 -263.6 -4.3 289 0 15.1 16.4 5.0 2.5 2 1 2 5 5
3242.1 -325.4 -4.8 112 0 19.2 18.5 10.0 2.5 2 0 4 3 3
3363.9 -280.0 1.5 284 0 17.9 20.4 15.0 0.0 0 1 6 2 2
3417.7 -272.0 5.0 184 0 17.4 17.2 10.0 2.5 2 0 4 5 5
3390.0 -305.0 3.4 9 0 15.5 18.2 10.0 2.5 2 1 4 4 4
3429.8 -248.3 4.8 185 0 17.2 15.5 10.0 2.5 4 0 4 3 3
3422.6 -311.6 6.8 179 0 21.4 14.3 12.5 2.5 2 0 5 3 3
3475.3 -211.0 4.2 5 0 35.1 29.5 10.0 0.0 0 0 4 5 5
3442.0 -343.7 9.2 160 0 23.9 17.1 10.0 2.5 2 0 4 1 1
3468.0 -411.9 5.1 352 0 21.0 22.6 12.5 2.5 2 1 5 5 5
3489.6 -395.7 5.3 174 0 15.2 16.3 2.5 2.5 2 1 1 3 3
3493.6 -418.9 2.6 147 0 15.4 33.4 12.5 2.5 4 1 5 4 4
3460.5 -516.3 -10.2 168 0 29.3 23.0 10.0 0.0 0 0 4 2 2
3528.2 -458.7 -6.6 283 0 19.2 22.0 17.5 0.0 0 1 7 2 2
3485.7 -605.5 -11.4 268 0 20.3 20.4 10.0 0.0 0 1 4 5 5
3503.6 -662.7 -5.9 6 0 18.4 18.5 12.5 0.0 0 1 5 3 3
3476.8 -704.3 -2.9 182 0 18.5 16.7 12.5 2.5 2 0 5 3 3
3477.2 -749.8 1.3 186 0 16.6 14.8 7.5 2.5 2 0 3 1 1
3492.9 -726.8 -0.5 10 0 16.2 13.4 5.0 2.5 2 0 2 3 3
3539.8 -769.7 2.7 279 0 15.8 14.7 5.0 2.5 2 0 2 4 4
3535.9 -856.3 -0.4 88 0 16.2 15.5 12.5 2.5 4 0 5 2 2
3499.5 -896.8 -4.4 3 0 16.1 14.1 7.5 2.5 2 0 3 1 1
3546.9 -798.0 1.9 277 0 20.9 20.9 10.0 2.5 2 1 4 1 1
3486.4 -797.3 -0.3 164 0 15.0 15.0 2.5 2.5 2 0 1 2 2
3508.3 -801.3 -0.0 185 0 7.9 15.0 7.5 2.5 2 1 3 5 5
3470.7 -1181.1 -1.9 284 0 11.6 14.9 2.5 2.5 2 1 1 5 5
3550.9 -1222.4 -5.6 267 0 19.7 19.0 12.5 2.5 2 0 5 1 1
3488.9 -1483.2 -1.3 351 0 15.3 14.3 7.5 0.0 0 0 3 3 3
3472.1 -1523.4 -5.0 356 0 16.3 17.1 15.0 0.0 0 0 6 2 2
3650.4 -1773.2 -3.8 15 0 17.9 20.1 12.5 0.0 0 1 5 1 1
3610.4 -1881.3 -9.4 294 0 17.3 12.2 7.5 2.5 2 0 3 2 2
3568.3 -1922.8 -11.1 178 0 13.4 14.1 5.0 0.0 0 1 2 5 5
3545.6 -1952.2 -12.0 178 0 15.9 13.3 10.0 2.5 4 0 4 0 0
3672.0 -1945.4 -9.6 249 0 16.8 19.9 5.0 0.0 0 1 2 3 3
3620.7 -1914.6 -10.1 346 0 14.2 15.9 5.0 2.5 2 1 2 2 2
3749.2 -2025.0 -10.1 349 0 20.2 18.4 7.5 2.5 2 0 3 1 1
3760.0 -2095.1 -8.9 165 0 16.1 12.9 5.0 2.5 2 0 2 0 0
3797.5 -2106.0 -7.0 62 0 12.7 11.3 5.0 2.5 2 0 2 3 3
3699.4 -2252.2 -8.2 15 0 17.5 18.1 10.0 2.5 2 1 4 3 3
3671.2 -2292.2 -9.4 18 0 12.8 13.5 10.0 2.5 2 1 4 5 5
3741.0 -2254.3 -4.6 201 0 13.5 20.4 12.5 2.5 2 1 5 4 4
3783.3 -2283.5 -2.7 14 0 17.3 15.1 12.5 2.5 2 0 5 1 1
3725.3 -2179.5 -7.6 201 0 19.1 16.2 12.5 2.5 2 0 5 3 3
3722.4 -2270.5 -5.9 239 0 15.7 16.0 12.5 2.5 2 1 5 1 1
3716.6 -2458.4 -1.8 184 0 11.5 12.7 5.0 0.0 0 1 2 5 5
3722.3 -2503.4 -1.2 2 0 11.5 15.0 2.5 2.5 2 1 1 2 2
3769.1 -2485.0 3.2 92 0 9.9 13.9 7.5 2.5 2 0 3 1 1
3781.0 -2531.9 4.8 268 0 14.4 14.8 10.0 0.0 0 1 4 3 3
3677.3 -2519.2 -5.1 160 0 12.8 10.6 7.5 2.5 4 0 3 3 3
3729.1 -2526.5 -1.4 358 0 15.4 13.9 5.0 2.5 2 0 2 3 3
3715.6 -2476.8 -1.1 176 0 16.0 13.4 5.0 2.5 2 0 2 3 3
3633.1 -2467.9 -9.6 264 0 13.8 18.1 12.5 2.5 2 1 5 5 5
3607.3 -2515.5 -11.9 84 0 18.1 12.0 2.5 2.5 2 0 1 3 3
3512.6 -2509.2 -11.3 10 0 13.8 14.7 2.5 2.5 2 1 1 3 3
3361.8 -2246.1 -4.5 284 0 20.0 17.2 10.0 2.5 2 0 4 3 3
3354.6 -2302.1 -0.3 100 0 20.2 19.1 10.0 2.5 2 0 4 3 3
3394.9 -2310.6 -2.4 97 0 17.4 19.1 12.5 2.5 2 1 5 2 2
3420.2 -2311.7 -5.0 84 0 21.7 19.2 12.5 2.5 2 0 5 2 2
3214.4 -2551.9 -7.3 288 0 27.0 21.7 10.0 0.0 0 0 4 2 2
3297.0 -2546.0 -7.7 95 0 18.2 20.3 12.5 2.5 4 1 5 5 5
3343.3 -2554.2 -9.9 61 0 20.5 21.0 10.0 2.5 4 1 4 3 3
3425.1 -2501.0 -8.2 26 0 14.3 19.3 12.5 2.5 2 0 5 1 1
3400.4 -2549.1 -11.6 141 0 17.4 13.9 5.0 0.0 0 0 2 5 5
3473.5 -2423.1 -2.7 19 0 13.2 27.7 10.0 2.5 2 0 4 4 4
3417.0 -2433.4 -2.6 267 0 12.6 18.2 7.5 2.5 2 1 3 1 1
3487.9 -2531.7 -11.2 356 0 21.6 15.4 12.5 2.5 4 0 5 1 1
3463.7 -2480.7 -9.7 210 0 18.6 18.0 12.5 2.5 2 0 5 1 1
3771.0 -2316.6 -2.6 92 0 10.7 12.8 5.0 2.5 2 1 2 5 5
3783.7 -2484.5 4.0 77 0 11.7 14.6 10.0 2.5 2 0 4 1 1
3778.6 -2449.9 2.1 3 0 12.0 9.1 5.0 2.5 2 0 2 4 4
3807.1 -2481.1 5.3 359 0 13.0 17.0 7.5 2.5 2 0 3 1 1
3776.1 -2218.8 -3.3 203 0 14.1 15.8 7.5 2.5 2 1 3 5 5
3784.6 -2177.3 -4.2 212 0 19.7 10.2 10.0 2.5 2 0 4 5 5
3851.3 -2140.8 -2.3 298 0 15.5 15.8 5.0 0.0 0 1 2 4 4
3880.1 -2081.3 -2.9 270 0 16.2 21.8 10.0 2.5 2 1 4 2 2
3919.8 -2155.6 1.1 103 0 13.1 16.3 5.0 2.5 2 1 2 3 3
-5365.0 -1117.1 -9.5 288 0 11.5 26.7 12.5 2.5 2 0 5 4 4
-5387.0 -1084.3 -6.7 289 0 8.3 13.8 5.0 2.5 4 1 2 3 3
-5431.3 -1094.0 -7.9 181 0 14.6 16.6 7.5 2.5 2 1 3 2 2
-5430.5 -1150.4 -8.8 45 0 17.7 14.7 10.0 2.5 2 0 4 5 5
-5460.0 -1111.4 -7.9 213 0 10.9 8.7 5.0 2.5 2 0 2 2 2
-5482.4 -1137.8 -8.3 205 0 13.0 20.4 10.0 0.0 0 1 4 1 1
-5514.1 -1189.4 -8.9 210 0 18.3 25.2 10.0 0.0 0 1 4 3 3
-5525.4 -1209.4 -8.8 209 0 13.9 11.1 5.0 2.5 2 0 2 1 1
-5583.5 -1276.3 -9.0 221 0 15.5 13.9 7.5 2.5 2 0 3 3 3
-5627.7 -1320.0 -8.9 235 0 13.1 21.6 12.5 2.5 4 1 5 0 0
-5660.9 -1361.3 -9.3 241 0 13.6 20.6 10.0 2.5 2 1 4 4 4
-5884.7 -1396.2 -2.7 218 0 13.1 18.1 5.0 0.0 0 1 2 5 5
-5859.3 -1411.3 -3.9 247 0 10.6 19.9 7.5 2.5 2 1 3 3 3
-5805.3 -1379.7 -2.2 276 0 12.3 12.1 5.0 2.5 2 0 2 2 2
-5779.6 -1432.9 -5.9 175 0 12.6 11.5 7.5 2.5 2 0 3 4 4
-5786.8 -1459.0 -6.6 345 0 12.1 18.2 5.0 2.5 2 1 2 3 3
-5772.1 -1465.0 -8.7 166 0 13.1 15.1 7.5 0.0 0 1 3 0 0
-5841.4 -1519.2 -9.0 63 0 15.8 18.8 12.5 2.5 2 0 5 1 1
-5859.1 -1484.6 -7.3 152 0 12.3 13.6 7.5 2.5 2 1 3 1 1
-5782.8 -1510.6 -10.4 351 0 8.9 22.2 7.5 2.5 2 1 3 2 2
-5781.5 -1487.0 -8.9 340 0 10.6 17.6 5.0 2.5 2 1 2 4 4
-5789.4 -1561.2 -10.0 65 0 14.9 14.1 5.0 2.5 2 0 2 1 1
-5749.5 -1481.0 -10.7 165 0 13.5 17.5 7.5 2.5 2 1 3 5 5
-5599.9 -1295.6 -8.9 230 0 15.0 13.4 7.5 2.5 2 0 3 3 3
-5481.5 -1171.0 -8.5 30 0 13.8 16.8 12.5 2.5 2 1 5 4 4
-5353.7 -1092.6 -7.4 283 0 11.3 25.1 12.5 2.5 2 1 5 3 3
-5275.1 -1162.7 -10.4 272 0 13.3 19.3 10.0 2.5 2 1 4 1 1
-5264.8 -1206.2 -11.8 90 0 12.4 16.7 2.5 0.0 0 1 1 3 3
-5271.1 -1137.2 -7.5 279 0 11.6 12.4 2.5 2.5 4 1 1 0 0
-5261.6 -1122.8 -5.8 285 0 8.2 10.6 7.5 2.5 2 1 3 5 5
-5220.6 -1135.1 -6.0 298 0 7.7 14.8 5.0 2.5 2 1 2 1 1
-5189.8 -1152.1 -7.0 299 0 12.3 14.4 5.0 2.5 2 1 2 3 3
-5679.8 -1546.8 0.2 79 0 11.6 15.3 7.5 2.5 2 1 3 4 4
-5705.0 -1579.5 2.6 160 0 9.0 15.4 7.5 0.0 0 1 3 5 5
-5652.5 -1513.5 -1.0 271 0 18.0 13.9 15.0 0.0 0 0 6 1 1
-5636.5 -1498.4 -2.3 250 0 9.4 7.8 7.5 2.5 2 0 3 2 2
-5616.8 -1491.6 -3.3 260 0 15.3 15.0 7.5 2.5 2 0 3 5 5
-5606.7 -1525.9 -2.4 85 0 19.1 13.9 10.0 2.5 4 0 4 5 5
-5573.4 -1484.8 -4.8 270 0 8.8 9.3 7.5 2.5 2 1 3 4 4
-5523.2 -1532.8 -4.2 78 0 11.4 12.6 7.5 0.0 0 1 3 1 1
-5486.7 -1458.9 -3.4 246 0 13.1 11.0 5.0 2.5 2 0 2 5 5
-5583.6 -1573.6 0.2 244 0 15.3 23.3 12.5 2.5 2 1 5 3 3
-5568.9 -1568.9 -0.3 258 0 8.5 10.9 7.5 0.0 0 1 3 4 4
-5560.0 -1571.2 -1.0 166 0 11.7 11.7 7.5 2.5 2 1 3 1 1
-5517.5 -1549.0 -3.0 6 0 12.1 13.4 7.5 2.5 2 1 3 1 1
-5536.9 -1667.2 3.5 157 0 19.7 10.3 5.0 2.5 2 0 2 3 3
-2496.5 496.2 -13.3 286 0 15.4 12.5 7.5 2.5 4 0 3 2 2
-2321.6 613.1 -8.8 57 0 9.2 13.1 7.5 2.5 4 1 3 3 3
-2177.7 421.4 -12.2 73 0 11.4 14.2 5.0 2.5 4 1 2 1 1
-2135.7 411.2 -12.1 77 0 12.1 15.9 5.0 2.5 2 1 2 5 5
-2076.5 344.4 -8.9 107 0 19.0 22.1 7.5 2.5 2 1 3 1 1
-1992.7 765.8 -14.7 165 0 18.9 15.6 10.0 2.5 2 0 4 3 3
-1987.9 746.9 -16.3 167 0 18.5 18.8 12.5 2.5 2 0 5 2 2
2897.5 448.2 -2.8 358 0 13.2 17.6 7.5 2.5 4 1 3 4 4
2913.1 480.6 -3.1 196 0 22.9 17.8 15.0 0.0 0 0 6 4 4
2937.1 511.7 -6.4 232 0 11.0 12.3 7.5 2.5 2 1 3 4 4
6490.3 -450.8 4.7 181 0 16.1 12.1 5.0 2.5 2 0 2 5 5
6566.4 -495.1 -0.4 355 0 15.3 11.6 5.0 0.0 0 0 2 5 5
6497.9 -390.7 3.9 177 0 16.7 20.0 12.5 2.5 2 1 5 0 0
6534.1 -381.7 1.3 174 0 28.7 8.4 5.0 0.0 0 0 2 5 5
6528.2 -510.0 -0.1 71 0 11.2 23.8 10.0 2.5 2 1 4 0 0
6538.4 -287.9 -2.8 293 0 11.2 14.6 5.0 2.5 2 1 2 0 0
6495.3 -353.6 3.3 168 0 9.6 16.1 7.5 2.5 2 1 3 0 0
6541.0 -320.6 -1.4 273 0 9.6 12.2 5.0 0.0 0 1 2 0 0
6562.9 -331.1 -2.7 349 0 10.4 10.5 7.5 2.5 2 1 3 0 0
6565.3 -313.6 -3.7 327 0 7.2 9.4 5.0 2.5 2 1 2 0 0
6551.0 -464.2 2.2 352 0 11.3 10.6 5.0 2.5 2 0 2 2 2
6578.8 -336.2 -3.8 334 0 10.6 10.6 10.0 2.5 2 1 4 0 0
3298.7 -1278.3 1.4 169 0 17.7 15.0 12.5 2.5 2 0 5 2 2
3353.2 -1301.8 3.9 346 0 23.8 21.3 10.0 2.5 2 0 4 2 2
3310.3 -1345.5 1.0 162 0 23.8 19.8 10.0 2.5 4 0 4 1 1
3362.4 -1354.1 2.7 338 0 14.1 13.5 5.0 2.5 2 0 2 5 5
3409.3 -1146.1 -3.5 9 0 17.1 19.2 7.5 0.0 0 1 3 1 1
3318.9 -1026.3 -2.6 319 0 15.6 16.4 10.0 2.5 2 1 4 1 1
3261.3 -1146.7 0.7 180 0 16.6 19.1 12.5 0.0 0 1 5 2 2
3330.7 -1199.3 4.1 62 0 17.1 19.3 10.0 2.5 2 1 4 0 0
3414.9 -950.0 -3.1 118 0 8.9 18.0 5.0 2.5 2 1 2 2 2
3353.8 -231.9 -1.2 61 0 10.4 10.7 5.0 2.5 2 1 2 4 4
3678.7 -352.2 8.7 274 0 12.0 15.6 7.5 2.5 4 1 3 2 2
3680.0 -419.3 3.7 77 0 12.7 14.5 7.5 2.5 2 1 3 4 4
3598.3 -460.3 -2.6 96 0 10.5 9.6 7.5 2.5 2 0 3 3 3
3681.0 -446.2 -0.3 266 0 15.1 14.4 5.0 2.5 2 0 2 3 3
3707.2 -448.9 -0.2 285 0 14.4 18.8 5.0 2.5 2 1 2 2 2
3684.7 -721.7 -6.4 173 0 19.9 16.8 12.5 2.5 2 0 5 5 5
3608.6 -846.2 6.1 90 0 14.9 18.2 10.0 2.5 2 1 4 1 1
3733.9 -703.6 -8.7 354 0 15.2 14.3 10.0 2.5 2 0 4 2 2
3709.7 -812.1 0.8 10 0 22.3 13.0 12.5 2.5 2 0 5 2 2
3505.2 -763.2 0.9 273 0 12.0 12.4 5.0 2.5 2 1 2 0 0
3643.6 -1103.4 -3.7 128 0 10.0 13.1 5.0 2.5 2 1 2 4 4
3792.7 -1167.7 1.4 233 0 19.8 14.2 10.0 2.5 4 0 4 1 1
3826.2 -1329.3 7.3 180 0 19.5 22.4 10.0 0.0 0 1 4 1 1
3747.4 -1309.6 1.2 85 0 13.1 15.4 5.0 2.5 2 0 2 1 1
3726.3 -1297.9 0.0 175 0 13.8 14.8 10.0 2.5 2 0 4 3 3
3835.5 -1238.5 4.2 28 0 25.5 20.0 12.5 0.0 0 0 5 0 0
3859.7 -1191.9 5.9 198 0 15.5 18.7 12.5 2.5 2 1 5 4 4
3868.0 -1165.2 6.6 196 0 18.8 16.3 12.5 2.5 2 0 5 4 4
3794.9 -1151.0 2.7 79 0 16.7 24.9 12.5 2.5 2 1 5 3 3
-5347.8 -1239.1 -11.5 78 0 13.9 12.5 5.0 2.5 2 0 2 1 1
-5329.5 -1263.9 -12.2 161 0 13.2 12.1 2.5 2.5 2 0 1 4 4
-5302.5 -1343.4 -10.5 75 0 18.7 11.4 7.5 2.5 2 0 3 4 4
-5341.1 -1336.7 -11.3 65 0 7.9 12.7 7.5 0.0 0 1 3 5 5
4223.7 -169.3 3.2 18 0 18.8 8.7 5.0 2.5 2 0 2 3 3
4206.5 -289.1 4.7 263 0 9.6 13.1 7.5 0.0 0 1 3 5 5
4132.8 -441.6 0.9 87 0 5.8 11.4 5.0 2.5 2 1 2 2 2
4241.7 -396.4 -3.3 2 0 6.9 8.3 7.5 2.5 2 1 3 5 5
4226.8 -294.3 3.5 171 0 16.8 8.6 2.5 2.5 2 0 1 1 1
4250.9 -344.9 0.8 178 0 6.9 7.0 5.0 2.5 2 1 2 0 0
4248.3 -185.4 0.7 177 0 10.5 6.2 7.5 2.5 2 0 3 5 5
4258.6 -466.7 -1.8 1 0 8.2 12.1 5.0 2.5 2 1 2 1 1
4101.3 -544.0 -2.4 260 0 6.5 10.9 2.5 0.0 0 1 1 3 3
4163.9 -536.2 -1.0 270 0 5.2 10.2 5.0 2.5 2 1 2 0 0
4101.5 -579.4 -1.1 166 0 8.9 6.4 7.5 2.5 2 0 3 0 0
4109.4 -577.1 -0.9 164 0 7.3 4.6 5.0 2.5 2 0 2 1 1
4137.7 -578.3 -0.3 89 0 5.5 7.2 2.5 0.0 0 1 1 3 3
4153.3 -576.6 0.1 87 0 5.4 6.2 7.5 2.5 2 1 3 3 3
4171.4 -536.5 -0.8 269 0 5.5 6.7 7.5 2.5 2 1 3 3 3
4194.0 -536.8 -0.2 273 0 6.5 8.3 7.5 2.5 2 1 3 3 3
4201.3 -537.2 0.1 267 0 5.8 8.8 5.0 2.5 4 1 2 1 1
4223.6 -572.5 1.8 84 0 3.3 9.4 7.5 2.5 2 1 3 0 0
4269.6 -442.5 -2.1 171 0 7.9 4.8 7.5 2.5 2 0 3 4 4
4298.6 -1234.6 -6.5 195 0 8.4 6.2 2.5 2.5 4 0 1 5 5
4268.5 -1274.7 -8.6 54 0 7.5 8.9 7.5 2.5 4 1 3 2 2
4345.0 -1289.3 -2.7 10 0 8.8 7.2 7.5 2.5 2 0 3 3 3
4336.0 -1299.0 -3.0 94 0 6.9 4.4 5.0 2.5 2 0 2 4 4
4357.9 -1223.7 -1.7 12 0 12.5 7.5 2.5 2.5 2 0 1 4 4
4267.9 -921.7 -3.9 218 0 6.9 9.3 5.0 2.5 2 1 2 1 1
4249.0 -961.1 -4.4 78 0 5.9 9.3 2.5 2.5 2 1 1 3 3
4325.5 -882.5 -3.3 324 0 9.6 4.8 7.5 2.5 2 0 3 0 0
4315.2 -854.7 -1.4 277 0 4.4 7.9 5.0 2.5 2 1 2 3 3
4233.7 -252.0 1.1 177 0 4.9 6.9 2.5 2.5 2 1 1 5 5
4228.5 -241.2 0.6 173 0 13.6 14.9 7.5 2.5 2 1 3 4 4
4252.2 -234.9 -0.2 355 0 5.4 6.7 7.5 2.5 2 1 3 2 2
4460.1 -201.2 -0.6 357 0 5.1 9.8 7.5 0.0 0 1 3 2 2
4402.2 -760.4 1.0 305 0 9.0 13.9 5.0 2.5 4 1 2 0 0
4389.8 -772.2 1.0 299 0 8.3 5.4 2.5 0.0 0 0 1 2 2
4356.2 -729.5 4.6 295 0 7.6 9.6 5.0 2.5 2 1 2 0 0
4362.3 -753.8 3.1 296 0 4.6 7.6 7.5 2.5 2 1 3 1 1
4346.2 -801.4 0.7 194 0 4.2 7.5 7.5 2.5 2 1 3 1 1
4411.8 -910.0 -3.2 200 0 11.4 6.2 7.5 2.5 2 0 3 4 4
4417.6 -891.8 -4.8 182 0 10.2 9.7 5.0 2.5 2 0 2 2 2
4427.2 -960.4 1.2 118 0 9.0 10.4 2.5 2.5 2 1 1 5 5
4439.0 -967.3 2.3 121 0 9.6 10.5 7.5 2.5 2 1 3 3 3
4442.3 -939.4 -0.1 117 0 8.3 7.4 2.5 2.5 2 0 1 1 1
4449.3 -952.6 1.2 123 0 5.1 10.0 7.5 2.5 2 1 3 0 0
4448.4 -874.1 -5.7 188 0 11.7 5.8 7.5 2.5 4 0 3 5 5
4448.3 -813.9 -3.7 284 0 9.4 7.5 2.5 2.5 2 0 1 1 1
-4776.4 -1208.5 -16.1 164 0 11.3 14.0 7.5 2.5 2 1 3 5 5
-4688.9 -1243.7 -17.5 155 0 11.4 29.8 10.0 2.5 4 1 4 2 2
-4697.9 -1253.6 -17.8 343 0 10.3 16.4 2.5 2.5 4 1 1 2 2
-4680.5 -1289.1 -17.8 326 0 16.5 25.8 10.0 2.5 2 1 4 5 5
-4656.6 -1234.9 -17.1 173 0 12.3 8.6 5.0 2.5 2 0 2 0 0
-4696.3 -1199.6 -16.9 153 0 13.4 10.0 7.5 2.5 2 0 3 2 2
-4616.2 -1183.6 -16.3 11 0 9.7 32.3 7.5 2.5 2 1 3 4 4
-4641.7 -1225.4 -16.9 175 0 8.2 9.4 2.5 0.0 0 1 1 3 3
-4681.0 -1164.9 -15.9 200 0 6.3 16.0 5.0 2.5 2 1 2 0 0
-4619.6 -1263.1 -17.4 187 0 3.2 9.8 7.5 2.5 2 1 3 4 4
-4566.1 -1244.0 -17.0 358 0 10.7 8.4 5.0 2.5 2 0 2 4 4
-4551.1 -1228.0 -16.5 359 0 11.3 6.4 5.0 2.5 2 0 2 3 3
-4634.4 -1252.5 -17.0 104 0 13.2 14.3 5.0 2.5 2 1 2 1 1
-4602.7 -1249.2 -17.0 184 0 7.6 8.6 2.5 2.5 2 1 1 2 2
-4586.5 -1257.2 -17.5 282 0 7.0 11.5 5.0 2.5 2 1 2 2 2
-4638.5 -1373.9 -16.6 328 0 11.2 22.1 7.5 2.5 2 1 3 1 1
-4598.2 -1397.7 -16.6 331 0 15.9 20.8 7.5 2.5 4 1 3 4 4
-4659.4 -1351.6 -17.0 329 0 11.0 19.9 5.0 2.5 2 1 2 2 2
-4548.1 -1357.5 -17.3 348 0 4.2 10.4 5.0 2.5 4 1 2 4 4
-4516.0 -1294.6 -17.8 74 0 13.8 11.1 5.0 2.5 2 0 2 0 0
-4544.7 -1250.8 -17.1 1 0 6.3 8.6 5.0 2.5 2 1 2 3 3
-4530.4 -1148.4 -15.4 309 0 7.8 8.8 7.5 2.5 2 1 3 2 2
-4682.2 -1416.9 -15.2 150 0 14.1 14.2 7.5 2.5 2 1 3 1 1
-4624.4 -1582.4 -14.4 180 0 10.8 6.5 2.5 2.5 2 0 1 0 0
-4544.3 -1523.7 -15.8 243 0 8.8 14.2 5.0 0.0 0 1 2 5 5
-4537.7 -1541.8 -15.8 263 0 11.0 11.8 5.0 2.5 2 1 2 1 1
-4645.4 -1517.7 -14.8 232 0 12.9 11.7 10.0 0.0 0 0 4 5 5
-4624.8 -1486.2 -15.2 226 0 9.7 9.7 2.5 2.5 2 1 1 2 2
-4587.9 -1476.9 -15.7 313 0 26.9 23.2 7.5 0.0 0 0 3 2 2
-4636.8 -1494.2 -14.9 225 0 8.4 9.3 2.5 2.5 2 1 1 3 3
-4696.9 -1612.3 -13.5 205 0 13.8 14.7 10.0 0.0 0 1 4 3 3
-4675.9 -1633.2 -13.6 187 0 13.3 17.2 10.0 2.5 2 1 4 2 2
-4682.8 -1658.3 -13.3 184 0 8.5 6.7 7.5 2.5 2 0 3 0 0
-4668.3 -1651.2 -13.6 191 0 7.8 6.5 5.0 2.5 2 0 2 2 2
-4635.7 -1667.1 -14.0 95 0 10.6 8.5 5.0 2.5 2 0 2 5 5
-4670.4 -1694.7 -13.4 182 0 6.3 7.7 7.5 2.5 2 1 3 5 5
-4653.3 -1638.4 -13.9 186 0 8.0 10.1 2.5 2.5 2 1 1 3 3
-4599.2 -1660.1 -14.6 85 0 11.1 10.6 7.5 2.5 2 0 3 5 5
-4599.9 -1628.2 -14.7 78 0 6.8 7.5 5.0 2.5 2 1 2 0 0
-4465.6 -1622.0 -16.8 247 0 12.6 19.3 7.5 2.5 2 1 3 2 2
-4397.7 -1672.3 -17.6 333 0 6.0 25.9 7.5 2.5 2 1 3 4 4
4495.4 -937.2 0.7 22 0 7.3 11.8 7.5 2.5 2 1 3 0 0
4487.9 -815.8 -4.8 1 0 6.0 8.6 7.5 2.5 2 1 3 1 1
4519.2 -905.8 -1.3 46 0 11.5 5.3 2.5 2.5 2 0 1 4 4
4462.9 -780.8 -1.9 118 0 9.8 15.5 7.5 2.5 4 1 3 0 0
4524.3 -797.9 -5.2 113 0 6.9 10.7 7.5 2.5 2 1 3 5 5
4659.3 -1343.2 3.3 95 0 5.9 8.6 5.0 0.0 0 1 2 4 4
4694.4 -1276.7 10.0 350 0 11.0 9.6 7.5 2.5 4 0 3 0 0
5055.5 -1246.4 -6.6 357 0 10.0 9.2 7.5 2.5 2 0 3 2 2
5085.0 -1171.2 -6.2 181 0 6.7 4.9 2.5 2.5 4 0 1 3 3
5242.0 -1128.1 6.2 183 0 8.2 8.2 7.5 0.0 0 1 3 1 1
5203.9 -1076.1 1.2 93 0 6.1 9.9 7.5 2.5 2 1 3 3 3
5273.1 -1008.0 -1.5 177 0 6.7 9.1 2.5 2.5 2 1 1 3 3
5263.3 -1009.8 -1.9 87 0 4.0 7.9 5.0 2.5 2 1 2 3 3
5298.2 -972.9 -3.3 278 0 9.3 6.0 7.5 2.5 2 0 3 0 0
5009.5 -1037.0 -1.9 180 0 13.0 13.7 5.0 2.5 2 1 2 5 5
5030.5 -989.6 -4.3 321 0 8.3 8.2 5.0 2.5 2 0 2 5 5
4983.0 -1000.1 2.9 139 0 8.5 9.1 2.5 2.5 2 1 1 2 2
4982.8 -970.1 2.3 119 0 9.9 11.1 7.5 2.5 2 1 3 5 5
4914.4 -883.1 -0.1 217 0 6.9 21.4 5.0 2.5 2 1 2 3 3
4532.4 -915.4 0.2 199 0 12.5 9.5 2.5 2.5 4 0 1 2 2
4577.5 -879.8 -1.7 285 0 9.6 10.9 5.0 2.5 2 1 2 2 2
-6379.5 -129.1 -14.3 330 0 13.8 12.3 7.5 2.5 2 0 3 4 4
-6508.3 -119.5 -8.8 28 0 9.1 17.2 7.5 2.5 2 1 3 3 3
-5178.1 1285.5 -12.8 343 0 13.6 28.4 12.5 2.5 2 1 5 3 3
-5592.1 1182.8 -9.0 42 0 10.7 14.3 7.5 0.0 0 1 3 5 5
-5647.6 1240.5 -11.3 209 0 10.2 14.5 5.0 2.5 2 1 2 2 2
-6117.0 704.4 -14.7 88 0 15.0 8.1 5.0 0.0 0 0 2 1 1
-6098.1 744.3 -14.0 260 0 22.4 10.0 2.5 2.5 2 0 1 2 2
-6073.6 747.2 -13.8 255 0 17.4 6.6 7.5 2.5 2 0 3 5 5
4500.0 -765.3 -2.1 86 0 3.8 8.8 7.5 2.5 2 1 3 2 2
4546.0 -784.4 -4.9 97 0 5.2 6.8 5.0 2.5 2 1 2 4 4
4608.8 -861.9 -4.0 89 0 10.0 16.0 2.5 2.5 2 1 1 1 1
4620.6 -791.2 -8.0 2 0 7.3 8.8 7.5 2.5 2 1 3 3 3
4666.0 -777.1 -8.4 23 0 9.0 11.6 5.0 2.5 2 1 2 2 2
4635.0 -858.2 -2.8 87 0 6.8 7.6 2.5 2.5 2 1 1 2 2
4651.9 -866.8 -2.0 94 0 10.5 11.6 7.5 2.5 2 1 3 0 0
4651.8 -885.4 1.1 268 0 7.8 13.0 5.0 2.5 4 1 2 3 3
4662.1 -878.9 1.0 267 0 4.8 6.9 7.5 2.5 4 1 3 5 5
4668.9 -852.5 -2.5 88 0 7.6 7.3 5.0 2.5 2 0 2 0 0
4727.3 -846.4 -0.8 103 0 13.0 8.0 7.5 2.5 4 0 3 5 5
4763.6 -885.2 6.6 280 0 9.6 14.0 5.0 0.0 0 1 2 2 2
4791.2 -879.9 7.6 266 0 8.6 6.8 5.0 2.5 2 0 2 4 4
4788.7 -855.3 3.2 106 0 9.0 12.0 5.0 2.5 2 1 2 0 0
4808.4 -843.4 2.6 84 0 7.7 7.2 5.0 2.5 2 0 2 0 0
4803.0 -810.1 -0.6 288 0 9.8 6.9 7.5 2.5 2 0 3 1 1
4769.3 -849.1 2.1 98 0 4.4 7.2 5.0 2.5 2 1 2 0 0
4841.6 -837.8 1.1 287 0 14.5 7.4 5.0 2.5 2 0 2 1 1
5002.5 -689.5 4.0 86 0 5.9 13.1 7.5 2.5 2 1 3 0 0
4919.2 -644.5 5.0 107 0 7.6 6.9 2.5 2.5 2 0 1 1 1
4903.4 -659.5 1.2 276 0 6.0 11.7 7.5 2.5 2 1 3 2 2
4883.0 -609.8 5.4 251 0 10.2 8.8 7.5 2.5 2 0 3 0 0
4838.4 -630.0 1.5 110 0 11.8 10.0 5.0 2.5 4 0 2 1 1
4810.5 -640.1 -2.3 274 0 5.7 7.1 7.5 2.5 2 1 3 4 4
4773.2 -579.2 0.2 125 0 13.6 8.6 5.0 2.5 2 0 2 1 1
4606.0 -435.8 -2.7 173 0 9.2 7.8 2.5 2.5 2 0 1 0 0
4600.0 -403.5 -0.4 159 0 5.3 5.7 7.5 2.5 4 1 3 0 0
4589.8 -353.6 2.4 97 0 4.2 15.1 5.0 2.5 2 1 2 0 0
4556.3 -255.7 3.6 268 0 6.0 8.5 2.5 2.5 2 1 1 5 5
4510.4 -229.2 -0.8 185 0 10.6 7.4 7.5 2.5 2 0 3 0 0
4483.1 -185.8 0.3 160 0 7.4 10.0 7.5 2.5 2 1 3 5 5
4550.4 -189.2 0.5 8 0 4.9 9.2 5.0 2.5 2 1 2 2 2
4599.6 -285.9 6.3 273 0 6.6 5.8 5.0 2.5 2 0 2 4 4
4868.5 -202.9 19.3 4 0 6.8 11.8 7.5 2.5 2 1 3 0 0
4905.7 -180.5 14.6 83 0 5.5 8.5 5.0 0.0 0 1 2 1 1
5109.7 -301.2 4.3 197 0 10.5 7.5 5.0 2.5 2 0 2 4 4
5242.1 -337.6 6.9 294 0 6.4 8.1 2.5 2.5 4 1 1 5 5
5223.3 -386.0 10.4 176 0 9.0 12.2 7.5 2.5 2 1 3 3 3
5179.1 -399.1 11.3 31 0 9.0 7.1 5.0 2.5 2 0 2 5 5
5140.4 -444.7 14.2 189 0 12.9 19.3 2.5 0.0 0 1 1 2 2
5146.6 -509.6 17.1 23 0 14.0 16.1 5.0 2.5 4 1 2 5 5
5177.4 -529.5 19.5 184 0 8.2 8.2 5.0 2.5 2 1 2 0 0
5002.2 -720.9 1.1 199 0 7.5 12.3 2.5 2.5 2 1 1 4 4
5064.0 -700.3 4.7 96 0 12.3 10.3 2.5 2.5 2 0 1 0 0
5121.3 -694.1 6.6 199 0 8.3 7.4 5.0 2.5 4 0 2 0 0
5032.1 -714.8 2.2 295 0 8.6 6.2 5.0 2.5 4 0 2 5 5
5085.8 -665.6 7.8 358 0 5.9 6.2 5.0 2.5 2 1 2 1 1
5226.9 -724.4 6.2 268 0 7.1 6.1 7.5 2.5 2 0 3 1 1
5144.4 -741.0 3.5 95 0 10.5 7.2 5.0 2.5 2 0 2 5 5
5382.5 -2319.3 -13.9 87 0 22.9 18.2 10.0 2.5 2 0 4 0 0
5420.5 -2305.8 -11.1 102 0 15.3 12.5 5.0 2.5 2 0 2 1 1
5467.8 -2308.5 -8.4 90 0 15.1 15.2 7.5 2.5 2 1 3 0 0
5330.7 -2153.6 -10.7 176 0 15.7 10.8 5.0 2.5 2 0 2 5 5
5389.6 -2130.8 -5.7 267 0 11.2 13.7 7.5 2.5 2 1 3 0 0
5452.6 -2184.8 -4.9 342 0 12.6 14.6 2.5 2.5 2 1 1 0 0
5518.1 -2094.1 -5.0 356 0 13.0 11.9 7.5 2.5 2 0 3 3 3
5512.4 -2077.0 -4.3 12 0 10.3 10.6 5.0 2.5 2 1 2 5 5
5564.4 -2124.4 -6.3 355 0 15.6 13.0 5.0 2.5 2 0 2 1 1
5591.9 -2237.7 0.0 89 0 10.4 10.0 2.5 2.5 2 0 1 1 1
5633.0 -2045.2 -11.9 79 0 15.2 16.2 7.5 2.5 2 1 3 0 0
5580.0 -2037.7 -8.3 268 0 12.5 14.5 7.5 2.5 4 1 3 5 5
5323.5 -1947.4 2.2 104 0 12.8 12.6 7.5 2.5 2 0 3 0 0
5336.2 -1872.3 3.2 357 0 15.1 13.5 10.0 2.5 2 0 4 3 3
5334.5 -1816.9 3.4 271 0 11.5 10.0 7.5 2.5 2 0 3 2 2
5440.9 -1848.9 3.8 352 0 11.4 13.9 2.5 2.5 4 1 1 5 5
5450.4 -1794.6 4.9 95 0 13.4 12.5 5.0 2.5 4 0 2 4 4
5515.4 -1760.2 5.2 275 0 13.5 16.1 10.0 2.5 2 1 4 1 1
5385.1 -1690.1 -3.1 26 0 13.9 14.2 2.5 2.5 2 1 1 3 3
5396.6 -1695.3 -1.5 197 0 11.9 9.8 7.5 2.5 2 0 3 1 1
5410.4 -1581.3 -8.6 351 0 11.0 18.0 5.0 0.0 0 1 2 5 5
5496.4 -1599.6 -7.3 175 0 14.9 19.1 12.5 2.5 2 1 5 3 3
5540.6 -1589.2 -6.8 269 0 20.7 13.0 12.5 2.5 2 0 5 4 4
5441.1 -1416.4 -4.3 253 0 9.7 37.5 7.5 2.5 2 1 3 5 5
5348.1 -1297.3 3.1 359 0 17.8 19.7 10.0 2.5 4 1 4 1 1
5386.7 -1317.6 -0.7 185 0 15.4 13.9 10.0 2.5 2 0 4 3 3
5350.3 -1086.2 1.7 209 0 12.0 20.8 7.5 2.5 2 1 3 2 2
5323.8 -1069.6 3.4 87 0 6.0 9.0 5.0 2.5 2 1 2 5 5
5404.2 -1041.9 -1.6 89 0 7.6 10.0 2.5 0.0 0 1 1 5 5
5399.6 -947.9 -3.5 15 0 13.2 8.6 5.0 2.5 2 0 2 4 4
5500.1 -1102.5 -8.0 341 0 5.8 12.2 5.0 2.5 2 1 2 0 0
5507.5 -965.7 -2.2 348 0 7.6 5.3 5.0 2.5 2 0 2 3 3
5542.8 -993.0 -1.1 86 0 9.1 10.8 5.0 2.5 2 1 2 1 1
5511.2 -905.0 -3.6 271 0 8.1 15.7 2.5 2.5 2 1 1 4 4
5466.7 -906.6 -4.1 271 0 6.4 7.0 7.5 2.5 2 1 3 0 0
5366.5 -873.2 -3.4 193 0 8.9 12.6 2.5 2.5 2 1 1 0 0
5375.8 -835.5 -0.0 186 0 9.6 11.1 7.5 2.5 2 1 3 1 1
5350.4 -787.2 4.0 120 0 7.4 10.7 5.0 2.5 2 1 2 1 1
5349.7 -757.8 5.6 292 0 7.5 10.1 5.0 2.5 2 1 2 2 2
5516.1 -880.7 -1.5 92 0 15.9 15.4 2.5 2.5 2 0 1 1 1
5524.9 -818.7 2.8 180 0 6.4 8.1 5.0 2.5 2 1 2 4 4
5447.2 -750.4 7.4 359 0 7.1 6.8 5.0 2.5 2 0 2 4 4
5499.5 -671.8 13.7 5 0 6.7 8.6 5.0 2.5 4 1 2 1 1
5449.8 -628.0 17.1 95 0 8.8 10.7 5.0 2.5 2 1 2 5 5
5483.5 -518.3 9.0 280 0 13.2 10.3 7.5 2.5 2 0 3 0 0
5415.8 -580.3 18.4 185 0 12.4 12.1 2.5 2.5 2 0 1 5 5
5336.6 -467.3 14.0 313 0 15.6 14.2 5.0 2.5 2 0 2 0 0
5303.9 -237.6 -2.3 217 0 11.1 11.5 2.5 2.5 2 1 1 1 1
5474.2 -393.8 1.6 89 0 8.2 14.7 7.5 2.5 2 1 3 1 1
5559.8 -760.9 6.9 347 0 10.1 11.0 5.0 2.5 2 1 2 2 2
5622.5 -954.4 -1.0 80 0 10.6 8.1 5.0 2.5 2 0 2 1 1
5581.2 -954.3 -1.3 257 0 11.5 9.1 5.0 2.5 2 0 2 1 1
5643.9 -921.8 -3.0 270 0 9.5 10.4 7.5 2.5 2 1 3 3 3
5687.4 -937.0 -5.2 88 0 8.0 5.5 5.0 0.0 0 0 2 5 5
5781.8 -832.0 -2.4 266 0 9.9 12.7 5.0 2.5 2 1 2 4 4
5760.4 -983.6 -9.0 115 0 8.2 14.8 7.5 2.5 2 1 3 2 2
5788.8 -983.9 -10.1 25 0 11.2 10.3 10.0 2.5 2 0 4 4 4
5537.6 -1248.6 -10.4 353 0 8.0 7.5 2.5 2.5 2 0 1 3 3
5548.2 -1282.8 -11.3 346 0 8.3 6.6 2.5 0.0 0 0 1 4 4
5612.9 -1304.4 -10.4 320 0 9.7 8.1 5.0 0.0 0 0 2 5 5
5688.1 -1404.8 -10.0 90 0 7.6 6.8 7.5 2.5 2 0 3 2 2
5833.5 -392.1 4.9 87 0 14.6 16.8 10.0 2.5 2 1 4 1 1
5876.1 -441.7 -2.4 173 0 6.0 9.0 5.0 0.0 0 1 2 3 3
5870.0 -379.8 4.1 107 0 7.3 9.4 2.5 2.5 2 1 1 2 2
5886.4 -381.1 3.1 17 0 6.7 8.2 5.0 2.5 2 1 2 2 2
5859.7 -336.0 4.9 177 0 7.8 8.1 5.0 2.5 2 1 2 5 5
5845.5 -320.1 5.2 180 0 10.3 9.0 7.5 2.5 2 0 3 1 1
5849.8 -307.5 4.7 178 0 6.5 8.3 2.5 2.5 2 1 1 4 4
5973.5 -357.0 -0.4 355 0 9.1 6.7 5.0 2.5 2 0 2 0 0
5879.6 -210.7 0.4 178 0 12.7 7.1 7.5 2.5 4 0 3 5 5
5883.3 -164.9 -1.1 265 0 5.5 8.5 5.0 0.0 0 1 2 5 5
5999.5 -229.2 -3.6 350 0 8.6 10.8 5.0 0.0 0 1 2 2 2
6009.3 -204.0 0.1 359 0 9.4 8.7 5.0 2.5 2 0 2 2 2
6032.8 -186.2 3.5 180 0 11.1 8.0 7.5 0.0 0 0 3 1 1
6030.0 -170.9 5.5 178 0 6.9 12.0 5.0 0.0 0 1 2 0 0
6035.9 -203.4 1.8 182 0 7.0 6.4 7.5 2.5 2 0 3 0 0
5528.1 -2128.3 -4.2 181 0 12.4 10.9 7.5 0.0 0 0 3 0 0
-4987.9 -4383.1 -25.3 284 0 12.9 10.8 5.0 2.5 2 0 2 3 3
-5013.3 -4437.6 -25.4 111 0 11.1 9.6 7.5 2.5 2 0 3 2 2
-5087.0 -4386.7 -23.4 211 0 10.8 11.1 5.0 2.5 2 1 2 5 5
-5153.5 -4347.3 -20.5 37 0 11.7 11.6 5.0 2.5 2 0 2 0 0
-5142.2 -4291.6 -20.2 307 0 10.8 11.5 2.5 2.5 2 1 1 4 4
-5179.0 -4314.7 -19.7 220 0 17.7 12.2 7.5 2.5 2 0 3 3 3
-5379.7 -4444.5 -7.7 276 0 16.2 15.9 10.0 2.5 2 0 4 0 0
-5364.3 -4416.6 -10.9 101 0 15.3 15.3 2.5 2.5 2 1 1 5 5
-5544.7 -4267.4 -16.4 180 0 13.8 21.0 10.0 2.5 2 1 4 5 5
-5559.0 -4281.6 -16.0 3 0 9.3 17.6 2.5 2.5 2 1 1 3 3
-5553.8 -4210.0 -19.2 2 0 15.4 11.2 5.0 2.5 2 0 2 0 0
-5296.2 -1356.7 -8.2 241 0 12.1 10.8 2.5 2.5 2 0 1 5 5
-5331.2 -1494.8 4.1 266 0 11.0 10.9 2.5 0.0 0 0 1 5 5
-5328.2 -1517.6 4.9 264 0 14.4 9.2 7.5 2.5 2 0 3 0 0
-5292.2 -1619.7 6.4 190 0 11.6 11.0 2.5 2.5 2 0 1 2 2
-5289.1 -1641.2 6.8 197 0 8.6 6.9 5.0 2.5 2 0 2 4 4
-5265.2 -1635.1 8.3 5 0 9.9 8.7 7.5 2.5 2 0 3 2 2
-5361.8 -1673.7 1.7 233 0 10.4 13.3 7.5 2.5 2 1 3 5 5
-5384.4 -1694.9 1.4 266 0 7.9 12.2 5.0 2.5 2 1 2 5 5
-5368.1 -1723.7 1.8 91 0 11.5 12.7 7.5 2.5 2 1 3 4 4
-5312.5 -1721.2 5.0 90 0 6.0 15.4 5.0 2.5 2 1 2 5 5
-5317.8 -1690.5 4.3 261 0 7.4 9.3 5.0 2.5 2 0 2 0 0
-5265.5 -1693.9 8.7 4 0 7.7 9.1 5.0 2.5 2 1 2 4 4
-5266.2 -1723.2 9.3 99 0 9.1 11.7 7.5 2.5 4 1 3 2 2
-4871.8 -848.5 -15.7 160 0 15.5 29.8 10.0 2.5 2 1 4 5 5
-4844.8 -791.2 -15.8 241 0 9.8 21.1 7.5 2.5 2 1 3 2 2
-4869.0 -810.5 -15.2 244 0 12.3 8.3 7.5 2.5 4 0 3 3 3
-4878.0 -795.0 -14.6 60 0 10.4 18.7 5.0 2.5 2 0 2 2 2
-4910.2 -774.5 -13.7 146 0 10.9 10.4 2.5 2.5 4 0 1 5 5
-4915.3 -765.2 -13.3 149 0 6.4 11.4 5.0 2.5 2 1 2 3 3
-4863.3 -790.6 -14.9 60 0 10.6 23.8 7.5 2.5 2 0 3 2 2
-4852.6 -785.4 -15.0 57 0 9.2 24.2 7.5 2.5 2 1 3 3 3
-4826.3 -747.5 -15.0 153 0 5.7 7.9 5.0 2.5 2 1 2 2 2
-4836.0 -730.2 -14.9 152 0 27.1 14.5 5.0 2.5 2 0 2 3 3
-4787.8 -747.6 -16.0 63 0 24.8 14.7 7.5 2.5 2 0 3 2 2
-4741.0 -712.4 -17.6 64 0 15.8 12.8 5.0 0.0 0 0 2 4 4
-4848.3 -692.6 -15.5 147 0 21.8 11.1 5.0 2.5 2 0 2 5 5
-4892.4 -683.8 -15.2 61 0 61.6 9.2 7.5 2.5 2 0 3 1 1
-4811.3 -777.6 -16.7 241 0 10.8 40.4 10.0 2.5 2 1 4 1 1
-4785.0 -759.0 -17.0 241 0 14.9 27.0 7.5 2.5 2 1 3 4 4
-4830.3 -780.8 -16.1 241 0 8.2 23.7 7.5 0.0 0 1 3 1 1
-4832.6 -786.7 -15.5 331 0 7.0 6.2 5.0 2.5 2 0 2 0 0
-4838.1 -745.0 -15.3 333 0 49.1 7.0 7.5 2.5 2 0 3 5 5
6763.4 -430.2 -2.5 35 0 11.2 15.1 2.5 2.5 4 1 1 2 2
-2097.7 -4196.3 -7.0 19 0 41.9 40.8 10.0 0.0 0 0 4 3 3
-3815.8 -2575.3 -12.5 253 0 21.1 32.0 10.0 0.0 0 1 4 3 3
