6901.6 6013.9 -32.7 176 0 23.8 46.8 7.5 0.0 0 1 3 1 1
6535.9 5664.7 -36.4 16 0 47.6 66.1 10.0 0.0 0 1 4 2 2
6411.1 5669.2 -36.6 194 0 17.8 44.9 12.5 2.5 2 1 5 2 2
-1054.0 270.5 -24.4 0 0 19.8 14.8 12.5 2.5 2 0 5 4 4
621.5 230.3 -39.8 268 0 18.3 25.3 12.5 2.5 2 1 5 0 0
6806.9 4193.7 -29.7 269 0 20.6 24.4 12.5 2.5 2 1 5 1 1
958.4 -6540.5 -26.6 336 0 22.5 19.8 15.0 0.0 0 0 6 5 5
5801.2 -4889.4 -36.1 92 0 40.4 51.1 10.0 0.0 0 1 4 2 2
4678.9 6331.5 -33.7 90 0 80.6 83.1 7.5 0.0 0 1 3 1 1
6201.7 4479.2 -42.8 270 0 35.1 34.3 12.5 0.0 0 0 5 0 0
1981.8 4197.0 -6.2 359 0 11.1 7.8 2.5 2.5 2 0 1 1 1
1968.2 4032.5 -1.3 86 0 11.0 14.2 7.5 2.5 2 1 3 4 4
1793.1 3975.7 -16.3 303 0 12.1 10.9 5.0 2.5 2 0 2 4 4
1735.9 3970.4 -18.0 103 0 11.3 11.6 10.0 0.0 0 1 4 1 1
1712.0 4025.9 -13.6 291 0 12.2 15.7 5.0 2.5 2 1 2 0 0
1688.3 4032.7 -11.0 218 0 8.9 5.8 5.0 2.5 2 0 2 4 4
1740.1 4219.8 -15.7 112 0 14.9 10.5 10.0 2.5 2 0 4 0 0
1674.0 4226.3 -19.6 82 0 10.6 15.1 2.5 0.0 0 1 1 4 4
1604.2 4252.8 -23.5 268 0 13.2 15.9 2.5 2.5 2 1 1 4 4
1621.5 4182.4 -20.8 356 0 13.5 13.2 5.0 2.5 4 0 2 1 1
1493.8 4050.3 -16.7 94 0 9.5 8.1 7.5 2.5 2 0 3 0 0
1475.6 4086.5 -20.9 0 0 11.1 17.1 7.5 2.5 2 1 3 3 3
1474.5 4211.1 -29.3 85 0 17.2 12.5 5.0 2.5 2 0 2 0 0
1507.4 4261.0 -29.4 23 0 18.7 15.8 15.0 0.0 0 0 6 2 2
1486.6 4238.0 -29.9 12 0 15.4 18.4 7.5 2.5 2 1 3 1 1
1526.3 4337.9 -29.5 11 0 12.4 12.3 2.5 2.5 2 0 1 2 2
1412.0 4454.9 -19.7 226 0 14.8 21.1 10.0 2.5 2 1 4 4 4
1433.0 4542.3 -14.3 19 0 15.5 18.5 12.5 2.5 2 1 5 3 3
1248.9 5686.9 -20.2 167 0 15.7 19.0 15.0 0.0 0 1 6 5 5
1245.2 5839.5 -21.5 1 0 21.1 11.5 7.5 2.5 2 0 3 3 3
1099.4 5960.5 -28.4 149 0 13.0 13.2 5.0 2.5 4 1 2 4 4
1138.0 6008.6 -22.5 10 0 11.7 16.8 5.0 0.0 0 1 2 1 1
1124.9 6089.3 -25.6 21 0 16.6 15.1 5.0 2.5 4 0 2 3 3
4456.9 -233.3 26.4 334 0 14.1 10.2 2.5 0.0 0 0 1 2 2
4525.7 -315.1 23.9 333 0 14.2 11.6 2.5 2.5 2 0 1 0 0
4791.9 -502.6 2.7 242 0 16.0 15.2 10.0 2.5 4 0 4 5 5
4864.3 -522.7 -3.0 349 0 7.2 6.9 5.0 2.5 2 0 2 5 5
5085.1 -578.9 -18.2 273 0 9.6 12.5 7.5 2.5 4 1 3 0 0
5061.7 -504.8 -12.1 190 0 11.6 9.4 2.5 2.5 4 0 1 3 3
5042.0 -365.1 -2.4 218 0 9.5 9.0 7.5 2.5 2 0 3 3 3
5116.0 -393.6 -7.8 213 0 9.5 7.6 7.5 0.0 0 0 3 3 3
5178.3 -301.3 -5.0 261 0 10.6 11.7 2.5 2.5 2 1 1 2 2
5159.0 -323.5 -5.3 172 0 9.3 8.1 7.5 2.5 2 0 3 0 0
5359.7 -191.0 -15.0 264 0 12.5 16.5 5.0 0.0 0 1 2 1 1
5354.7 -255.4 -14.9 94 0 15.5 12.1 5.0 0.0 0 0 2 2 2
5431.5 -254.5 -15.9 194 0 16.5 18.2 10.0 2.5 2 1 4 5 5
5442.4 -352.8 -18.4 143 0 18.7 11.2 7.5 2.5 2 0 3 5 5
5423.3 -339.9 -18.9 113 0 29.4 11.8 12.5 2.5 2 0 5 0 0
5448.8 -199.0 -13.7 257 0 8.9 19.1 7.5 2.5 4 1 3 2 2
5469.5 -390.4 -18.4 185 0 20.3 21.1 10.0 2.5 4 1 4 0 0
5461.2 -59.3 -7.3 149 0 14.4 12.2 2.5 2.5 2 0 1 5 5
5413.4 -129.5 -12.2 136 0 12.9 10.3 7.5 2.5 2 0 3 1 1
5496.4 -600.3 5.1 91 0 13.7 17.7 5.0 2.5 2 1 2 5 5
5365.1 -835.1 -3.9 53 0 12.2 12.1 7.5 2.5 2 0 3 0 0
5320.8 -845.3 -8.8 182 0 19.1 17.2 15.0 0.0 0 0 6 2 2
5244.7 -971.6 -4.3 269 0 11.9 13.2 7.5 2.5 2 1 3 1 1
5219.8 -988.0 -5.3 283 0 14.6 12.2 7.5 2.5 4 0 3 4 4
5245.3 -1024.6 2.0 109 0 14.8 15.4 2.5 2.5 2 1 1 2 2
5171.2 -996.7 -10.2 17 0 6.7 16.2 5.0 2.5 2 1 2 2 2
5059.2 -959.1 -21.7 114 0 20.4 31.7 12.5 0.0 0 1 5 3 3
5088.5 -926.5 -19.1 289 0 7.9 8.0 7.5 2.5 2 1 3 5 5
4962.1 -998.4 -18.6 356 0 10.7 10.4 7.5 2.5 4 0 3 5 5
4979.7 -963.2 -16.6 114 0 12.8 15.4 5.0 2.5 2 1 2 4 4
5038.0 -1337.5 -13.5 184 0 11.6 12.9 7.5 2.5 2 1 3 5 5
4970.9 -1157.9 -25.3 219 0 12.0 21.4 10.0 2.5 2 1 4 0 0
4706.1 -1111.2 -21.2 272 0 10.6 11.6 10.0 2.5 2 1 4 5 5
4335.8 -1424.2 -16.3 112 0 12.7 14.3 5.0 2.5 2 1 2 5 5
4292.8 -1367.3 -12.8 108 0 10.8 16.4 5.0 2.5 2 1 2 2 2
4016.8 -1348.9 -7.6 85 0 18.9 16.3 10.0 2.5 2 0 4 0 0
4049.8 -1296.8 -5.3 171 0 17.2 13.4 5.0 0.0 0 0 2 3 3
3973.6 -1144.2 -7.4 158 0 16.2 17.2 10.0 2.5 2 0 4 0 0
3967.8 -1130.7 -6.0 155 0 13.5 16.2 7.5 2.5 2 0 3 5 5
4042.8 -1087.2 9.5 243 0 15.4 13.1 5.0 2.5 2 0 2 4 4
4001.6 -1110.6 1.0 245 0 10.9 10.8 7.5 0.0 0 0 3 2 2
4026.4 -1239.2 -3.0 161 0 15.1 11.9 7.5 2.5 2 0 3 1 1
3945.8 -1233.9 -18.8 275 0 14.2 16.3 5.0 2.5 2 1 2 4 4
4070.2 -1130.8 8.0 64 0 8.7 8.3 2.5 2.5 2 0 1 5 5
3951.2 -1019.0 -0.7 248 0 10.6 18.1 5.0 2.5 4 1 2 5 5
3948.2 -855.6 -1.4 24 0 17.7 6.1 5.0 0.0 0 0 2 0 0
3828.5 -943.0 -11.5 78 0 17.7 20.7 10.0 2.5 2 1 4 5 5
3553.4 -620.5 -24.4 353 0 12.0 11.1 7.5 2.5 2 0 3 5 5
3586.0 -432.2 -19.2 116 0 13.0 19.0 5.0 0.0 0 1 2 0 0
3710.1 -457.0 -22.6 275 0 13.2 16.4 7.5 2.5 2 1 3 1 1
3768.7 -460.1 -18.5 242 0 10.8 8.5 7.5 2.5 2 0 3 1 1
3694.9 -1347.7 -18.7 280 0 15.0 16.9 7.5 2.5 4 1 3 4 4
3713.6 -1400.2 -17.1 58 0 15.5 13.5 5.0 2.5 2 0 2 3 3
3738.5 -1339.8 -19.2 267 0 8.4 18.7 7.5 2.5 2 1 3 1 1
3425.2 -1571.0 -26.1 97 0 10.5 11.1 5.0 2.5 2 1 2 5 5
3502.8 -1637.6 -12.5 93 0 9.4 7.0 2.5 2.5 2 0 1 1 1
3990.8 -1505.0 -12.5 13 0 13.4 14.4 5.0 2.5 2 1 2 2 2
3938.2 -1393.0 -23.2 110 0 14.3 17.3 5.0 0.0 0 1 2 3 3
4072.3 -1453.0 -8.9 84 0 12.0 15.7 5.0 2.5 2 1 2 1 1
4208.8 -1544.6 -9.9 89 0 11.3 12.5 5.0 2.5 2 1 2 3 3
4405.0 -1517.5 -26.9 195 0 15.2 29.4 10.0 2.5 2 1 4 1 1
4441.2 -2677.4 -5.2 349 0 8.9 8.7 5.0 2.5 2 0 2 5 5
4342.9 -2616.2 -25.0 91 0 8.5 11.1 5.0 2.5 2 0 2 3 3
4261.7 -2654.6 -20.3 267 0 10.1 11.3 7.5 2.5 4 1 3 2 2
-2715.3 6601.6 -30.2 178 0 14.3 7.4 5.0 2.5 2 0 2 1 1
4554.9 -2875.2 0.5 254 0 18.6 12.9 7.5 2.5 2 0 3 1 1
4581.0 -2898.7 -2.7 77 0 5.2 10.4 5.0 2.5 2 1 2 5 5
4646.0 -2827.6 -16.9 101 0 9.7 11.6 5.0 2.5 2 1 2 0 0
4714.4 -2911.1 -7.3 83 0 8.6 11.9 7.5 2.5 2 1 3 4 4
4712.2 -3288.6 -18.5 10 0 10.9 9.2 7.5 2.5 2 0 3 5 5
4525.3 -3507.5 -25.5 292 0 12.8 11.4 5.0 2.5 2 0 2 5 5
4538.1 -3478.5 -25.3 97 0 11.6 10.0 7.5 2.5 2 0 3 1 1
4528.3 -3290.8 -29.3 97 0 10.8 11.2 10.0 2.5 4 1 4 0 0
4381.5 -3598.2 -26.9 358 0 13.2 15.7 5.0 0.0 0 1 2 3 3
4571.6 -3255.3 -26.0 28 0 9.9 10.2 5.0 2.5 2 1 2 0 0
-2785.7 6446.4 -31.8 2 0 15.7 21.8 7.5 2.5 2 1 3 3 3
-2780.2 6426.7 -32.7 3 0 14.7 13.0 7.5 2.5 2 0 3 4 4
-2783.5 6481.9 -32.7 15 0 15.2 12.0 2.5 2.5 2 0 1 4 4
-2792.1 6375.6 -31.1 10 0 14.4 7.7 2.5 2.5 2 0 1 1 1
-2809.7 6264.4 -36.1 358 0 18.7 9.6 7.5 0.0 0 0 3 5 5
-2808.2 6304.1 -33.9 10 0 30.3 23.8 10.0 0.0 0 0 4 1 1
-2834.9 6302.9 -28.0 10 0 8.9 12.3 7.5 0.0 0 1 3 0 0
-2756.9 6516.5 -35.9 46 0 11.0 10.5 2.5 2.5 2 0 1 3 3
-2642.5 6278.7 -36.0 89 0 22.2 20.5 10.0 2.5 2 0 4 5 5
-2622.1 6445.7 -29.6 117 0 13.4 11.1 5.0 2.5 2 0 2 2 2
-2851.0 6239.9 -37.3 199 0 11.6 13.3 5.0 2.5 2 1 2 4 4
-2867.3 6163.3 -38.9 32 0 16.6 18.5 17.5 0.0 0 0 7 3 3
-2855.7 6144.3 -40.5 21 0 11.4 16.4 2.5 2.5 2 1 1 5 5
-2823.4 6169.9 -41.2 200 0 16.4 8.9 5.0 2.5 2 0 2 4 4
-2802.2 6171.3 -42.2 187 0 12.7 15.5 5.0 2.5 4 1 2 1 1
-2840.8 6093.3 -42.8 144 0 11.0 24.2 10.0 2.5 2 1 4 5 5
-2856.4 6103.3 -42.2 216 0 19.9 11.9 5.0 2.5 2 0 2 2 2
-2842.4 6074.1 -42.6 174 0 11.5 12.0 5.0 2.5 2 1 2 3 3
-2882.1 6136.3 -39.4 358 0 8.3 9.9 7.5 0.0 0 1 3 4 4
-2919.6 6090.0 -37.6 175 0 15.9 8.4 5.0 2.5 2 0 2 5 5
-2928.5 5968.4 -36.0 10 0 12.2 11.3 2.5 2.5 2 0 1 1 1
-2912.5 5962.6 -37.7 6 0 20.4 13.1 10.0 2.5 2 0 4 2 2
-2914.6 5926.2 -36.9 7 0 13.4 12.2 10.0 2.5 2 0 4 1 1
-2918.9 5892.1 -36.9 8 0 11.7 13.0 10.0 2.5 2 1 4 2 2
-2912.9 5849.5 -38.5 4 0 12.5 12.5 2.5 2.5 2 1 1 5 5
-2912.3 5835.5 -38.9 5 0 10.9 12.9 7.5 0.0 0 1 3 3 3
-2943.6 5859.8 -36.0 187 0 10.2 9.2 7.5 2.5 2 0 3 3 3
-2878.2 5934.3 -39.5 184 0 12.2 12.4 5.0 2.5 2 1 2 5 5
-2891.0 5902.0 -39.9 180 0 9.4 13.8 2.5 2.5 2 1 1 3 3
-2891.0 5818.8 -44.2 175 0 12.9 14.3 2.5 2.5 2 1 1 4 4
-2888.2 5788.4 -44.7 184 0 8.9 9.5 5.0 2.5 2 1 2 2 2
-2888.8 5765.8 -46.3 184 0 19.8 12.2 5.0 2.5 2 0 2 4 4
-2887.8 5747.0 -47.0 172 0 11.4 11.0 2.5 2.5 2 0 1 3 3
-2838.6 5704.9 -49.6 89 0 14.2 16.3 7.5 2.5 2 1 3 2 2
-2893.0 5712.2 -45.6 18 0 15.0 15.6 10.0 2.5 2 0 4 0 0
-2899.4 5742.1 -44.3 350 0 15.6 10.1 10.0 2.5 2 0 4 1 1
-2918.7 5789.9 -39.5 358 0 8.2 8.2 5.0 2.5 2 0 2 0 0
-2965.1 5588.6 -41.9 1 0 12.5 14.9 2.5 2.5 2 1 1 2 2
-3030.3 5673.0 -35.2 181 0 9.4 13.2 2.5 2.5 2 1 1 3 3
-2978.6 5665.1 -37.0 359 0 10.3 8.8 7.5 2.5 2 0 3 3 3
-3010.8 5573.5 -40.2 90 0 7.3 9.6 7.5 2.5 2 1 3 2 2
-3083.5 5572.0 -37.5 115 0 8.6 9.1 5.0 2.5 2 1 2 1 1
-3104.4 5594.3 -37.0 270 0 14.4 8.9 5.0 2.5 2 0 2 5 5
-3076.1 5652.0 -36.7 202 0 7.8 11.9 7.5 0.0 0 1 3 3 3
-3085.0 5715.9 -28.9 185 0 7.0 10.3 5.0 0.0 0 1 2 0 0
-3072.4 5547.3 -37.5 114 0 11.6 9.8 5.0 0.0 0 0 2 1 1
-2995.1 5627.2 -41.2 277 0 12.3 12.6 2.5 2.5 2 1 1 3 3
-3023.0 5663.9 -36.8 262 0 10.5 11.0 2.5 2.5 2 1 1 2 2
-2949.9 6124.3 -35.1 117 0 15.5 13.2 5.0 2.5 2 0 2 5 5
-2965.0 6151.0 -34.1 208 0 14.4 17.0 7.5 2.5 2 1 3 0 0
-2961.7 6198.0 -32.2 7 0 7.4 10.7 5.0 2.5 2 1 2 2 2
-2998.2 6199.8 -29.8 90 0 14.6 11.1 7.5 2.5 2 0 3 5 5
-2903.2 6593.7 -15.0 82 0 10.2 12.6 5.0 2.5 2 1 2 3 3
-2941.5 6627.4 -12.9 187 0 9.7 9.7 5.0 2.5 2 0 2 5 5
-2706.1 6573.0 -30.4 183 0 10.5 12.4 7.5 2.5 2 1 3 1 1
-2728.9 5665.3 -44.4 185 0 17.7 13.0 7.5 2.5 2 0 3 3 3
-2679.4 5606.4 -41.8 82 0 14.5 16.8 5.0 2.5 2 1 2 3 3
-2702.7 5607.0 -42.4 85 0 9.5 13.1 7.5 2.5 2 1 3 4 4
-2602.9 5567.6 -40.0 271 0 16.3 13.9 2.5 2.5 2 0 1 3 3
-2634.9 5764.7 -42.0 181 0 15.7 18.6 10.0 2.5 2 1 4 5 5
-2607.9 5649.6 -40.2 62 0 10.7 10.4 2.5 2.5 4 0 1 1 1
-2589.8 5744.0 -41.4 359 0 10.0 10.9 7.5 2.5 2 1 3 0 0
-2599.5 5812.0 -39.2 101 0 14.1 16.1 7.5 2.5 2 1 3 2 2
-2555.1 5840.4 -37.2 2 0 11.9 12.7 5.0 2.5 2 1 2 2 2
-2744.7 5882.1 -40.2 96 0 14.4 14.5 2.5 2.5 2 1 1 4 4
-2796.4 5911.4 -38.2 181 0 13.6 13.0 2.5 2.5 2 0 1 1 1
-2730.2 5914.4 -38.7 261 0 19.2 10.2 7.5 2.5 2 0 3 3 3
-2535.8 5942.2 -27.5 82 0 5.3 13.4 2.5 2.5 2 1 1 0 0
-2541.6 5917.6 -34.2 12 0 13.6 9.1 2.5 2.5 2 0 1 4 4
-2574.8 5995.6 -32.9 264 0 11.1 12.1 7.5 2.5 2 1 3 2 2
-2635.4 6093.2 -31.9 184 0 10.1 18.1 2.5 2.5 2 1 1 2 2
-2716.1 6106.8 -39.3 197 0 10.7 13.3 10.0 2.5 2 0 4 5 5
-2676.4 6146.0 -33.0 264 0 8.7 12.5 5.0 2.5 2 1 2 2 2
-2584.7 6173.6 -21.4 187 0 14.4 8.5 7.5 2.5 2 0 3 3 3
-2554.0 6149.3 -20.1 3 0 8.1 11.4 5.0 2.5 2 1 2 3 3
-2570.8 6177.8 -19.1 184 0 11.2 8.6 7.5 2.5 2 0 3 3 3
-2553.4 6196.4 -18.0 352 0 12.9 10.9 5.0 2.5 2 0 2 3 3
-2551.3 6237.5 -23.0 2 0 11.6 16.0 5.0 2.5 2 1 2 3 3
-2733.0 6073.5 -42.5 90 0 13.7 10.6 2.5 0.0 0 0 1 2 2
-2602.9 6102.0 -28.9 7 0 14.4 8.8 2.5 0.0 0 0 1 0 0
-2617.8 6063.3 -32.5 85 0 11.7 8.5 7.5 2.5 2 0 3 2 2
-2582.3 6075.6 -28.6 2 0 8.4 8.9 7.5 0.0 0 1 3 3 3
-2540.4 6362.7 -30.4 181 0 7.7 9.5 5.0 2.5 2 1 2 5 5
-2527.2 6393.7 -28.8 267 0 6.4 9.7 7.5 2.5 2 1 3 1 1
-2508.3 6428.1 -23.3 185 0 10.9 11.0 2.5 2.5 2 1 1 2 2
-2634.1 6504.0 -23.5 0 0 17.4 8.7 7.5 2.5 2 0 3 5 5
-2447.8 6371.4 -22.2 259 0 9.1 11.3 2.5 2.5 2 1 1 0 0
-521.9 -380.7 -44.8 174 0 11.7 27.2 12.5 2.5 2 1 5 2 2
-1176.0 189.1 -29.3 94 0 9.8 6.9 7.0 2.5 2 0 2 3 3
-1060.4 169.2 -30.4 276 0 14.2 18.8 12.5 2.5 2 1 5 3 3
4050.4 -2390.8 -31.8 256 0 13.3 13.0 10.0 2.5 2 0 4 1 1
4039.9 -2350.3 -26.1 84 0 8.4 13.6 5.0 2.5 2 1 2 4 4
4073.2 -2318.9 -28.3 270 0 13.5 12.3 2.5 2.5 2 0 1 1 1
4025.5 -2424.8 -33.1 85 0 11.7 9.6 7.5 2.5 4 0 3 4 4
4673.9 -3115.7 -12.0 287 0 11.2 15.3 2.5 2.5 2 1 1 1 1
4870.8 -3109.2 -3.1 241 0 14.5 6.2 5.0 2.5 2 0 2 5 5
5093.7 -2819.2 -28.8 89 0 14.5 20.6 12.5 2.5 2 1 5 0 0
5089.8 -2915.5 -22.9 97 0 17.3 14.8 5.0 2.5 4 0 2 4 4
5011.1 -2754.4 -25.5 6 0 23.7 20.8 17.5 0.0 0 0 7 4 4
5052.4 -2714.5 -32.7 175 0 12.9 12.9 5.0 0.0 0 0 2 2 2
5473.9 -880.8 34.4 102 0 14.7 15.7 7.5 2.5 2 1 3 1 1
5435.6 -772.1 12.6 189 0 29.6 12.7 12.5 2.5 2 0 5 4 4
5389.5 -855.4 7.2 181 0 34.7 13.9 7.5 2.5 2 0 3 4 4
6143.3 -1960.6 10.6 17 0 18.4 24.9 15.0 0.0 0 1 6 0 0
6126.6 -2052.9 0.0 346 0 16.3 17.2 10.0 2.5 2 1 4 5 5
6117.7 -2176.2 -13.6 72 0 17.6 22.5 10.0 2.5 2 1 4 0 0
4287.4 -3521.2 -22.3 20 0 15.0 13.3 5.0 2.5 2 0 2 3 3
4334.7 -3840.3 -23.4 174 0 17.8 15.0 10.0 2.5 2 0 4 0 0
4212.5 -3869.5 -34.3 63 0 14.6 27.2 10.0 2.5 2 1 4 5 5
3891.3 -3456.1 -13.4 15 0 13.5 17.0 5.0 2.5 2 1 2 2 2
3858.0 -3624.2 -19.3 25 0 16.3 14.3 5.0 2.5 2 0 2 2 2
5762.9 -2825.2 -17.7 360 0 8.8 13.1 2.5 2.5 2 1 1 4 4
5754.3 -2867.1 -22.2 4 0 10.1 7.3 7.5 2.5 2 0 3 0 0
5746.0 -2798.9 -12.9 197 0 10.5 7.6 5.0 2.5 2 0 2 5 5
5056.4 -4005.3 -14.3 203 0 24.8 13.3 10.0 2.5 2 0 4 0 0
5088.6 -4019.6 -16.1 298 0 15.0 14.5 2.5 2.5 2 0 1 4 4
5781.9 -1449.4 53.7 99 0 15.8 22.1 12.5 2.5 4 1 5 1 1
6045.6 -1487.6 12.4 28 0 10.8 7.7 2.5 2.5 2 0 1 2 2
6176.6 -1546.2 -5.5 258 0 10.3 16.3 2.5 0.0 0 1 1 4 4
6402.6 -1704.7 -14.6 11 0 13.4 12.3 5.0 2.5 2 0 2 1 1
6289.8 -1746.0 -8.0 90 0 15.0 9.9 2.5 2.5 4 0 1 1 1
6310.2 -2120.3 -26.0 346 0 11.7 13.9 7.5 2.5 2 1 3 4 4
5948.0 -2293.2 -11.9 31 0 10.4 9.4 7.5 2.5 2 0 3 3 3
5897.4 -2395.7 -8.6 76 0 13.9 14.3 2.5 2.5 2 1 1 5 5
5679.8 -3085.6 -21.8 17 0 15.9 16.3 5.0 2.5 2 1 2 1 1
6209.8 -4978.7 -10.3 85 0 15.7 9.6 5.0 2.5 4 0 2 2 2
5922.0 -4756.4 -34.1 5 0 27.0 10.5 10.0 2.5 2 0 4 1 1
5919.2 -4781.2 -33.9 17 0 11.2 19.0 2.5 2.5 2 1 1 2 2
5881.7 -4760.1 -34.3 208 0 12.8 16.9 5.0 2.5 2 1 2 2 2
5904.5 -4997.9 -32.3 83 0 17.8 22.5 10.0 2.5 2 1 4 3 3
5899.1 -5015.3 -32.3 172 0 21.8 13.3 10.0 2.5 2 0 4 1 1
5877.2 -5017.2 -32.7 262 0 8.1 20.2 5.0 2.5 2 1 2 4 4
5923.5 -4728.4 -33.3 350 0 9.5 12.4 7.5 2.5 2 1 3 5 5
5962.6 -4673.4 -24.6 90 0 16.0 30.8 7.5 2.5 2 1 3 1 1
5971.3 -4595.8 -18.7 15 0 20.3 15.9 10.0 2.5 2 0 4 0 0
4615.1 -5117.4 -19.5 110 0 10.8 9.0 7.5 2.5 4 0 3 0 0
4878.9 -4807.4 -33.2 269 0 14.7 14.2 7.5 2.5 2 0 3 0 0
4815.6 -4940.4 -28.6 100 0 13.1 16.3 10.0 2.5 2 1 4 4 4
4721.6 -4890.0 -33.9 30 0 12.5 9.0 5.0 2.5 2 0 2 0 0
4729.6 -5171.5 -17.9 183 0 10.5 13.8 10.0 2.5 2 1 4 4 4
4529.9 -5860.2 2.0 6 0 23.3 18.8 12.5 2.5 2 0 5 3 3
4492.3 -5897.5 4.9 177 0 19.1 14.0 10.0 2.5 2 0 4 3 3
4027.2 -5910.2 -33.1 221 0 24.0 14.6 10.0 2.5 2 0 4 0 0
3990.7 -5946.4 -34.7 213 0 13.5 10.5 2.5 2.5 2 0 1 1 1
4165.2 -6061.2 -22.4 0 0 15.5 11.1 2.5 2.5 4 0 1 2 2
4067.3 -6110.3 -28.4 108 0 12.3 16.7 7.5 2.5 2 1 3 2 2
4103.5 -6141.7 -28.9 9 0 10.8 12.2 2.5 2.5 2 1 1 0 0
4118.1 -6116.6 -26.3 21 0 11.7 15.0 7.5 2.5 2 1 3 1 1
4110.0 -6222.7 -33.4 179 0 17.2 12.8 2.5 2.5 2 0 1 5 5
4194.4 -6238.2 -29.7 333 0 13.7 12.0 5.0 2.5 2 0 2 5 5
4226.5 -6208.6 -25.0 218 0 9.1 11.3 2.5 2.5 2 1 1 1 1
4213.9 -6294.6 -31.4 103 0 17.2 12.3 10.0 2.5 2 0 4 0 0
4256.0 -6363.3 -33.3 183 0 13.1 17.4 2.5 2.5 2 1 1 2 2
4233.6 -6383.9 -37.0 22 0 11.3 17.7 2.5 2.5 2 1 1 5 5
4257.4 -6420.1 -38.1 345 0 15.9 14.1 2.5 2.5 2 0 1 0 0
4278.9 -6460.6 -39.3 355 0 15.3 13.6 5.0 2.5 2 0 2 3 3
4387.0 -6364.6 -32.8 232 0 16.6 13.0 5.0 2.5 4 0 2 5 5
6234.2 -6461.3 -4.3 257 0 21.1 17.2 10.0 2.5 2 0 4 3 3
6295.0 -6494.2 -10.9 270 0 10.5 17.3 7.5 2.5 4 1 3 1 1
6024.0 -6379.3 19.0 96 0 7.8 10.2 5.0 2.5 2 1 2 5 5
6002.6 -6392.4 16.0 282 0 13.2 18.1 5.0 2.5 2 1 2 2 2
5963.9 -6395.3 17.7 125 0 17.0 14.3 2.5 2.5 2 0 1 0 0
5980.3 -6321.8 15.2 107 0 15.0 22.5 10.0 2.5 2 1 4 0 0
6017.9 -6242.8 21.5 91 0 13.7 16.6 5.0 0.0 0 1 2 0 0
5740.8 -6268.6 12.3 107 0 12.3 13.2 5.0 2.5 2 1 2 4 4
5736.0 -6200.7 6.0 302 0 13.2 14.5 5.0 0.0 0 1 2 5 5
5610.1 -6191.3 1.7 292 0 12.5 12.5 2.5 2.5 4 1 1 5 5
5602.7 -6255.0 6.9 298 0 13.3 16.6 7.5 2.5 2 1 3 5 5
5471.7 -6236.3 1.2 17 0 14.9 14.8 10.0 0.0 0 0 4 3 3
5358.0 -6370.0 15.9 1 0 15.6 13.1 2.5 2.5 2 0 1 0 0
5260.4 -6365.6 18.1 78 0 8.5 21.3 5.0 0.0 0 1 2 0 0
4862.7 -6542.2 15.8 266 0 9.8 9.9 5.0 2.5 2 1 2 5 5
4569.3 -6453.1 -19.0 22 0 20.2 19.2 10.0 2.5 2 0 4 4 4
4528.4 -6454.6 -22.7 126 0 14.1 14.9 5.0 2.5 2 1 2 4 4
4484.4 -6537.5 -30.6 289 0 14.7 36.3 12.5 2.5 2 1 5 1 1
4462.5 -6488.8 -30.2 100 0 12.5 22.7 10.0 2.5 2 1 4 0 0
4347.4 -5799.1 -13.3 111 0 16.0 18.5 12.5 2.5 2 1 5 5 5
3124.0 -3933.9 -31.7 359 0 21.7 15.0 7.5 2.5 2 0 3 4 4
4375.0 6461.2 -29.2 92 0 16.7 17.9 12.5 2.5 2 1 5 3 3
-4883.3 4364.9 -42.0 9 0 14.4 18.2 10.0 2.5 2 1 4 1 1
-4859.6 4414.8 -33.4 18 0 12.6 14.1 10.0 2.5 4 1 4 4 4
-4897.6 4299.3 -42.8 37 0 18.3 17.2 7.5 2.5 2 0 3 2 2
-4847.6 4383.6 -38.1 190 0 16.5 26.4 12.5 2.5 2 1 5 2 2
-4836.7 4403.6 -35.3 188 0 18.7 12.5 5.0 2.5 2 0 2 3 3
-4851.8 4353.1 -40.7 189 0 12.1 15.7 10.0 2.5 2 1 4 4 4
-4806.4 4339.3 -39.0 9 0 18.0 16.4 10.0 2.5 2 0 4 5 5
-4869.5 4315.3 -41.1 195 0 22.8 19.3 10.0 2.5 2 0 4 0 0
-4840.5 4232.5 -39.3 176 0 20.6 17.3 7.5 0.0 0 0 3 2 2
-4734.7 4273.6 -35.9 266 0 21.3 27.7 12.5 2.5 2 1 5 2 2
-4729.4 4228.8 -35.0 179 0 22.9 21.4 10.0 2.5 2 0 4 3 3
-4718.5 4186.4 -34.6 84 0 14.9 18.0 12.5 2.5 2 1 5 1 1
-4979.7 4197.6 -43.8 8 0 25.3 21.4 10.0 2.5 4 0 4 0 0
-4966.6 4124.8 -44.6 195 0 31.0 22.9 12.5 0.0 0 0 5 2 2
-4990.3 4030.0 -38.3 1 0 26.1 19.2 10.0 2.5 2 0 4 5 5
-4991.9 3979.6 -34.9 359 0 20.4 15.4 10.0 2.5 2 0 4 4 4
-4984.7 4170.6 -43.6 8 0 23.6 22.2 10.0 2.5 2 0 4 3 3
-5054.6 4169.9 -37.4 5 0 17.1 14.8 12.5 2.5 2 0 5 3 3
-5087.6 4190.0 -35.5 276 0 20.0 21.4 10.0 2.5 2 1 4 2 2
-5042.7 4149.3 -37.9 3 0 19.1 39.4 10.0 2.5 2 1 4 3 3
-5127.9 4139.5 -31.8 181 0 16.3 18.0 10.0 2.5 2 1 4 0 0
-5099.1 4091.7 -32.8 85 0 17.7 23.6 10.0 2.5 2 1 4 1 1
-5135.6 4208.1 -32.9 177 0 27.0 18.1 12.5 2.5 2 0 5 3 3
-5039.4 3990.3 -32.0 179 0 20.6 16.2 10.0 2.5 2 0 4 4 4
-5002.2 3954.0 -31.7 0 0 24.4 22.8 10.0 2.5 2 0 4 2 2
-4991.8 3884.6 -27.0 3 0 20.8 17.1 15.0 0.0 0 0 6 3 3
5839.1 5651.1 -28.1 73 0 17.4 24.3 7.5 2.5 2 1 3 2 2
5885.4 5735.9 -27.8 15 0 92.1 56.4 12.5 0.0 0 0 5 5 5
5856.7 5837.0 -23.7 274 0 15.9 11.7 7.5 2.5 2 0 3 4 4
5865.4 5853.9 -23.3 271 0 13.0 13.3 2.5 2.5 2 1 1 4 4
5987.2 5890.0 -20.8 181 0 15.5 19.8 7.5 2.5 2 1 3 1 1
6004.6 5953.6 -17.2 91 0 11.7 14.4 2.5 2.5 2 1 1 3 3
6002.9 5977.0 -16.4 180 0 13.8 8.7 7.5 2.5 2 0 3 0 0
5966.1 6010.8 -15.2 184 0 17.0 13.2 7.5 2.5 2 0 3 3 3
5999.4 5993.5 -15.6 174 0 12.2 13.1 10.0 2.5 4 1 4 5 5
6005.1 6047.1 -13.5 265 0 7.5 14.8 7.5 2.5 2 1 3 3 3
6019.2 6068.2 -12.1 270 0 10.0 10.4 2.5 0.0 0 1 1 2 2
6005.9 6078.7 -11.5 187 0 13.2 14.4 5.0 2.5 4 1 2 4 4
5995.0 6104.5 -9.2 121 0 24.8 10.1 2.5 0.0 0 0 1 5 5
6054.4 5978.2 -15.9 270 0 9.9 7.1 7.5 2.5 2 0 3 0 0
-4674.4 4221.4 -33.1 90 0 21.0 21.5 10.0 2.5 2 1 4 3 3
-6140.0 3681.8 -43.3 184 0 28.8 26.5 7.5 0.0 0 0 3 1 1
-6133.4 3719.0 -43.5 186 0 17.9 25.2 7.5 2.5 4 1 3 4 4
-6110.7 3934.2 -37.7 190 0 17.4 21.2 12.5 2.5 2 1 5 0 0
-5972.7 3652.3 -45.3 2 0 45.0 25.9 10.0 0.0 0 0 4 3 3
-6002.7 3568.1 -45.1 85 0 24.6 28.2 10.0 0.0 0 1 4 1 1
-5928.3 3381.6 -43.2 93 0 20.9 22.8 10.0 2.5 2 1 4 3 3
-5822.6 3846.4 -33.5 83 0 27.4 28.8 10.0 0.0 0 1 4 2 2
-5970.3 4022.9 -37.6 356 0 37.0 26.4 10.0 0.0 0 0 4 3 3
-5600.3 3268.3 -35.1 184 0 22.1 22.5 10.0 2.5 2 1 4 4 4
-5577.0 3293.2 -33.7 189 0 18.8 15.4 12.5 2.5 2 0 5 0 0
-5467.5 3184.7 -48.7 89 0 37.4 37.5 12.5 0.0 0 1 5 5 5
-5441.4 3307.7 -43.6 185 0 22.9 24.3 12.5 2.5 2 1 5 2 2
-5397.8 3257.6 -48.7 271 0 15.9 20.7 15.0 0.0 0 1 6 2 2
-5362.2 3233.0 -48.8 0 0 22.2 14.0 7.5 2.5 2 0 3 1 1
-5358.8 3173.3 -49.0 0 0 21.4 24.7 7.5 2.5 2 1 3 5 5
-5269.1 3263.3 -48.3 276 0 30.3 19.9 7.5 2.5 2 0 3 0 0
-5288.2 3276.2 -48.3 103 0 29.8 58.7 7.5 0.0 0 1 3 0 0
-5251.2 3272.5 -48.1 97 0 19.3 19.2 7.5 2.5 2 0 3 4 4
-5274.4 3350.0 -48.0 188 0 17.6 14.8 12.5 2.5 2 0 5 1 1
-5242.2 3367.7 -47.9 279 0 22.1 21.8 12.5 2.5 2 0 5 1 1
-4767.1 3267.6 -44.0 90 0 16.6 20.5 12.5 2.5 2 1 5 3 3
-4910.8 3247.6 -44.8 82 0 21.3 38.2 10.0 0.0 0 1 4 4 4
-4741.5 3147.9 -41.9 86 0 27.4 19.3 12.5 2.5 2 0 5 1 1
-4714.5 3260.2 -43.7 262 0 41.8 37.0 10.0 0.0 0 0 4 0 0
-4464.6 3269.9 -43.0 264 0 17.2 23.3 15.0 0.0 0 1 6 1 1
-4406.0 3197.8 -43.5 273 0 19.4 16.3 10.0 2.5 4 0 4 3 3
-4506.1 3379.3 -40.1 87 0 24.0 19.6 12.5 0.0 0 0 5 4 4
-4189.6 3175.8 -44.6 91 0 17.6 17.9 10.0 2.5 2 1 4 3 3
-4154.1 3282.9 -41.4 274 0 32.6 20.5 12.5 0.0 0 0 5 4 4
-4096.6 3278.7 -38.4 275 0 20.8 17.3 10.0 2.5 2 0 4 5 5
-3847.6 3153.4 -53.9 96 0 12.3 16.1 5.0 2.5 2 1 2 4 4
-5353.2 4572.1 -14.2 256 0 26.4 32.8 12.5 0.0 0 1 5 1 1
-5470.4 4354.3 -21.8 91 0 20.3 26.1 15.0 0.0 0 1 6 0 0
-5632.1 4224.1 -32.3 88 0 14.8 23.4 15.0 0.0 0 1 6 3 3
-5575.2 4060.4 -16.4 92 0 18.4 14.5 10.0 2.5 2 0 4 2 2
-6023.2 4312.5 -31.0 87 0 15.3 17.7 17.5 0.0 0 1 7 3 3
-5992.1 4584.0 -36.4 179 0 23.1 18.6 10.0 2.5 4 0 4 2 2
-5939.8 4654.6 -35.7 279 0 21.5 24.5 10.0 2.5 2 1 4 5 5
6053.5 6005.6 -14.8 264 0 9.2 10.3 5.0 2.5 2 1 2 2 2
6057.4 6022.1 -14.0 271 0 8.6 10.9 5.0 2.5 2 1 2 1 1
6103.1 5951.0 -18.1 353 0 10.7 15.8 7.5 2.5 2 1 3 0 0
6059.5 5871.2 -21.2 357 0 9.1 14.2 5.0 2.5 2 1 2 2 2
6062.5 5842.2 -22.8 354 0 13.0 14.5 2.5 2.5 2 1 1 5 5
6185.3 5916.9 -22.6 348 0 10.2 13.9 5.0 2.5 2 1 2 4 4
6106.1 5789.7 -26.3 82 0 13.9 16.8 12.5 2.5 2 1 5 4 4
6073.0 5815.3 -24.4 350 0 15.9 17.9 7.5 2.5 2 1 3 3 3
6044.5 5770.7 -26.1 98 0 15.7 9.2 7.5 2.5 2 0 3 0 0
5909.6 5862.6 -23.2 267 0 12.7 18.1 5.0 2.5 2 1 2 2 2
5869.2 5968.8 -18.2 0 0 20.1 14.2 10.0 2.5 2 0 4 5 5
5798.1 5872.1 -18.3 173 0 12.5 12.1 7.5 2.5 2 0 3 1 1
6328.6 5847.1 -34.3 269 0 13.3 19.4 7.5 2.5 2 1 3 4 4
6530.7 5930.9 -36.7 60 0 27.1 9.0 7.5 2.5 2 0 3 3 3
6560.3 5953.9 -35.8 40 0 10.0 20.5 5.0 2.5 2 1 2 4 4
6589.2 6005.3 -34.8 307 0 31.6 17.2 12.5 2.5 2 0 5 3 3
6501.3 5984.0 -34.8 275 0 25.6 16.6 15.0 0.0 0 0 6 2 2
6393.6 5937.7 -33.1 182 0 19.3 18.9 17.5 0.0 0 0 7 5 5
6427.9 5992.8 -30.9 162 0 8.4 18.8 5.0 2.5 2 1 2 1 1
6708.3 6038.4 -33.3 355 0 15.5 27.1 7.5 2.5 2 1 3 2 2
6672.4 6035.2 -32.7 92 0 13.2 18.1 7.5 2.5 2 1 3 3 3
6714.4 6040.1 -34.0 181 0 44.9 47.7 10.0 0.0 0 1 4 5 5
6716.1 6092.1 -34.9 5 0 9.6 9.1 2.5 2.5 2 0 1 3 3
6713.2 6138.2 -35.5 282 0 11.7 25.2 5.0 2.5 2 1 2 4 4
6811.0 6041.6 -32.9 84 0 9.6 24.5 7.5 2.5 2 0 3 4 4
6853.6 6074.9 -32.2 252 0 4.9 21.3 7.5 2.5 4 1 3 5 5
6889.0 6065.4 -31.7 70 0 25.3 10.1 12.5 2.5 2 0 5 5 5
6864.9 6134.6 -32.8 174 0 10.1 9.8 2.5 2.5 2 0 1 0 0
-5971.7 5380.4 -41.4 358 0 16.3 23.3 7.5 2.5 2 1 3 0 0
-5957.1 5336.5 -41.7 360 0 24.2 17.9 10.0 2.5 2 0 4 3 3
-6056.8 5187.3 -35.6 92 0 13.4 16.4 2.5 2.5 2 1 1 5 5
-5830.4 5437.5 -50.9 93 0 20.7 20.9 7.5 2.5 2 1 3 0 0
-5472.5 5341.5 -48.7 264 0 15.0 18.4 12.5 2.5 2 1 5 3 3
-5583.6 5275.2 -42.5 183 0 54.1 79.8 10.0 0.0 0 1 4 1 1
-5504.4 5325.2 -45.5 272 0 19.1 25.8 10.0 2.5 2 1 4 0 0
-5352.3 5277.7 -51.7 2 0 70.8 58.2 12.5 0.0 0 0 5 1 1
-5455.7 5148.0 -48.9 272 0 43.7 44.4 12.5 0.0 0 1 5 4 4
-5471.9 5039.8 -46.5 94 0 27.6 33.2 12.5 0.0 0 1 5 5 5
-5219.9 5483.2 -50.6 91 0 76.0 51.6 12.5 0.0 0 0 5 0 0
-5101.0 5521.2 -46.6 3 0 33.6 54.8 10.0 0.0 0 1 4 1 1
-5108.7 5456.9 -44.1 178 0 27.2 31.9 10.0 0.0 0 1 4 1 1
-5014.0 5427.7 -46.6 1 0 48.9 58.8 10.0 0.0 0 1 4 3 3
-5073.2 5288.3 -46.7 358 0 56.9 111.1 12.5 0.0 0 1 5 0 0
-5206.8 5191.2 -47.1 181 0 42.4 58.7 12.5 0.0 0 1 5 0 0
-5086.2 5205.5 -47.5 93 0 29.3 48.2 12.5 0.0 0 1 5 3 3
-4725.3 5486.7 -49.8 272 0 30.0 32.9 10.0 0.0 0 1 4 3 3
-4663.3 5428.0 -45.9 359 0 33.2 37.7 10.0 0.0 0 1 4 1 1
-4610.2 5378.0 -44.8 271 0 21.0 21.4 12.5 0.0 0 1 5 5 5
-4625.9 5320.6 -49.9 176 0 50.1 85.7 10.0 0.0 0 1 4 4 4
-4455.4 5184.5 -43.9 90 0 27.2 23.1 12.5 0.0 0 0 5 3 3
-4529.5 5245.0 -53.1 176 0 63.9 88.7 12.5 0.0 0 1 5 1 1
-4320.5 5034.3 -43.4 5 0 33.8 24.4 10.0 0.0 0 0 4 5 5
-4158.4 5017.7 -55.0 270 0 88.0 108.4 10.0 0.0 0 1 4 4 4
-4119.4 4855.0 -47.4 89 0 16.0 17.0 10.0 2.5 2 1 4 3 3
-4129.8 5536.8 -46.8 275 0 83.3 52.4 10.0 0.0 0 0 4 3 3
-3989.1 5520.3 -51.3 96 0 35.5 23.0 15.0 0.0 0 0 6 0 0
-4754.1 3522.1 -31.8 270 0 42.2 35.9 12.5 0.0 0 0 5 2 2
-4695.6 3333.3 -44.8 356 0 19.2 19.7 7.5 2.5 2 1 3 0 0
-4722.0 3647.3 -43.3 92 0 15.6 17.0 15.0 0.0 0 1 6 3 3
-4757.8 3724.5 -46.1 85 0 13.0 16.0 2.5 2.5 2 1 1 2 2
-4733.1 3732.2 -47.6 357 0 13.6 13.2 5.0 2.5 2 0 2 5 5
-3780.5 4469.3 -52.2 356 0 22.0 24.8 10.0 2.5 2 1 4 5 5
-3803.0 4432.8 -48.3 180 0 18.6 19.7 12.5 2.5 2 1 5 2 2
6868.2 6465.2 -33.6 108 0 18.4 32.1 10.0 2.5 2 1 4 4 4
3570.4 1507.5 -33.4 215 0 17.4 11.6 5.0 2.5 2 0 2 2 2
3430.4 1704.7 -45.3 104 0 14.5 17.3 10.0 2.5 2 1 4 4 4
3529.0 1940.9 -37.3 99 0 9.8 13.1 2.5 2.5 2 1 1 2 2
3751.1 1641.0 -45.0 22 0 15.7 19.2 7.5 2.5 2 1 3 4 4
3708.6 1619.6 -43.3 201 0 12.2 10.0 5.0 0.0 0 0 2 5 5
3736.9 1495.1 -40.9 199 0 12.1 9.7 7.5 2.5 2 0 3 1 1
3677.1 1434.0 -35.1 14 0 13.2 9.8 5.0 2.5 2 0 2 1 1
3643.9 1276.0 -44.7 226 0 11.3 10.6 5.0 0.0 0 0 2 2 2
3808.1 1142.1 -35.9 94 0 9.2 12.3 7.5 2.5 2 1 3 4 4
3605.9 996.4 -35.0 105 0 11.8 18.4 7.5 2.5 2 1 3 5 5
3533.0 980.9 -35.0 110 0 14.3 18.3 15.0 0.0 0 1 6 1 1
3689.2 872.9 -29.7 22 0 11.3 11.0 7.5 2.5 2 0 3 4 4
3803.7 913.4 -36.6 336 0 11.9 9.2 7.5 2.5 2 0 3 5 5
3926.1 1056.7 -32.3 43 0 12.3 8.1 5.0 2.5 2 0 2 2 2
3997.0 1113.5 -29.1 36 0 61.7 25.5 12.5 2.5 2 0 5 4 4
4017.7 1151.1 -27.3 31 0 24.4 53.5 12.5 2.5 2 0 5 4 4
3990.3 1057.1 -29.6 114 0 14.0 22.9 10.0 2.5 4 1 4 2 2
4016.0 1106.7 -27.3 216 0 19.0 13.4 12.5 2.5 2 0 5 3 3
4062.4 1223.7 -35.7 24 0 12.4 9.3 5.0 2.5 2 0 2 3 3
4085.5 1225.7 -35.7 24 0 10.2 20.3 2.5 2.5 2 0 1 1 1
4152.1 1083.7 -23.6 277 0 12.6 17.2 7.5 2.5 2 1 3 2 2
4137.7 1056.2 -24.2 189 0 15.3 16.9 10.0 2.5 2 1 4 5 5
4135.7 1341.1 -38.1 18 0 16.8 13.5 5.0 2.5 2 0 2 5 5
4149.7 1377.7 -35.5 290 0 11.6 21.0 5.0 2.5 2 1 2 1 1
4053.9 1544.5 -24.0 209 0 14.3 16.2 2.5 0.0 0 1 1 1 1
4081.5 1358.5 -38.7 265 0 9.0 7.4 2.5 2.5 2 0 1 4 4
4078.7 1375.4 -37.5 256 0 11.3 8.2 5.0 2.5 2 0 2 5 5
4049.2 1425.4 -33.8 150 0 10.5 13.2 5.0 2.5 2 1 2 3 3
4084.9 1638.9 -16.9 121 0 11.7 19.5 7.5 2.5 2 1 3 0 0
3888.1 1914.6 -40.7 190 0 17.1 15.3 10.0 0.0 0 0 4 2 2
3935.4 1856.8 -35.9 107 0 12.6 23.4 12.5 2.5 2 1 5 3 3
3946.7 1994.2 -42.0 86 0 15.4 17.6 10.0 2.5 4 1 4 1 1
3854.9 2035.9 -47.8 102 0 7.9 12.0 5.0 2.5 2 1 2 1 1
-4742.4 -1003.5 -44.0 352 0 10.2 12.3 5.0 2.5 2 1 2 3 3
-4875.7 -1090.8 -43.6 82 0 10.0 15.9 10.0 2.5 2 1 4 0 0
-4898.2 -1097.9 -43.5 75 0 10.3 10.8 5.0 2.5 2 1 2 0 0
3912.5 1972.8 -41.9 176 0 8.3 5.6 7.5 2.5 2 0 3 2 2
4015.8 2011.1 -37.3 210 0 7.5 12.3 5.0 2.5 4 1 2 5 5
4173.2 1972.0 -30.1 93 0 10.8 16.4 5.0 2.5 4 1 2 1 1
4208.2 1888.2 -25.4 119 0 18.0 23.3 12.5 2.5 2 1 5 1 1
4292.4 1610.9 -21.9 23 0 17.7 12.4 5.0 2.5 2 0 2 5 5
4262.2 1748.6 -16.0 187 0 16.0 16.2 12.5 2.5 2 1 5 0 0
4360.6 1754.8 -15.5 21 0 17.4 18.5 12.5 2.5 4 1 5 4 4
4376.8 1762.0 -15.2 186 0 23.1 14.3 10.0 2.5 2 0 4 3 3
4397.7 1822.5 -17.8 288 0 14.4 21.6 10.0 2.5 2 1 4 2 2
4434.9 1850.9 -19.5 85 0 15.4 15.0 7.5 2.5 2 0 3 0 0
4380.3 2012.3 -31.2 308 0 16.0 18.8 12.5 0.0 0 1 5 0 0
4323.6 2020.1 -30.0 280 0 15.0 12.2 7.5 2.5 2 0 3 4 4
4479.2 2060.6 -34.9 23 0 20.9 10.9 7.5 2.5 4 0 3 3 3
4501.0 2335.9 -40.8 270 0 10.7 14.6 7.5 0.0 0 1 3 4 4
4604.0 2395.8 -35.4 104 0 11.5 18.0 5.0 2.5 2 1 2 1 1
4809.1 2658.0 -37.9 130 0 11.3 13.6 5.0 2.5 2 1 2 0 0
4810.5 2708.2 -39.7 302 0 17.6 12.7 2.5 2.5 2 0 1 2 2
4900.1 2660.8 -35.2 20 0 14.6 12.5 5.0 0.0 0 0 2 5 5
5023.5 2960.9 -38.6 288 0 13.2 15.8 7.5 2.5 2 1 3 4 4
5064.1 2919.9 -35.7 107 0 19.9 15.3 10.0 2.5 2 0 4 1 1
5064.7 2870.1 -31.7 209 0 13.8 9.3 5.0 2.5 2 0 2 2 2
5024.2 2804.1 -30.3 203 0 11.3 8.8 7.5 2.5 2 0 3 5 5
4979.7 2961.5 -40.3 222 0 18.6 12.1 5.0 0.0 0 0 2 0 0
-4920.3 -1161.7 -33.0 164 0 9.7 11.8 5.0 2.5 2 1 2 1 1
-5082.0 -1055.4 -48.5 190 0 4.5 9.1 5.0 0.0 0 1 2 2 2
-6043.5 404.0 -44.1 31 0 4.6 6.6 2.5 2.5 2 1 1 2 2
-5990.6 438.0 -44.7 53 0 17.3 12.9 5.0 2.5 2 0 2 3 3
5042.4 2668.9 -28.6 27 0 24.0 23.6 10.0 2.5 2 0 4 4 4
5033.5 2645.1 -28.8 29 0 17.7 23.6 10.0 2.5 2 1 4 5 5
5000.3 2580.1 -28.4 32 0 10.9 10.6 7.5 0.0 0 0 3 2 2
4962.9 2490.9 -26.1 207 0 15.7 18.6 15.0 0.0 0 1 6 2 2
4870.6 2579.2 -33.0 103 0 7.8 8.5 7.5 2.5 4 1 3 4 4
4758.9 2519.1 -33.0 112 0 13.8 15.4 5.0 2.5 4 1 2 3 3
4666.9 2315.0 -27.7 121 0 12.7 20.0 5.0 2.5 4 1 2 2 2
4631.5 2239.7 -29.9 31 0 21.9 13.7 12.5 2.5 2 0 5 4 4
4650.7 2162.8 -27.3 3 0 11.7 11.9 7.5 2.5 2 1 3 4 4
4614.4 2213.0 -30.9 30 0 15.3 10.6 7.5 2.5 2 0 3 5 5
4596.5 2150.7 -31.1 221 0 13.5 9.8 7.5 2.5 2 0 3 5 5
4651.5 2120.5 -26.6 78 0 9.6 12.0 7.5 2.5 2 1 3 1 1
4487.3 1943.8 -28.4 118 0 14.3 9.3 5.0 2.5 2 0 2 0 0
4509.4 1932.7 -28.2 106 0 13.3 12.5 5.0 2.5 2 0 2 4 4
4558.5 1949.9 -30.2 11 0 14.7 12.6 5.0 2.5 2 0 2 1 1
4503.6 1975.6 -31.4 214 0 8.8 14.4 7.5 2.5 2 1 3 0 0
4530.6 1805.6 -13.6 271 0 15.7 11.2 7.5 2.5 2 0 3 5 5
4625.6 1915.7 -28.7 8 0 16.7 12.5 7.5 2.5 2 0 3 1 1
4806.8 1763.3 -19.6 269 0 12.7 19.8 12.5 2.5 2 1 5 2 2
4975.5 1771.0 -22.9 284 0 12.3 17.3 7.5 0.0 0 1 3 1 1
4962.4 1708.4 -16.7 22 0 14.4 10.8 5.0 2.5 2 0 2 2 2
4956.5 1693.9 -15.4 23 0 11.6 10.7 2.5 0.0 0 0 1 4 4
4912.5 1733.7 -20.2 199 0 10.4 13.6 10.0 2.5 2 1 4 0 0
4922.2 1748.6 -21.8 198 0 10.7 14.2 5.0 2.5 2 1 2 1 1
4857.2 1701.4 -17.3 119 0 10.8 14.1 5.0 2.5 2 1 2 4 4
4899.6 1557.3 -20.4 186 0 14.8 13.4 7.5 0.0 0 0 3 4 4
5039.8 1515.2 -17.3 12 0 17.0 14.1 2.5 2.5 2 0 1 5 5
5058.7 1489.0 -18.4 289 0 17.4 15.5 12.5 2.5 4 0 5 3 3
5110.1 1462.6 -16.9 269 0 15.3 8.9 5.0 0.0 0 0 2 2 2
5170.6 1467.0 -17.8 102 0 9.7 11.3 7.5 2.5 2 1 3 4 4
5196.4 1458.1 -19.6 87 0 11.4 8.8 5.0 2.5 2 0 2 4 4
5239.6 1198.4 -23.5 58 0 14.1 13.7 2.5 2.5 2 0 1 4 4
5047.3 1149.8 -27.1 288 0 11.4 16.0 2.5 2.5 2 1 1 2 2
5042.7 1114.1 -26.4 106 0 9.0 10.4 7.5 2.5 2 1 3 5 5
5068.0 1095.1 -28.0 21 0 12.3 8.7 7.5 2.5 2 0 3 4 4
5045.3 1218.7 -27.9 15 0 16.2 15.6 10.0 2.5 2 0 4 5 5
5016.6 1130.8 -25.0 185 0 8.7 17.2 2.5 2.5 2 1 1 3 3
5087.0 1140.8 -28.8 3 0 13.1 17.8 7.5 2.5 2 1 3 1 1
-5876.4 654.9 -44.2 109 0 3.5 11.9 7.5 2.5 2 1 3 1 1
-6079.0 533.5 -37.9 90 0 10.6 14.9 2.5 2.5 2 1 1 0 0
-6090.3 131.6 -47.7 174 0 8.0 6.9 5.0 2.5 2 0 2 1 1
-6065.9 86.4 -46.1 200 0 10.9 9.7 7.5 2.5 2 0 3 1 1
-6024.0 -102.7 -50.3 336 0 15.0 15.9 7.5 2.5 2 1 3 0 0
-5969.9 -105.4 -45.4 357 0 16.2 5.4 5.0 2.5 2 0 2 4 4
-5992.7 -102.1 -47.1 180 0 8.1 14.5 2.5 2.5 2 1 1 1 1
-6068.1 -51.8 -50.8 174 0 4.5 13.5 2.5 2.5 2 1 1 1 1
-5972.6 -129.6 -46.6 170 0 12.6 8.0 5.0 2.5 2 0 2 1 1
-5955.6 -175.8 -47.5 152 0 6.8 12.3 5.0 2.5 2 1 2 3 3
4868.9 1500.5 -24.2 186 0 11.5 10.7 5.0 2.5 4 0 2 0 0
4863.2 1429.7 -28.0 100 0 10.8 13.1 5.0 2.5 2 1 2 2 2
4821.1 1451.5 -28.6 275 0 14.5 11.4 5.0 2.5 2 0 2 0 0
4824.4 1422.6 -29.4 105 0 10.2 9.9 7.5 2.5 4 0 3 0 0
4680.7 864.8 -25.5 332 0 14.1 15.5 7.5 2.5 2 1 3 1 1
4688.9 901.7 -20.7 326 0 13.1 12.2 2.5 2.5 2 0 1 4 4
4681.8 796.6 -29.5 125 0 12.8 19.6 10.0 2.5 2 1 4 3 3
-6006.8 -226.6 -48.2 223 0 11.4 22.0 5.0 0.0 0 1 2 3 3
-6066.0 306.4 -45.2 145 0 4.2 10.5 7.5 0.0 0 1 3 5 5
-5836.8 733.9 -42.4 1 0 11.3 16.4 5.0 2.5 2 1 2 3 3
4751.5 765.0 -26.2 121 0 13.4 17.4 7.5 2.5 2 1 3 2 2
4276.1 867.4 -35.2 107 0 9.9 20.8 5.0 2.5 4 1 2 2 2
4290.8 863.8 -35.2 99 0 8.9 19.3 7.5 2.5 2 1 3 4 4
4303.1 856.8 -35.1 102 0 10.9 17.3 7.5 2.5 2 1 3 0 0
4319.5 855.7 -35.0 101 0 9.7 13.8 5.0 2.5 2 1 2 1 1
4311.0 817.9 -34.3 197 0 12.6 12.9 7.5 0.0 0 1 3 4 4
4192.2 921.3 -31.0 116 0 16.4 15.7 10.0 2.5 4 0 4 3 3
4151.3 865.6 -31.7 209 0 11.4 10.5 7.5 2.5 2 0 3 3 3
4196.8 1041.1 -26.5 83 0 12.2 15.8 5.0 2.5 2 1 2 3 3
-6006.1 -303.2 -40.8 26 0 10.6 19.8 7.5 0.0 0 0 3 5 5
-6099.2 -669.3 -53.7 91 0 13.1 10.1 7.5 2.5 2 0 3 3 3
-6128.3 -663.7 -55.7 177 0 9.7 22.7 5.0 2.5 2 0 2 2 2
-6046.7 -630.5 -45.8 287 0 18.4 9.6 7.5 2.5 2 0 3 2 2
4090.1 1245.8 -38.0 22 0 16.6 20.7 10.0 2.5 2 1 4 4 4
4113.5 1239.3 -38.3 195 0 16.4 16.4 15.0 0.0 0 1 6 2 2
4164.0 1397.7 -33.2 22 0 30.5 12.6 12.5 2.5 2 0 5 4 4
4127.6 1396.7 -33.1 83 0 12.9 19.8 12.5 2.5 2 1 5 0 0
3551.6 2157.8 -37.3 114 0 17.9 19.3 12.5 2.5 2 1 5 4 4
3489.1 2230.0 -36.7 91 0 11.6 15.9 2.5 2.5 2 1 1 1 1
3571.7 2202.0 -40.6 287 0 16.7 14.7 5.0 2.5 2 0 2 1 1
3574.9 2161.9 -40.9 124 0 12.5 10.6 2.5 2.5 2 0 1 5 5
3574.6 2123.8 -41.2 120 0 12.1 26.0 10.0 2.5 2 1 4 2 2
3465.4 2312.0 -32.2 193 0 24.6 14.4 7.5 2.5 2 0 3 5 5
3440.5 2278.8 -31.2 219 0 21.5 11.6 10.0 2.5 4 0 4 1 1
3469.5 2357.0 -32.5 27 0 18.1 13.4 10.0 2.5 2 0 4 3 3
3471.9 2396.4 -33.0 297 0 13.4 12.2 2.5 2.5 2 0 1 4 4
3429.9 2348.6 -31.8 120 0 13.9 14.8 5.0 2.5 2 1 2 3 3
3427.8 2610.4 -32.8 284 0 13.5 11.9 7.5 2.5 2 0 3 3 3
3508.8 2568.5 -33.5 26 0 43.1 16.9 15.0 2.5 2 0 6 5 5
3566.5 2766.3 -25.6 48 0 20.8 26.4 10.0 2.5 2 0 4 2 2
3707.5 2845.4 -36.1 33 0 15.9 15.0 7.5 2.5 2 0 3 5 5
3740.8 2839.9 -34.7 200 0 16.9 25.0 12.5 2.5 2 0 5 0 0
3754.0 2812.2 -31.9 33 0 28.0 7.8 2.5 2.5 2 0 1 4 4
3750.5 2854.8 -35.5 198 0 8.1 14.2 7.5 2.5 2 1 3 3 3
3774.8 3015.9 -37.5 64 0 19.7 16.2 12.5 2.5 2 0 5 5 5
4194.1 3068.5 -35.8 90 0 11.3 14.3 2.5 2.5 2 1 1 2 2
4246.8 2965.2 -39.2 92 0 9.3 12.6 7.5 2.5 2 1 3 1 1
4025.1 3134.8 -37.4 203 0 17.0 16.8 10.0 2.5 2 0 4 0 0
3740.4 2410.2 -40.6 278 0 13.6 24.0 12.5 2.5 2 1 5 2 2
3720.7 2367.8 -41.8 38 0 14.6 15.1 7.5 2.5 2 1 3 3 3
3819.8 2391.3 -39.7 200 0 13.7 15.4 7.5 2.5 2 1 3 5 5
3783.0 2293.3 -45.9 105 0 12.3 23.9 10.0 2.5 4 1 4 2 2
3629.7 2544.4 -26.6 18 0 11.8 17.1 2.5 2.5 2 1 1 5 5
3622.1 2452.5 -36.2 111 0 12.1 10.6 5.0 2.5 2 0 2 3 3
3507.7 903.6 -36.4 108 0 20.2 21.1 10.0 2.5 2 1 4 1 1
3552.5 873.1 -33.1 98 0 16.2 15.1 12.5 2.5 4 0 5 4 4
4464.6 1065.2 -32.5 274 0 19.8 18.4 12.5 2.5 2 0 5 4 4
4274.5 1303.5 -40.7 92 0 15.5 18.8 10.0 2.5 2 1 4 1 1
4351.7 1233.1 -33.7 93 0 36.8 22.5 12.5 0.0 0 0 5 3 3
5370.2 1497.2 -25.5 38 0 25.7 14.6 12.5 2.5 2 0 5 2 2
5351.2 1515.8 -25.5 213 0 11.1 11.8 5.0 2.5 2 0 2 1 1
5224.6 1407.1 -26.2 167 0 12.4 9.5 5.0 2.5 2 0 2 5 5
-6001.3 -713.9 -49.2 279 0 9.0 12.2 5.0 2.5 2 1 2 0 0
-5926.1 -409.3 -33.6 269 0 5.0 6.4 2.5 2.5 2 1 1 1 1
-5938.9 -558.7 -29.6 178 0 37.4 9.2 7.5 2.5 2 0 3 3 3
-5901.7 -581.1 -24.4 90 0 11.3 51.4 10.0 2.5 2 1 4 2 2
-5926.9 -551.5 -26.8 175 0 20.9 11.4 2.5 2.5 2 0 1 4 4
-5871.6 -744.8 -43.0 0 0 8.2 12.3 7.5 0.0 0 1 3 1 1
-5893.8 -825.3 -44.7 17 0 7.1 6.6 2.5 2.5 2 0 1 0 0
-5927.6 -790.3 -41.2 277 0 4.6 10.3 5.0 2.5 2 1 2 4 4
-5999.5 -1137.1 -46.9 63 0 22.8 6.3 7.5 2.5 2 0 3 2 2
-5914.8 -1547.1 -49.3 106 0 12.2 14.0 7.5 2.5 2 1 3 2 2
-5779.3 -1630.7 -49.1 14 0 10.8 14.5 2.5 2.5 2 0 1 0 0
-5792.4 -1631.1 -49.2 19 0 11.2 15.6 2.5 2.5 2 0 1 2 2
-5761.6 -1504.8 -43.8 27 0 19.6 17.0 10.0 2.5 2 0 4 2 2
-5758.4 -1568.9 -45.3 12 0 6.2 10.2 7.5 2.5 2 1 3 4 4
-5953.6 -491.7 -35.9 164 0 11.2 14.4 2.5 2.5 2 1 1 0 0
5359.5 2049.1 -23.4 148 0 7.1 37.1 7.5 2.5 2 1 3 4 4
5363.4 2103.0 -16.7 56 0 15.2 9.6 7.5 2.5 2 0 3 2 2
5260.8 2039.0 -18.9 256 0 13.8 11.3 7.5 2.5 2 0 3 0 0
5458.6 1898.4 -14.1 93 0 10.9 15.1 2.5 2.5 2 1 1 5 5
5117.9 2851.9 -29.1 33 0 16.9 18.3 12.5 2.5 2 1 5 2 2
5109.1 2933.9 -33.2 285 0 15.7 15.0 5.0 2.5 2 0 2 5 5
5385.0 3113.9 -15.9 307 0 31.2 34.0 12.5 0.0 0 1 5 3 3
5314.6 3065.4 -17.1 205 0 21.3 20.7 12.5 2.5 2 0 5 3 3
5189.0 2877.2 -26.7 18 0 17.3 20.0 12.5 2.5 2 1 5 0 0
5068.1 2802.6 -28.8 35 0 16.7 14.4 10.0 2.5 2 0 4 5 5
4281.2 1968.0 -28.1 202 0 35.1 17.2 10.0 2.5 2 0 4 5 5
4197.9 1445.6 -30.0 205 0 21.2 13.4 10.0 0.0 0 0 4 2 2
4234.4 1353.2 -38.8 298 0 15.0 18.8 12.5 2.5 2 1 5 2 2
4039.6 1118.0 -25.8 206 0 14.2 19.1 12.5 2.5 4 1 5 5 5
4073.4 851.3 -29.7 129 0 11.6 12.3 7.5 2.5 2 1 3 0 0
4378.8 1155.1 -24.0 64 0 12.0 17.7 5.0 2.5 2 1 2 4 4
4386.8 1202.7 -27.6 176 0 14.8 12.1 5.0 2.5 2 0 2 0 0
4410.1 1277.3 -33.4 341 0 13.6 17.7 5.0 2.5 2 1 2 5 5
4877.8 1199.2 -22.6 105 0 17.4 18.4 12.5 2.5 2 1 5 3 3
-5777.8 -1428.6 -47.6 116 0 14.6 12.0 7.5 2.5 2 0 3 4 4
-5743.2 -1598.9 -46.8 195 0 8.8 8.0 5.0 2.5 2 0 2 5 5
-5731.4 -1596.9 -46.8 197 0 14.1 7.7 2.5 2.5 2 0 1 3 3
-5726.5 -1650.2 -49.1 102 0 9.9 19.4 7.5 2.5 2 1 3 3 3
-5730.2 -1615.9 -47.8 199 0 10.4 7.8 7.5 2.5 2 0 3 1 1
-5703.0 -1611.1 -47.0 12 0 7.4 10.1 7.5 2.5 2 0 3 3 3
-5720.6 -1605.1 -47.0 191 0 11.3 7.8 7.5 2.5 2 0 3 5 5
-5720.3 -1518.4 -42.4 203 0 8.3 25.7 5.0 2.5 2 1 2 5 5
-5579.3 -1516.5 -42.0 210 0 15.5 17.2 12.5 2.5 2 1 5 4 4
-5525.1 -1512.5 -40.9 350 0 10.9 28.8 10.0 2.5 2 1 4 0 0
-5749.0 -1580.4 -46.0 198 0 11.2 7.4 7.5 2.5 2 0 3 0 0
-5706.6 -1472.7 -42.3 196 0 8.0 7.5 5.0 2.5 4 0 2 2 2
-5686.7 -1418.4 -45.0 113 0 13.7 18.9 5.0 2.5 2 1 2 0 0
-2700.2 4404.2 -28.1 264 0 9.7 10.1 2.5 2.5 4 1 1 4 4
-2650.8 4386.6 -32.5 273 0 7.3 7.6 2.5 2.5 2 1 1 5 5
-2493.6 4501.9 -45.7 346 0 17.0 13.0 5.0 2.5 2 0 2 1 1
-2496.3 4375.6 -44.2 130 0 12.6 10.7 5.0 2.5 2 0 2 5 5
-2474.7 4432.8 -45.1 353 0 15.4 11.3 7.5 2.5 2 0 3 5 5
-2471.4 4478.9 -46.3 156 0 22.3 9.9 5.0 2.5 4 0 2 1 1
-2302.6 4364.4 -25.7 102 0 9.4 11.2 7.5 2.5 2 1 3 1 1
-2215.0 4662.2 -37.9 90 0 8.9 12.9 2.5 2.5 2 1 1 0 0
-2124.0 4555.6 -36.8 35 0 21.0 14.6 12.5 2.5 2 0 5 3 3
-2356.8 4842.0 -36.0 296 0 47.7 26.3 10.0 0.0 0 0 4 0 0
-2041.1 4531.1 -38.6 167 0 73.4 21.1 15.0 2.5 2 0 6 0 0
-2117.0 4632.3 -41.1 261 0 19.8 23.5 7.5 2.5 2 1 3 3 3
-2092.0 4700.2 -41.3 180 0 13.8 92.0 10.0 2.5 2 1 4 5 5
-1834.4 4665.1 -50.4 341 0 9.9 16.1 7.5 0.0 0 1 3 5 5
-1747.6 4874.6 -50.2 290 0 11.0 15.2 5.0 2.5 2 1 2 0 0
-1792.9 4882.1 -48.2 271 0 11.8 17.4 5.0 2.5 2 1 2 2 2
-3621.6 4868.2 -47.8 287 0 17.9 22.0 10.0 2.5 2 1 4 0 0
-3428.7 4793.9 -51.7 266 0 29.5 75.9 12.5 0.0 0 1 5 4 4
-3237.7 5371.1 -28.5 27 0 56.4 78.9 12.5 0.0 0 1 5 2 2
-3181.3 4892.3 -49.3 270 0 44.8 35.2 12.5 0.0 0 0 5 1 1
-3460.6 4560.8 -49.3 54 0 32.6 51.9 10.0 0.0 0 1 4 5 5
-3569.1 4661.0 -46.4 156 0 103.9 23.9 10.0 0.0 0 0 4 4 4
-3363.8 4778.0 -49.3 90 0 21.5 21.1 7.5 2.5 2 0 3 5 5
-2873.2 4923.8 -39.7 45 0 16.9 14.9 12.5 2.5 2 0 5 0 0
-2484.9 4952.0 -42.7 24 0 29.4 18.2 12.5 2.5 2 0 5 2 2
-1628.2 4533.1 -56.4 97 0 29.6 26.3 10.0 0.0 0 0 4 5 5
-1725.6 4997.7 -41.7 75 0 18.4 24.4 12.5 2.5 2 1 5 2 2
-2111.8 4011.5 -52.4 97 0 37.9 64.2 10.0 0.0 0 1 4 5 5
-1541.3 3880.4 -44.1 216 0 21.0 77.5 12.5 2.5 2 1 5 1 1
-3724.4 3795.4 -33.5 330 0 23.3 22.0 10.0 2.5 4 0 4 4 4
-3669.9 3851.1 -35.0 262 0 11.2 16.8 7.5 2.5 2 1 3 5 5
-3559.1 3652.5 -47.6 80 0 16.3 31.7 12.5 2.5 2 1 5 2 2
-3534.6 3994.4 -46.3 135 0 27.6 39.6 10.0 0.0 0 1 4 4 4
-3641.7 3755.3 -41.3 90 0 20.1 21.1 12.5 2.5 2 1 5 0 0
-3376.0 3914.1 -53.1 233 0 18.1 28.5 12.5 2.5 2 1 5 5 5
-3310.1 3787.8 -53.9 83 0 21.1 73.7 10.0 0.0 0 1 4 3 3
-3235.4 3846.1 -53.8 358 0 30.5 12.7 15.0 0.0 0 0 6 3 3
-3716.6 4159.0 -41.7 258 0 19.5 26.0 10.0 2.5 2 1 4 5 5
-3597.2 4126.9 -47.3 71 0 23.8 24.8 10.0 2.5 2 1 4 5 5
-3567.8 5066.3 -28.6 177 0 29.9 19.8 15.0 0.0 0 0 6 0 0
-3152.2 5187.3 -35.6 90 0 17.9 29.8 10.0 2.5 2 1 4 0 0
-3146.4 5241.2 -39.8 180 0 23.4 18.9 12.5 2.5 2 0 5 1 1
-3140.0 5344.4 -37.4 177 0 17.9 11.4 5.0 2.5 4 0 2 4 4
-2868.2 5434.8 -47.4 0 0 88.4 30.5 12.5 0.0 0 0 5 1 1
-2563.7 5495.7 -35.2 2 0 25.2 20.7 12.5 2.5 2 0 5 5 5
-2457.7 5166.5 -39.3 357 0 59.7 22.2 10.0 2.5 2 0 4 2 2
-2431.3 5120.5 -43.4 170 0 28.4 19.1 10.0 2.5 2 0 4 0 0
-2374.3 5063.9 -46.6 107 0 17.7 19.9 7.5 2.5 2 1 3 1 1
-2126.9 5188.1 -23.9 70 0 15.5 35.1 10.0 2.5 2 1 4 3 3
-2182.6 5221.0 -31.4 287 0 17.6 16.2 15.0 0.0 0 0 6 0 0
6642.7 -6708.7 -40.4 26 0 16.4 18.9 12.5 2.5 4 1 5 2 2
6577.6 -6745.3 -40.1 197 0 23.4 20.3 12.5 2.5 2 0 5 4 4
6262.5 -6728.1 -27.8 14 0 23.6 30.4 10.0 0.0 0 1 4 1 1
4344.7 7.2 6.6 195 0 15.4 15.6 2.5 2.5 2 1 1 5 5
4348.3 48.9 -3.0 195 0 12.9 15.7 5.0 2.5 2 1 2 4 4
4380.0 7.6 2.6 88 0 9.1 25.0 7.5 2.5 2 1 3 3 3
4339.1 73.0 -7.8 194 0 13.8 13.8 10.0 2.5 2 1 4 1 1
4514.2 -12.8 1.8 9 0 13.2 14.5 10.0 2.5 2 1 4 5 5
4425.7 67.2 -7.8 9 0 16.2 7.3 5.0 2.5 2 0 2 5 5
4512.5 363.4 -33.4 181 0 23.8 9.3 2.5 2.5 2 0 1 0 0
4514.8 338.6 -31.6 180 0 10.4 9.4 5.0 2.5 2 0 2 2 2
4533.3 316.4 -29.5 187 0 14.0 9.8 5.0 2.5 2 0 2 2 2
4498.0 296.7 -27.7 9 0 16.8 14.5 7.5 2.5 2 0 3 4 4
4583.9 428.1 -29.2 287 0 9.4 13.5 7.5 2.5 2 1 3 2 2
4597.9 392.2 -25.6 16 0 17.6 9.9 5.0 2.5 2 0 2 0 0
4553.4 399.7 -31.1 181 0 10.9 9.7 5.0 0.0 0 0 2 2 2
-1360.7 4223.5 -42.5 94 0 12.2 15.2 2.5 2.5 2 1 1 3 3
-1362.8 4775.4 -43.0 185 0 9.6 8.1 5.0 2.5 2 0 2 4 4
-1336.6 5446.8 -47.5 89 0 8.2 8.0 5.0 2.5 2 0 2 5 5
-1019.6 5503.1 -44.8 1 0 14.0 8.1 5.0 2.5 2 0 2 0 0
-1024.8 5467.9 -43.1 4 0 9.1 9.1 5.0 2.5 2 0 2 4 4
-982.7 5509.9 -46.1 178 0 11.3 12.3 5.0 2.5 2 1 2 3 3
-1007.0 5390.2 -48.6 179 0 10.0 8.7 7.5 2.5 2 0 3 0 0
-558.7 5356.6 -26.8 269 0 7.2 8.4 7.5 2.5 4 1 3 0 0
-569.4 5329.4 -28.2 276 0 8.6 9.7 7.5 2.5 2 1 3 0 0
-568.8 5297.5 -30.3 87 0 9.8 10.6 2.5 2.5 2 1 1 1 1
-380.2 5530.9 -14.5 264 0 11.1 13.3 2.5 2.5 4 1 1 5 5
-306.5 5505.0 -9.8 90 0 8.8 7.3 5.0 2.5 2 0 2 0 0
-253.0 5424.6 -13.7 179 0 8.2 20.1 7.5 2.5 2 1 3 1 1
89.7 5447.4 4.8 92 0 13.0 14.3 7.5 2.5 2 1 3 2 2
127.8 5519.0 -3.9 140 0 5.1 8.4 5.0 2.5 2 1 2 4 4
216.5 5407.5 -11.0 91 0 16.5 11.2 5.0 2.5 2 0 2 5 5
250.5 5340.7 -13.0 202 0 11.5 11.1 7.5 2.5 2 0 3 0 0
261.3 5254.6 -7.4 110 0 9.9 11.5 2.5 2.5 2 1 1 1 1
278.0 5277.1 -8.7 15 0 8.8 10.4 7.5 2.5 2 1 3 0 0
252.4 5237.5 -5.9 131 0 11.2 8.6 7.5 0.0 0 0 3 1 1
848.0 5111.3 8.4 180 0 7.7 10.1 5.0 2.5 2 1 2 5 5
878.8 5107.8 10.2 1 0 6.0 9.8 7.5 2.5 2 1 3 2 2
908.0 5012.0 17.3 89 0 7.0 12.5 2.5 2.5 2 1 1 3 3
904.2 5077.2 17.2 270 0 10.8 10.4 2.5 2.5 4 0 1 0 0
861.7 4943.4 20.8 360 0 15.3 10.5 5.0 2.5 2 0 2 5 5
851.4 4906.3 26.8 95 0 9.7 5.5 7.5 2.5 2 0 3 1 1
856.7 4966.1 18.9 360 0 9.8 9.5 5.0 2.5 4 0 2 2 2
834.4 5011.3 15.3 183 0 8.5 6.9 2.5 2.5 2 0 1 5 5
809.9 5028.7 16.9 136 0 7.8 7.1 7.5 2.5 2 0 3 5 5
788.5 5036.6 16.1 137 0 9.9 9.8 7.5 2.5 4 0 3 1 1
791.8 5069.0 10.6 296 0 10.9 10.5 7.5 2.5 2 0 3 5 5
755.0 5086.7 6.6 203 0 9.2 6.6 7.5 2.5 2 0 3 5 5
683.4 5068.2 9.4 5 0 6.7 9.2 2.5 2.5 2 0 1 1 1
627.0 5121.6 -4.0 27 0 8.7 8.5 7.5 2.5 2 0 3 2 2
588.8 5251.8 -11.3 358 0 7.6 5.5 7.5 2.5 2 0 3 0 0
557.9 5149.5 -12.9 182 0 9.6 12.1 5.0 2.5 4 1 2 3 3
455.8 5078.4 -11.3 270 0 8.4 10.1 5.0 2.5 4 1 2 5 5
487.3 5053.5 -8.6 124 0 10.1 7.7 7.5 2.5 2 0 3 2 2
515.3 4990.2 -3.9 7 0 8.8 6.5 5.0 2.5 2 0 2 1 1
475.2 4973.1 -3.4 189 0 13.0 14.7 7.5 2.5 2 1 3 2 2
473.8 4988.0 -4.5 184 0 9.6 14.3 2.5 2.5 2 1 1 1 1
448.9 4963.1 -1.0 354 0 13.2 19.6 10.0 2.5 4 1 4 4 4
452.4 4947.4 -0.3 356 0 11.8 14.1 2.5 2.5 2 1 1 2 2
437.9 4926.6 4.6 358 0 9.2 8.0 7.5 2.5 2 0 3 3 3
437.5 4913.7 7.8 359 0 10.5 9.3 2.5 2.5 2 0 1 1 1
438.5 4900.2 7.1 1 0 12.7 9.5 7.5 2.5 2 0 3 1 1
429.7 4858.1 6.4 12 0 13.6 9.5 5.0 2.5 2 0 2 2 2
506.3 4896.1 2.2 359 0 9.7 8.8 7.5 2.5 2 0 3 1 1
458.9 4758.8 8.0 91 0 7.9 12.6 7.5 2.5 2 1 3 1 1
607.8 4540.8 15.4 143 0 11.6 11.1 2.5 2.5 2 0 1 2 2
575.6 4538.2 20.9 180 0 8.6 9.9 2.5 2.5 2 1 1 2 2
609.3 4516.0 11.5 308 0 7.0 8.0 7.5 2.5 2 1 3 5 5
624.6 4505.2 7.3 0 0 11.6 7.9 7.5 2.5 2 0 3 3 3
624.7 4489.5 5.8 358 0 16.2 8.5 2.5 2.5 2 0 1 2 2
675.8 4448.5 7.7 97 0 13.4 13.6 5.0 2.5 2 1 2 0 0
749.7 4450.5 6.7 88 0 16.7 12.2 10.0 2.5 2 0 4 3 3
765.8 4475.5 10.7 344 0 11.0 13.6 2.5 2.5 2 1 1 2 2
764.7 4544.8 20.7 356 0 15.2 8.4 5.0 2.5 2 0 2 4 4
981.1 4417.9 -21.3 231 0 12.0 7.1 7.5 2.5 2 0 3 2 2
1001.9 4371.9 -24.1 88 0 8.8 8.3 5.0 2.5 2 0 2 2 2
934.9 4400.5 -19.8 4 0 11.6 10.9 2.5 2.5 2 0 1 5 5
850.7 4370.6 -17.3 85 0 5.9 9.9 7.5 2.5 2 1 3 4 4
912.5 4351.1 -21.1 2 0 10.4 7.0 2.5 2.5 2 0 1 3 3
521.0 4425.1 9.1 250 0 11.0 16.9 5.0 2.5 2 0 2 5 5
508.1 4401.4 9.8 60 0 11.2 7.6 5.0 2.5 2 0 2 5 5
421.0 4991.7 0.9 268 0 6.2 7.1 5.0 2.5 2 1 2 1 1
351.9 5025.0 8.0 298 0 13.1 12.9 2.5 2.5 2 0 1 0 0
92.9 5219.1 3.0 90 0 16.7 13.3 5.0 0.0 0 0 2 4 4
13.7 5141.5 11.4 265 0 8.2 6.1 5.0 2.5 4 0 2 3 3
57.3 5100.5 1.9 336 0 8.2 12.7 5.0 2.5 2 1 2 1 1
-12.6 5024.3 2.8 273 0 9.9 4.9 2.5 2.5 2 0 1 4 4
-28.6 5015.5 1.2 192 0 10.5 25.7 7.5 0.0 0 1 3 4 4
-40.4 5006.0 -0.9 201 0 13.0 27.0 17.5 0.0 0 1 7 1 1
8.2 4945.7 3.9 0 0 8.8 6.8 5.0 2.5 2 0 2 5 5
20.9 4946.1 8.2 0 0 11.4 7.1 5.0 2.5 2 0 2 3 3
13.2 4780.7 -4.7 265 0 5.7 48.1 7.5 2.5 2 1 3 2 2
26.2 4792.5 -1.7 267 0 7.7 54.5 7.5 2.5 2 1 3 5 5
8.4 4725.9 -7.7 357 0 7.7 5.2 5.0 2.5 2 0 2 5 5
1.4 4634.7 -18.5 267 0 13.7 13.7 7.5 2.5 2 1 3 2 2
-0.6 4647.1 -16.2 1 0 8.2 11.1 5.0 2.5 2 1 2 1 1
-78.3 4654.9 -7.9 177 0 7.5 5.9 5.0 2.5 2 0 2 2 2
-95.8 4714.1 -4.4 192 0 8.2 8.9 7.5 0.0 0 1 3 5 5
-54.2 4823.4 -13.8 182 0 12.2 9.3 5.0 2.5 2 0 2 4 4
-34.1 4541.5 -27.5 153 0 5.9 7.2 5.0 0.0 0 1 2 4 4
-23.2 4485.0 -33.1 90 0 9.4 10.2 2.5 2.5 2 1 1 5 5
91.5 4539.1 -26.9 357 0 8.3 5.7 2.5 2.5 2 0 1 2 2
66.2 4506.4 -29.4 90 0 12.0 15.5 2.5 2.5 2 1 1 0 0
114.5 4452.8 -19.0 180 0 8.2 11.7 5.0 2.5 2 1 2 4 4
179.2 4429.7 -14.0 83 0 8.1 7.2 2.5 2.5 2 0 1 1 1
-33.3 4348.0 -29.8 5 0 6.4 7.8 2.5 2.5 2 1 1 2 2
940.3 4343.8 -23.5 179 0 6.2 12.2 5.0 2.5 2 1 2 1 1
950.0 4307.1 -25.7 180 0 6.0 13.0 5.0 2.5 2 1 2 3 3
935.8 4275.2 -26.2 192 0 11.1 8.0 5.0 2.5 2 0 2 2 2
937.1 4250.7 -26.9 180 0 10.3 9.1 2.5 2.5 2 0 1 0 0
925.4 4243.8 -24.2 176 0 9.2 8.6 7.5 2.5 2 0 3 0 0
952.4 4235.9 -28.3 177 0 12.1 10.3 5.0 2.5 2 0 2 4 4
948.7 4224.6 -26.8 190 0 9.1 9.1 5.0 2.5 4 1 2 5 5
923.1 4202.0 -21.6 179 0 5.7 6.5 2.5 2.5 2 1 1 5 5
906.2 4190.3 -19.7 220 0 9.5 7.9 2.5 2.5 2 0 1 1 1
992.6 4300.1 -27.5 270 0 6.8 8.1 5.0 0.0 0 1 2 3 3
996.2 4287.6 -28.4 279 0 9.1 11.9 5.0 2.5 2 1 2 1 1
980.7 4240.3 -29.5 9 0 13.9 12.1 7.5 2.5 2 0 3 3 3
992.2 4227.1 -30.6 353 0 10.0 10.1 5.0 2.5 2 1 2 4 4
969.0 4083.4 -30.6 271 0 8.2 7.8 7.5 2.5 2 0 3 2 2
970.7 4019.3 -29.0 1 0 10.8 11.9 2.5 2.5 2 1 1 2 2
986.7 3968.6 -25.5 75 0 14.3 14.1 5.0 2.5 4 0 2 4 4
960.1 3977.5 -26.4 89 0 11.8 12.1 7.5 2.5 2 1 3 3 3
-13.6 4681.8 -12.4 4 0 12.6 23.3 10.0 0.0 0 1 4 5 5
-8.8 4583.7 -23.1 174 0 12.4 16.7 5.0 2.5 2 1 2 4 4
998.7 3854.8 -8.3 285 0 9.6 8.5 2.5 2.5 2 0 1 0 0
1007.4 3815.9 -3.8 3 0 13.3 9.9 5.0 2.5 2 0 2 2 2
914.0 3827.3 -6.0 89 0 7.0 8.3 7.5 2.5 2 1 3 5 5
912.5 3955.1 -22.6 178 0 9.2 7.0 7.5 2.5 2 0 3 0 0
944.9 4035.2 -29.5 180 0 12.3 10.7 5.0 2.5 2 0 2 5 5
926.7 4021.2 -29.2 179 0 13.4 9.4 5.0 2.5 2 0 2 2 2
781.9 3927.1 -13.9 273 0 10.9 10.7 5.0 2.5 2 0 2 0 0
812.5 3945.2 -18.1 342 0 9.9 9.9 7.5 2.5 2 1 3 1 1
719.3 3912.2 -12.4 178 0 8.9 9.4 5.0 2.5 2 1 2 3 3
717.0 4008.3 -29.7 87 0 8.6 10.2 7.5 2.5 2 1 3 3 3
728.7 4043.4 -25.4 264 0 9.7 13.1 7.5 2.5 2 1 3 2 2
808.3 4072.5 -19.0 313 0 8.1 9.8 7.5 2.5 2 1 3 2 2
772.2 4111.2 -9.7 44 0 5.5 7.2 7.5 0.0 0 1 3 5 5
584.9 4093.9 -16.2 118 0 11.2 13.0 10.0 0.0 0 1 4 0 0
554.7 4071.9 -24.9 280 0 9.1 5.8 5.0 2.5 2 0 2 1 1
523.8 4144.8 -21.3 2 0 11.2 8.5 2.5 2.5 2 0 1 2 2
476.0 4114.9 -26.6 90 0 12.2 6.8 5.0 2.5 2 0 2 2 2
482.0 4039.3 -28.6 358 0 21.9 11.3 2.5 2.5 4 0 1 1 1
569.7 3888.1 -16.0 90 0 10.0 8.2 5.0 2.5 2 0 2 3 3
546.1 3891.2 -20.6 91 0 8.4 11.2 7.5 2.5 2 1 3 4 4
468.9 3927.4 -31.8 180 0 6.9 10.1 5.0 2.5 4 1 2 1 1
542.6 3779.5 -7.2 89 0 12.2 12.4 2.5 2.5 4 1 1 0 0
547.8 3712.1 4.3 270 0 8.6 13.9 7.5 2.5 2 1 3 3 3
449.3 3827.4 -29.3 81 0 12.6 16.2 2.5 2.5 2 1 1 4 4
386.1 3735.6 -25.1 179 0 12.1 12.9 7.5 2.5 2 1 3 3 3
456.9 3878.1 -31.3 180 0 9.5 9.1 2.5 0.0 0 0 1 4 4
440.7 4093.7 -25.7 274 0 10.7 6.4 7.5 2.5 4 0 3 4 4
421.0 4080.9 -25.2 179 0 8.3 8.4 7.5 2.5 2 1 3 5 5
445.0 4021.2 -30.1 75 0 11.5 8.4 2.5 2.5 2 0 1 3 3
397.7 4040.4 -27.6 178 0 8.6 7.2 7.5 2.5 2 0 3 5 5
420.2 4007.9 -32.3 91 0 9.2 5.5 2.5 2.5 2 0 1 3 3
397.7 3989.2 -32.8 152 0 10.0 11.9 7.5 2.5 2 1 3 3 3
460.6 4187.6 -24.5 268 0 6.1 10.5 7.5 2.5 2 1 3 1 1
430.8 4173.7 -23.6 269 0 9.0 9.1 7.5 2.5 2 1 3 2 2
419.5 4145.0 -23.5 92 0 8.4 4.7 7.5 2.5 2 0 3 5 5
406.6 4190.4 -23.2 271 0 13.1 10.0 5.0 2.5 2 0 2 2 2
370.8 4145.7 -21.6 88 0 6.9 12.6 5.0 2.5 2 1 2 4 4
302.3 4193.9 -21.0 269 0 8.3 12.9 5.0 2.5 2 1 2 2 2
248.8 4240.8 -23.9 357 0 8.2 8.5 7.5 2.5 4 1 3 3 3
-261.2 4814.0 -30.2 90 0 10.4 9.4 5.0 2.5 2 0 2 5 5
-256.6 4836.9 -29.1 270 0 6.7 7.8 7.5 2.5 2 1 3 3 3
-335.9 4940.6 -21.5 272 0 6.9 7.0 2.5 2.5 2 1 1 2 2
-514.4 4905.5 -42.1 88 0 6.3 10.0 5.0 2.5 2 1 2 0 0
-521.8 4929.1 -43.5 268 0 12.4 13.0 2.5 2.5 2 1 1 1 1
329.5 4052.1 -27.2 289 0 10.2 10.8 2.5 2.5 2 1 1 4 4
290.0 4015.1 -31.8 88 0 12.8 12.8 7.5 2.5 2 0 3 0 0
264.2 4012.2 -33.1 20 0 9.5 12.2 5.0 2.5 2 1 2 3 3
234.1 4047.5 -28.2 263 0 9.3 9.1 2.5 2.5 2 0 1 3 3
199.5 4026.5 -31.5 229 0 9.1 5.6 7.5 2.5 2 0 3 2 2
186.2 4073.0 -27.0 178 0 10.1 9.4 7.5 2.5 2 0 3 4 4
226.1 3930.2 -33.2 1 0 9.8 11.5 7.5 2.5 2 1 3 3 3
199.3 3900.5 -32.3 93 0 7.9 6.7 7.5 2.5 2 0 3 4 4
154.9 3937.8 -30.8 178 0 9.4 25.1 7.5 2.5 2 1 3 0 0
156.8 3770.9 -23.6 199 0 9.9 8.0 2.5 2.5 2 0 1 1 1
194.9 3749.3 -25.8 271 0 18.6 22.6 10.0 2.5 2 1 4 4 4
137.8 3718.6 -23.3 207 0 9.5 10.9 5.0 2.5 2 1 2 1 1
151.3 3613.7 -24.8 357 0 17.2 14.8 12.5 2.5 2 0 5 2 2
213.7 3634.5 -27.8 174 0 13.2 13.6 5.0 2.5 2 1 2 4 4
291.7 3612.8 -29.1 87 0 10.5 12.8 5.0 2.5 2 1 2 5 5
250.3 3664.2 -28.7 267 0 7.7 8.5 7.5 2.5 4 1 3 4 4
239.7 3705.8 -28.5 2 0 16.0 10.2 7.5 2.5 2 0 3 1 1
216.7 3744.7 -27.4 270 0 7.3 5.6 2.5 2.5 2 0 1 4 4
360.5 3785.5 -31.0 89 0 5.8 12.5 5.0 2.5 2 1 2 1 1
409.0 3819.1 -31.0 235 0 10.1 7.9 5.0 2.5 2 0 2 1 1
441.7 3736.6 -19.6 2 0 15.1 19.1 7.5 2.5 2 1 3 5 5
490.1 3591.7 1.6 89 0 10.9 15.1 5.0 2.5 2 1 2 2 2
468.0 3613.7 -0.6 182 0 19.8 11.3 7.5 2.5 2 0 3 0 0
401.8 3715.0 -21.3 90 0 9.2 11.4 7.5 2.5 4 1 3 0 0
314.4 3772.1 -31.2 89 0 7.2 23.9 5.0 2.5 2 1 2 2 2
131.9 3554.6 -25.0 0 0 14.4 10.7 5.0 2.5 2 0 2 1 1
100.6 3517.7 -24.0 112 0 8.3 11.3 5.0 2.5 4 1 2 2 2
23.2 3547.4 -20.1 34 0 14.5 12.1 5.0 2.5 2 0 2 3 3
27.9 3474.6 -21.6 177 0 10.8 13.1 2.5 2.5 2 1 1 3 3
-182.7 3235.7 -37.2 106 0 14.7 12.0 5.0 2.5 2 0 2 1 1
-47.1 3440.5 -23.9 80 0 11.2 17.7 5.0 2.5 2 1 2 3 3
-56.9 3484.3 -22.5 267 0 7.4 10.7 7.5 2.5 2 1 3 0 0
-85.2 3466.1 -24.9 269 0 7.4 9.7 2.5 2.5 2 1 1 5 5
55.8 3599.2 -20.5 33 0 9.2 8.3 5.0 2.5 2 0 2 1 1
61.3 3613.3 -20.5 26 0 10.5 8.3 7.5 2.5 2 0 3 1 1
79.2 3655.1 -20.7 0 0 8.8 5.0 5.0 2.5 2 0 2 1 1
100.5 3702.1 -21.3 1 0 14.5 8.1 7.5 2.5 2 0 3 2 2
127.8 3748.5 -22.1 29 0 7.2 13.4 7.5 2.5 2 1 3 2 2
111.5 3763.3 -21.2 359 0 11.4 6.9 7.5 2.5 2 0 3 0 0
73.6 3681.4 -20.2 357 0 6.1 6.2 5.0 2.5 2 1 2 1 1
34.0 3720.8 -18.5 180 0 8.5 11.0 7.5 0.0 0 1 3 1 1
11.1 3779.0 -16.9 287 0 20.1 23.2 15.0 0.0 0 1 6 1 1
149.9 3797.6 -22.7 359 0 14.5 13.8 10.0 2.5 2 0 4 3 3
150.7 3818.3 -22.6 359 0 13.6 12.9 5.0 2.5 2 0 2 0 0
144.4 3836.7 -22.3 0 0 9.0 6.1 7.5 2.5 2 0 3 5 5
117.9 4036.4 -34.7 89 0 5.2 8.4 7.5 0.0 0 1 3 1 1
228.8 4247.7 -24.7 270 0 7.3 6.9 2.5 2.5 2 0 1 1 1
205.4 4246.6 -25.0 270 0 7.8 6.6 5.0 2.5 2 0 2 5 5
166.3 4196.0 -27.8 92 0 7.5 10.1 5.0 2.5 2 1 2 4 4
120.9 4127.9 -29.4 90 0 9.8 6.3 2.5 2.5 2 0 1 2 2
100.7 4152.6 -31.2 90 0 8.2 7.4 5.0 2.5 2 0 2 0 0
70.1 4165.7 -30.8 179 0 9.2 11.2 5.0 2.5 2 1 2 3 3
-26.0 3698.3 -15.7 90 0 12.7 12.6 5.0 0.0 0 0 2 1 1
-66.2 3766.2 -17.6 172 0 14.5 17.8 12.5 2.5 2 1 5 2 2
-92.9 3750.7 -18.2 160 0 21.0 14.4 15.0 0.0 0 0 6 0 0
-195.9 3702.3 -26.2 86 0 14.4 8.0 7.5 2.5 2 0 3 3 3
-165.5 3624.0 -18.7 269 0 16.1 15.9 10.0 2.5 2 0 4 4 4
-191.2 3601.3 -20.3 180 0 13.7 14.5 7.5 2.5 2 1 3 5 5
-163.0 3369.5 -32.0 112 0 7.3 53.5 7.5 2.5 2 1 3 3 3
-174.2 3402.5 -31.2 158 0 17.9 7.7 7.5 2.5 2 0 3 5 5
-182.2 3418.5 -30.8 138 0 7.7 18.1 5.0 2.5 2 1 2 1 1
-167.1 3472.8 -28.2 359 0 7.8 9.5 5.0 2.5 2 1 2 3 3
-475.3 3370.4 -37.6 89 0 7.2 7.6 5.0 0.0 0 1 2 5 5
-502.5 3837.7 -18.4 119 0 10.2 11.6 5.0 2.5 2 1 2 3 3
-491.7 3864.9 -18.7 232 0 19.1 7.8 2.5 2.5 2 0 1 3 3
-481.5 3900.0 -19.9 244 0 13.3 35.9 10.0 2.5 2 1 4 5 5
-98.9 3836.0 -21.7 179 0 17.6 22.7 12.5 2.5 2 1 5 1 1
-28.3 3851.3 -20.3 18 0 12.5 10.1 7.5 2.5 2 0 3 0 0
-80.1 3905.3 -23.7 181 0 16.8 14.2 7.5 2.5 2 0 3 3 3
-14.8 3893.9 -21.8 12 0 14.8 11.8 2.5 2.5 2 0 1 1 1
-9.8 3958.1 -26.4 10 0 14.0 13.1 2.5 2.5 2 0 1 2 2
-17.7 3982.5 -28.2 359 0 10.8 10.8 2.5 2.5 2 0 1 1 1
-65.3 4010.5 -31.0 260 0 10.5 12.6 5.0 2.5 4 1 2 3 3
-111.0 4073.2 -35.3 23 0 11.9 9.8 2.5 2.5 2 0 1 2 2
-79.4 4116.2 -36.5 238 0 11.9 9.6 5.0 2.5 2 0 2 2 2
-173.8 4028.1 -33.9 169 0 9.6 7.7 5.0 2.5 2 0 2 5 5
-4.3 4047.0 -32.8 354 0 8.5 9.7 7.5 2.5 2 1 3 5 5
-132.2 4196.6 -35.9 51 0 11.8 23.9 17.5 0.0 0 1 7 3 3
-155.3 4240.3 -37.2 293 0 11.0 10.1 7.5 2.5 2 0 3 4 4
-204.2 4222.4 -31.8 24 0 8.4 7.7 7.5 0.0 0 0 3 3 3
-256.8 4212.1 -30.5 93 0 9.6 10.1 7.5 2.5 2 1 3 4 4
-294.5 4240.0 -32.2 271 0 13.9 11.7 5.0 2.5 2 0 2 0 0
-296.0 4306.2 -41.9 69 0 9.5 21.3 7.5 2.5 2 1 3 2 2
-288.1 4154.0 -25.4 86 0 9.6 13.3 5.0 2.5 2 1 2 3 3
-313.6 4157.8 -25.4 100 0 11.8 15.5 5.0 2.5 2 1 2 5 5
-336.3 4171.6 -25.7 104 0 14.8 15.4 2.5 0.0 0 1 1 5 5
-357.2 4240.9 -31.4 274 0 9.2 10.5 2.5 2.5 2 1 1 4 4
-389.5 4208.4 -25.1 265 0 13.7 19.3 12.5 0.0 0 1 5 0 0
-697.1 4287.6 -45.0 91 0 16.3 16.6 10.0 2.5 2 1 4 1 1
-810.1 4403.4 -44.7 48 0 20.4 12.0 5.0 0.0 0 0 2 4 4
-839.1 4344.0 -39.0 96 0 9.1 8.7 2.5 2.5 2 0 1 1 1
-879.4 4328.3 -35.9 88 0 12.4 26.6 10.0 0.0 0 1 4 1 1
-896.2 4351.6 -34.4 200 0 18.7 12.9 5.0 2.5 2 0 2 2 2
-858.8 4507.3 -41.9 358 0 8.9 9.6 2.5 2.5 2 1 1 2 2
-892.0 4524.1 -36.3 207 0 9.0 8.7 5.0 2.5 2 0 2 2 2
-790.0 4624.7 -45.4 185 0 16.0 10.1 5.0 2.5 2 0 2 4 4
-786.1 4640.9 -45.2 193 0 7.2 6.5 5.0 2.5 4 0 2 0 0
-724.7 4664.3 -34.4 40 0 11.4 13.2 5.0 2.5 2 1 2 4 4
-684.0 4706.1 -32.4 29 0 12.1 15.2 5.0 2.5 2 1 2 4 4
-677.9 4762.6 -44.3 91 0 10.5 11.9 7.5 2.5 2 1 3 3 3
-629.2 4740.4 -35.1 90 0 12.2 15.2 5.0 2.5 2 1 2 0 0
-613.5 4732.6 -31.5 109 0 16.5 17.4 12.5 2.5 2 1 5 5 5
-608.8 4782.8 -40.6 272 0 8.2 10.5 7.5 2.5 2 1 3 1 1
-545.1 4783.5 -40.1 359 0 8.7 8.3 5.0 2.5 4 0 2 1 1
-669.6 4820.1 -47.6 286 0 14.8 17.7 12.5 2.5 2 1 5 3 3
-697.7 4794.1 -46.4 200 0 12.1 11.3 5.0 2.5 2 0 2 1 1
-718.5 4772.5 -45.2 278 0 9.5 12.1 5.0 2.5 2 1 2 0 0
-694.2 4861.4 -51.2 293 0 15.8 13.2 5.0 2.5 2 0 2 1 1
-726.7 4842.2 -50.5 198 0 8.6 16.8 7.5 2.5 2 1 3 2 2
-685.0 4983.0 -48.1 110 0 12.4 16.8 7.5 2.5 2 1 3 3 3
-655.4 5123.3 -36.1 89 0 5.9 12.4 5.0 2.5 2 1 2 0 0
-697.9 5194.3 -28.7 91 0 10.8 9.9 2.5 2.5 2 0 1 2 2
-673.8 5243.6 -27.8 356 0 15.6 14.7 7.5 2.5 2 0 3 3 3
-736.9 5179.9 -31.8 98 0 5.7 25.5 5.0 2.5 2 1 2 5 5
-748.9 5180.1 -33.2 94 0 12.0 11.0 5.0 0.0 0 0 2 1 1
-824.0 5184.2 -40.9 8 0 11.3 14.9 7.5 2.5 2 1 3 3 3
-845.5 5149.8 -41.7 94 0 9.0 9.8 5.0 2.5 4 1 2 1 1
-898.7 5147.0 -46.3 182 0 12.5 11.4 7.5 2.5 2 0 3 2 2
-836.6 5218.5 -41.5 271 0 11.1 11.4 7.5 2.5 2 1 3 2 2
-854.3 5227.5 -43.1 270 0 9.2 9.6 7.5 2.5 2 1 3 3 3
-859.7 5167.6 -43.1 91 0 6.9 10.0 7.5 2.5 2 1 3 5 5
-732.4 5261.9 -32.3 272 0 9.8 32.3 7.5 2.5 2 1 3 3 3
-626.3 5328.3 -23.9 0 0 5.2 12.4 7.5 2.5 2 1 3 0 0
-632.6 5422.5 -24.9 288 0 8.9 5.7 5.0 2.5 2 0 2 2 2
-689.1 5428.9 -30.9 183 0 6.5 7.9 7.5 2.5 2 1 3 3 3
-1116.8 5187.1 -41.9 40 0 13.7 16.2 2.5 2.5 4 1 1 1 1
-1103.8 5156.1 -46.5 178 0 21.0 12.4 10.0 0.0 0 0 4 1 1
-1096.4 5126.7 -47.7 179 0 13.2 13.1 5.0 2.5 2 0 2 3 3
-1072.8 5122.3 -50.1 88 0 13.9 17.8 2.5 2.5 2 1 1 5 5
-1079.7 5050.6 -50.1 90 0 23.0 10.5 5.0 2.5 2 0 2 4 4
-787.5 5079.5 -37.9 310 0 21.8 11.7 10.0 2.5 2 0 4 0 0
-794.1 5034.1 -38.4 88 0 11.7 20.2 2.5 2.5 2 1 1 3 3
-1123.0 5003.6 -43.2 298 0 12.8 13.9 2.5 2.5 2 1 1 0 0
-1144.9 4987.9 -40.9 274 0 16.1 12.9 5.0 2.5 4 0 2 2 2
-1121.0 4978.1 -43.1 1 0 11.2 6.6 7.5 2.5 4 0 3 5 5
-1108.0 4950.7 -45.1 11 0 9.6 8.6 5.0 0.0 0 0 2 5 5
-1086.8 4925.4 -48.0 3 0 11.3 13.7 2.5 2.5 2 1 1 0 0
-1053.5 4834.9 -48.6 0 0 12.5 14.3 10.0 2.5 2 1 4 5 5
-977.8 4796.6 -47.7 285 0 15.4 20.1 17.5 0.0 0 1 7 3 3
-1000.9 4788.6 -45.3 280 0 10.5 14.6 10.0 2.5 2 1 4 0 0
-1078.8 4702.2 -32.0 1 0 10.7 13.2 5.0 2.5 2 1 2 1 1
-1115.1 4698.6 -36.1 93 0 10.0 17.7 5.0 2.5 2 1 2 2 2
-1140.9 4697.9 -38.7 96 0 10.3 14.7 2.5 2.5 4 1 1 1 1
-1131.3 4772.6 -43.6 271 0 13.4 16.9 5.0 0.0 0 1 2 4 4
-1146.9 4755.9 -43.0 287 0 7.6 12.1 5.0 2.5 2 1 2 4 4
-1155.0 4871.4 -45.9 181 0 8.1 12.6 7.5 0.0 0 1 3 3 3
-1181.0 4867.9 -47.8 93 0 7.6 11.0 7.5 2.5 4 1 3 5 5
-1208.9 4871.7 -49.5 178 0 7.6 8.8 7.5 2.5 2 1 3 3 3
-1171.5 4945.3 -41.6 202 0 8.3 10.8 7.5 2.5 2 1 3 0 0
-1220.9 4911.0 -47.3 178 0 5.7 7.7 7.5 2.5 2 1 3 3 3
-1231.5 4933.6 -46.6 91 0 11.2 10.5 7.5 2.5 2 0 3 5 5
-1238.4 5047.9 -39.5 288 0 9.2 11.3 5.0 2.5 2 1 2 5 5
-1284.4 5047.1 -44.2 174 0 20.2 10.6 2.5 2.5 2 0 1 3 3
-1237.1 5120.7 -41.1 3 0 16.3 14.0 2.5 2.5 2 0 1 3 3
-1285.0 5412.1 -46.1 130 0 7.8 54.8 7.5 2.5 2 1 3 0 0
-1291.7 4893.8 -53.4 114 0 11.0 31.4 12.5 2.5 2 1 5 2 2
-1278.8 4950.9 -49.8 259 0 14.5 15.2 5.0 2.5 2 1 2 3 3
-1252.2 4944.5 -48.1 285 0 7.6 13.1 2.5 2.5 2 1 1 2 2
-1294.7 4764.0 -45.8 289 0 9.3 10.7 2.5 2.5 2 1 1 5 5
-1268.4 4759.0 -46.3 282 0 13.6 13.8 5.0 2.5 2 1 2 5 5
-1290.8 4715.5 -41.0 188 0 9.3 9.3 7.5 2.5 2 1 3 0 0
-1252.3 4741.5 -44.8 277 0 11.5 12.2 7.5 2.5 2 1 3 4 4
-1256.9 4693.1 -42.1 134 0 13.7 18.7 5.0 2.5 2 1 2 3 3
-772.7 4183.2 -34.1 106 0 8.8 9.3 7.5 2.5 2 1 3 4 4
-1027.4 4202.6 -41.5 108 0 14.6 16.7 5.0 2.5 2 1 2 2 2
-1032.6 4154.5 -38.9 95 0 8.5 14.5 7.5 0.0 0 1 3 3 3
-1049.7 4210.8 -42.2 99 0 11.6 17.2 5.0 0.0 0 1 2 5 5
-1039.4 4271.9 -40.0 276 0 9.3 11.2 2.5 0.0 0 1 1 2 2
-932.3 4294.1 -36.6 2 0 11.9 8.9 7.5 2.5 2 0 3 4 4
-1028.5 4355.5 -33.6 270 0 5.4 5.6 7.5 2.5 2 1 3 2 2
-1054.3 4323.3 -38.3 183 0 10.8 11.6 5.0 2.5 2 1 2 0 0
-1032.7 4330.3 -37.6 274 0 9.6 14.4 2.5 2.5 2 1 1 1 1
-1138.2 4348.1 -36.1 273 0 9.5 13.1 7.5 2.5 4 1 3 3 3
-1170.9 4331.9 -37.8 186 0 10.3 13.1 7.5 2.5 2 1 3 4 4
-1150.2 4391.8 -28.8 261 0 9.5 7.5 7.5 2.5 4 0 3 3 3
-1240.9 4345.8 -46.4 92 0 9.0 12.3 7.5 2.5 2 1 3 5 5
-1275.4 4373.9 -48.7 185 0 14.9 14.4 2.5 2.5 2 0 1 0 0
-1226.2 4448.1 -35.3 19 0 13.4 7.5 5.0 2.5 2 0 2 1 1
-1199.4 4484.0 -31.8 20 0 12.7 9.9 5.0 2.5 2 0 2 0 0
-1281.0 4477.5 -38.8 205 0 13.0 10.3 7.5 2.5 4 0 3 2 2
-1270.8 4504.5 -39.1 217 0 9.2 19.1 7.5 2.5 2 1 3 5 5
-1226.7 4617.2 -39.4 196 0 10.1 11.5 2.5 2.5 4 1 1 4 4
-1214.1 4669.0 -40.3 102 0 10.0 10.7 7.5 2.5 2 1 3 2 2
-1202.4 4679.6 -40.5 107 0 13.2 7.8 5.0 2.5 2 0 2 1 1
-1187.2 4665.3 -38.9 190 0 11.0 13.0 5.0 2.5 2 1 2 4 4
-1186.2 4696.9 -40.7 186 0 9.5 10.3 7.5 2.5 2 1 3 4 4
-1192.0 4755.8 -44.1 272 0 8.8 8.9 7.5 2.5 2 1 3 5 5
-1167.9 4770.1 -44.3 286 0 8.8 13.6 5.0 2.5 2 1 2 3 3
-1188.3 4777.7 -45.3 273 0 14.0 11.5 7.5 0.0 0 0 3 3 3
-1322.6 4483.4 -43.7 277 0 6.0 12.2 5.0 0.0 0 1 2 0 0
-1201.7 4210.8 -34.5 89 0 9.4 19.5 7.5 2.5 4 1 3 3 3
-1198.4 4244.9 -39.0 202 0 9.4 9.5 7.5 2.5 2 1 3 2 2
-1223.6 3433.6 -13.0 274 0 9.5 10.8 2.5 2.5 2 1 1 0 0
-1106.8 4156.2 -31.6 93 0 9.0 10.6 2.5 2.5 2 1 1 0 0
-1125.1 4176.9 -31.5 91 0 8.4 14.7 7.5 2.5 2 1 3 3 3
-1174.6 4221.4 -37.3 92 0 9.9 10.8 5.0 2.5 2 1 2 3 3
-1132.3 5459.7 -42.3 121 0 7.2 44.6 7.5 2.5 2 1 3 2 2
-1085.8 5537.8 -44.9 208 0 15.9 17.7 7.5 2.5 2 1 3 0 0
-1043.8 5472.0 -43.0 188 0 8.5 7.2 7.5 2.5 2 0 3 4 4
-659.6 4965.5 -51.2 359 0 7.0 10.3 5.0 2.5 2 1 2 5 5
-516.2 3427.9 -30.8 269 0 10.1 13.1 2.5 2.5 2 1 1 2 2
-546.9 3336.7 -37.0 197 0 11.0 18.3 5.0 2.5 2 1 2 2 2
-538.9 3313.9 -38.8 200 0 10.3 10.4 5.0 2.5 2 1 2 3 3
-526.9 3229.6 -39.6 4 0 7.7 12.4 5.0 2.5 2 1 2 2 2
-468.0 3172.0 -37.4 91 0 14.1 10.7 5.0 2.5 2 0 2 5 5
67.7 4649.8 -16.1 272 0 8.5 11.3 7.5 2.5 2 1 3 2 2
486.7 5901.5 -30.1 10 0 16.5 13.6 5.0 2.5 4 0 2 0 0
490.9 5971.9 -33.3 103 0 12.2 14.3 5.0 2.5 4 1 2 4 4
491.3 6032.0 -34.2 186 0 34.7 7.4 7.5 0.0 0 0 3 2 2
509.9 6035.3 -36.0 0 0 33.5 7.8 7.5 2.5 2 0 3 1 1
493.8 6083.1 -34.9 256 0 8.2 23.1 5.0 2.5 2 1 2 2 2
483.2 6778.5 -47.0 181 0 11.4 9.9 7.5 0.0 0 0 3 2 2
509.8 4148.6 -23.5 275 0 7.6 13.8 2.5 2.5 4 1 1 3 3
427.4 3216.2 -4.1 183 0 9.6 11.1 2.5 0.0 0 1 1 0 0
472.3 3214.5 -5.5 300 0 11.4 25.0 12.5 2.5 4 1 5 3 3
467.8 3164.0 -2.7 91 0 10.6 13.7 5.0 2.5 2 1 2 2 2
558.4 3184.5 7.6 99 0 30.0 8.6 7.5 0.0 0 0 3 2 2
568.2 4087.6 -20.0 92 0 10.0 12.9 5.0 2.5 2 1 2 5 5
695.5 4699.3 16.9 3 0 9.6 10.3 2.5 2.5 2 1 1 0 0
686.7 4671.3 16.2 89 0 11.9 11.6 10.0 2.5 2 0 4 4 4
695.3 3139.2 26.5 90 0 9.9 10.6 7.5 0.0 0 1 3 0 0
871.3 4989.7 11.3 93 0 7.9 15.0 7.5 2.5 2 1 3 2 2
-37.6 4333.9 -30.2 51 0 7.6 4.9 7.5 2.5 2 0 3 5 5
5446.7 185.1 11.1 5 0 10.3 12.2 5.0 2.5 2 1 2 0 0
5528.1 236.0 26.8 256 0 11.1 14.2 10.0 2.5 2 1 4 4 4
5500.4 237.1 21.9 268 0 15.4 16.1 5.0 2.5 2 1 2 5 5
5457.4 155.7 12.8 195 0 10.1 9.6 7.5 2.5 2 0 3 3 3
5450.3 295.9 19.1 181 0 10.8 14.2 7.5 0.0 0 1 3 1 1
5485.3 184.3 18.7 184 0 6.7 4.9 7.5 2.5 2 0 3 1 1
5498.7 161.7 18.6 236 0 9.0 16.6 7.5 2.5 2 1 3 0 0
-5667.3 -6212.3 -59.4 347 0 10.2 12.7 5.0 2.5 2 1 2 4 4
-4592.6 -5040.8 -43.3 97 0 9.4 14.1 7.5 2.5 4 1 3 0 0
-2706.0 -5619.1 -50.6 167 0 4.9 8.3 5.0 2.5 4 1 2 1 1
-4755.0 -3092.0 -1.3 161 0 10.8 20.2 7.5 2.5 2 0 3 5 5
-4722.2 -3085.2 -0.4 268 0 23.7 9.7 5.0 2.5 2 0 2 1 1
-4652.7 -3153.5 -0.2 358 0 13.8 30.0 10.0 2.5 2 1 4 5 5
-4687.3 -3083.6 -1.6 265 0 40.2 9.9 7.5 2.5 2 0 3 3 3
-3891.3 -4040.8 -48.1 154 0 6.3 27.7 2.5 2.5 2 1 1 3 3
-3871.4 -4023.3 -47.5 161 0 5.5 15.8 7.5 2.5 2 1 3 2 2
-3806.8 -4029.1 -49.9 61 0 10.1 8.6 7.5 2.5 2 0 3 2 2
-3770.4 -3893.6 -36.0 94 0 11.0 33.3 12.5 2.5 2 1 5 3 3
-3755.8 -3769.7 -24.8 299 0 12.1 23.0 12.5 2.5 2 1 5 5 5
-3833.7 -3638.1 -21.9 283 0 8.3 10.2 5.0 2.5 2 1 2 4 4
-3967.1 -3750.0 -18.1 209 0 13.5 15.6 5.0 2.5 2 1 2 1 1
-3868.6 -3788.8 -22.8 42 0 22.6 9.7 5.0 2.5 4 0 2 5 5
-3843.3 -3467.2 -35.8 135 0 8.9 9.9 2.5 2.5 2 1 1 4 4
-4057.4 -3660.1 -9.5 124 0 11.8 12.4 5.0 2.5 2 1 2 4 4
-4019.2 -3504.4 -23.6 0 0 14.7 12.5 2.5 2.5 2 0 1 3 3
-4208.5 -3455.6 -4.5 159 0 8.1 9.9 5.0 2.5 2 1 2 0 0
-4166.3 -3467.6 -8.3 352 0 12.8 8.4 5.0 2.5 2 0 2 0 0
-4283.9 -3759.2 -13.4 251 0 17.7 25.1 15.0 0.0 0 1 6 2 2
-4380.4 -3995.1 -23.6 348 0 9.0 13.0 2.5 2.5 2 1 1 2 2
-4318.7 -3766.0 -8.6 205 0 20.0 11.3 7.5 2.5 2 0 3 0 0
-4427.2 -3974.2 -20.6 243 0 13.0 10.1 2.5 2.5 2 0 1 1 1
-4269.3 -3446.4 -2.5 351 0 15.8 12.8 5.0 2.5 2 0 2 4 4
-4302.3 -3159.0 4.8 5 0 14.2 22.0 10.0 2.5 2 1 4 5 5
-3983.9 -3161.7 -22.6 78 0 15.5 15.6 7.5 0.0 0 1 3 5 5
-3910.0 -3059.2 -2.3 95 0 10.6 12.1 10.0 2.5 2 1 4 0 0
-3915.7 -2937.9 2.8 83 0 14.7 20.0 10.0 2.5 2 1 4 3 3
-3816.5 -3151.8 -14.9 2 0 9.9 9.7 2.5 2.5 2 0 1 4 4
-3860.3 -3178.5 -21.4 85 0 9.7 10.7 2.5 2.5 2 1 1 5 5
-3877.1 -3174.6 -20.9 98 0 7.0 8.9 2.5 2.5 2 1 1 0 0
-3989.4 -2830.9 12.1 229 0 8.9 10.9 5.0 2.5 2 1 2 2 2
-4153.1 -2866.2 13.0 295 0 7.4 12.3 7.5 2.5 2 1 3 5 5
-4176.8 -2945.3 11.7 60 0 13.7 4.6 2.5 2.5 2 0 1 5 5
-4134.1 -2916.2 11.9 59 0 11.5 17.3 5.0 2.5 2 1 2 2 2
-4051.4 -2895.1 11.3 235 0 15.7 9.1 7.5 2.5 2 0 3 3 3
-4031.7 -2842.4 12.6 63 0 12.5 7.5 5.0 2.5 2 0 2 3 3
-4059.5 -2795.0 13.6 318 0 9.1 27.3 7.5 0.0 0 1 3 0 0
-4082.5 -2759.6 14.7 326 0 14.0 11.9 7.5 2.5 2 0 3 1 1
-4094.9 -2740.5 15.3 319 0 10.7 9.9 2.5 0.0 0 0 1 5 5
-3918.4 -2570.3 15.9 321 0 8.2 53.9 7.5 2.5 2 1 3 2 2
-3962.0 -2531.0 16.9 229 0 18.4 22.7 10.0 2.5 2 1 4 5 5
-1166.6 6305.6 -16.2 296 0 22.3 9.8 2.5 2.5 2 0 1 5 5
-1144.2 6281.1 -16.3 30 0 9.5 10.3 2.5 2.5 2 1 1 5 5
-1082.5 6245.6 -22.1 125 0 11.6 6.5 2.5 2.5 2 0 1 0 0
-1101.1 6297.6 -29.9 207 0 10.2 29.0 10.0 2.5 2 1 4 3 3
-863.6 6737.7 -43.6 270 0 11.1 12.0 5.0 2.5 2 1 2 0 0
-898.0 6748.6 -40.8 350 0 11.8 12.4 5.0 2.5 2 1 2 1 1
-902.3 6594.9 -38.2 23 0 16.9 7.8 5.0 2.5 2 0 2 4 4
39.8 6824.7 -39.0 188 0 12.0 13.2 2.5 2.5 2 1 1 2 2
3937.4 1308.0 -36.1 4 0 3.3 9.9 5.0 2.5 2 1 2 2 2
3883.2 1243.9 -31.9 179 0 8.8 7.1 2.5 2.5 2 0 1 4 4
4424.2 1490.9 -29.6 195 0 11.3 14.1 10.0 0.0 0 1 4 4 4
4623.9 6478.2 -35.7 101 0 15.2 14.6 7.0 0.0 0 0 2 4 4
-5362.3 -1672.5 -55.3 339 0 25.7 15.5 10.0 2.5 2 0 4 1 1
4206.3 3420.0 -25.0 48 0 24.0 10.4 5.0 2.5 2 0 2 5 5
-5054.2 -1018.9 -49.6 214 0 17.0 27.8 10.0 2.5 2 1 4 0 0
969.4 570.1 -31.5 38 0 40.2 13.6 10.0 2.5 2 0 4 2 2
-1133.7 195.6 -28.0 99 0 27.4 55.8 10.0 2.5 4 1 4 4 4
6335.7 5721.6 -38.9 46 0 36.1 18.5 10.0 0.0 0 0 4 3 3
1133.2 -6655.3 -32.5 65 0 10.3 9.3 5.0 0.0 0 0 2 1 1
2209.8 3059.8 -21.0 117 0 11.9 12.2 5.0 2.5 2 1 2 3 3
2173.8 2663.9 -22.7 113 0 17.1 24.1 17.5 0.0 0 1 7 2 2
2234.0 2720.0 -27.7 280 0 11.4 15.0 2.5 2.5 4 1 1 5 5
2210.5 2474.8 -8.4 186 0 19.8 14.2 12.5 2.5 4 0 5 5 5
2374.8 2320.5 -27.0 108 0 15.1 15.7 7.5 2.5 2 1 3 1 1
2544.8 2325.6 -12.9 14 0 13.1 14.8 7.5 2.5 2 1 3 2 2
2604.0 2299.6 -13.7 269 0 15.3 19.0 10.0 2.5 2 1 4 4 4
2579.8 2341.2 -15.2 102 0 8.0 8.6 5.0 2.5 2 1 2 5 5
2765.6 2481.6 -26.6 296 0 19.7 20.9 10.0 2.5 2 1 4 0 0
2655.1 2503.5 -23.8 183 0 15.7 11.4 5.0 2.5 2 0 2 4 4
2726.7 2401.5 -24.3 288 0 13.8 13.1 5.0 0.0 0 0 2 3 3
-210.0 1699.7 -20.6 170 0 9.7 11.0 5.0 2.5 2 1 2 1 1
-379.0 1890.5 -34.8 260 0 6.5 11.6 2.5 2.5 4 1 1 5 5
-2325.5 1674.9 -34.6 26 0 9.1 9.4 7.5 2.5 2 1 3 2 2
-2315.9 1691.2 -35.0 267 0 7.4 6.3 7.5 2.5 2 0 3 2 2
-2448.9 1743.6 -33.8 273 0 12.2 14.7 10.0 2.5 2 1 4 0 0
-2585.9 2505.4 -43.0 5 0 14.8 15.1 12.5 2.5 2 1 5 3 3
-2585.5 2558.2 -41.6 358 0 14.6 11.1 2.5 2.5 2 0 1 1 1
-2609.6 2479.1 -42.2 270 0 19.4 11.5 7.5 2.5 2 0 3 0 0
-2623.5 2560.3 -38.6 169 0 12.7 10.4 10.0 2.5 4 0 4 3 3
1016.3 -6472.1 -36.3 143 0 24.1 18.9 12.5 2.5 2 0 5 5 5
-4557.9 1754.6 -35.8 93 0 9.6 35.8 7.5 2.5 2 1 3 1 1
5989.5 -5159.5 -28.6 348 0 41.7 55.2 12.5 0.0 0 1 5 2 2
-4504.9 1311.9 -47.6 253 0 6.7 9.1 7.5 2.5 2 1 3 2 2
-4334.0 -148.6 -48.0 198 0 10.2 16.1 5.0 2.5 2 1 2 3 3
-4498.7 141.2 -26.0 195 0 19.5 7.9 2.5 2.5 2 0 1 4 4
4984.7 -6104.8 21.9 180 0 68.0 85.0 12.5 0.0 0 1 5 5 5
-563.2 1075.4 -24.8 0 0 40.9 29.8 12.5 0.0 0 0 5 2 2
1872.7 3604.7 0.0 109 0 16.2 16.3 2.5 2.5 2 1 1 0 0
1910.4 4444.7 -12.5 108 0 16.8 15.4 7.5 2.5 2 0 3 1 1
4166.9 -2994.3 -30.9 306 0 15.3 15.1 7.5 2.5 2 0 3 1 1
-140.1 1453.0 -17.5 108 0 10.1 12.7 2.5 2.5 2 0 1 0 0
4723.4 -6037.5 15.2 103 0 13.4 16.5 2.5 2.5 2 1 1 5 5
5543.2 -5420.7 -19.7 90 0 9.6 16.3 8.0 2.5 2 1 2 2 2
5461.2 -5268.0 -30.6 323 0 9.0 18.2 5.0 2.5 2 1 2 1 1
4194.7 26.3 -3.5 91 0 10.9 14.5 7.5 2.5 2 1 3 0 0
4193.6 114.8 -6.3 268 0 9.8 13.0 7.5 2.5 2 1 3 4 4
4184.9 58.5 -5.0 359 0 7.0 6.8 5.0 2.5 2 0 2 2 2
4087.0 134.3 -3.8 271 0 14.3 16.3 2.5 2.5 2 1 1 5 5
4063.4 89.9 -6.1 90 0 6.8 11.3 2.5 2.5 2 1 1 5 5
4132.3 147.0 -1.4 92 0 8.9 18.7 7.5 2.5 2 1 3 4 4
4025.0 135.0 -1.6 271 0 11.2 16.7 5.0 2.5 4 1 2 3 3
3990.4 138.7 0.4 270 0 13.7 9.9 5.0 2.5 2 0 2 4 4
3961.6 154.5 -1.9 271 0 10.0 5.4 2.5 2.5 2 0 1 3 3
3901.3 170.8 -10.4 296 0 13.9 9.0 5.0 2.5 4 0 2 5 5
3840.2 77.6 -13.9 347 0 10.9 8.6 5.0 2.5 2 0 2 4 4
3853.1 86.5 -13.7 1 0 5.0 10.7 5.0 2.5 2 1 2 2 2
3751.6 38.6 -6.3 80 0 13.4 14.7 7.5 2.5 2 1 3 4 4
3805.2 163.6 -22.7 258 0 7.9 4.8 7.5 2.5 2 0 3 3 3
3806.1 214.4 -18.2 94 0 13.1 8.5 5.0 2.5 2 0 2 3 3
3783.2 186.9 -25.0 83 0 10.8 10.5 2.5 2.5 2 0 1 4 4
3700.1 -39.4 8.3 111 0 8.4 11.5 5.0 2.5 2 1 2 0 0
3542.3 -4.5 -24.0 270 0 9.3 14.0 7.5 0.0 0 1 3 2 2
3554.8 -9.1 -21.6 360 0 5.7 5.6 5.0 2.5 2 0 2 2 2
3463.8 -83.8 -22.8 90 0 10.3 17.3 12.5 2.5 2 1 5 2 2
1030.4 -6373.2 -41.5 291 0 15.8 8.8 7.5 0.0 0 0 3 2 2
1068.6 -6401.0 -42.2 296 0 17.4 14.4 10.0 2.5 2 0 4 3 3
1027.3 -6434.3 -38.4 210 0 17.4 13.7 10.0 2.5 2 0 4 1 1
1005.6 -6400.3 -38.8 207 0 13.6 14.8 5.0 2.5 2 1 2 3 3
1010.0 -6420.8 -37.5 205 0 10.0 13.5 7.5 2.5 2 1 3 5 5
1072.6 -6442.2 -40.5 356 0 14.6 17.6 5.0 2.5 2 1 2 3 3
1169.0 -6437.9 -43.1 89 0 5.9 6.9 7.5 2.5 4 1 3 1 1
1026.6 -6188.2 -41.7 207 0 11.3 11.0 7.5 2.5 2 0 3 4 4
1149.0 -6234.8 -40.2 359 0 15.4 17.2 12.5 2.5 2 1 5 5 5
1073.1 -6230.8 -41.8 109 0 14.6 12.4 2.5 2.5 2 0 1 1 1
1097.5 -6220.6 -40.9 267 0 8.3 8.0 2.5 2.5 2 0 1 5 5
1045.9 -6405.5 -40.1 296 0 8.1 21.1 7.5 2.5 2 1 3 3 3
1157.2 -6295.5 -43.3 131 0 11.1 11.9 5.0 0.0 0 1 2 2 2
1067.7 -6182.8 -40.4 296 0 13.4 9.0 2.5 2.5 2 0 1 3 3
1154.3 -6166.7 -37.0 312 0 8.2 9.7 5.0 2.5 2 1 2 0 0
1144.1 -6113.5 -35.0 197 0 14.0 12.5 5.0 2.5 2 0 2 5 5
1212.5 -6285.5 -45.0 286 0 14.7 14.6 7.5 2.5 2 0 3 4 4
1225.7 -6424.9 -43.6 197 0 12.0 13.7 2.5 2.5 2 1 1 0 0
1289.2 -6433.8 -43.8 45 0 10.3 17.4 5.0 2.5 2 1 2 5 5
1105.9 -6034.0 -33.2 30 0 10.5 11.4 10.0 2.5 2 1 4 3 3
1061.8 -6047.0 -35.0 202 0 8.8 8.0 7.5 2.5 2 0 3 4 4
1032.7 -6111.6 -38.5 66 0 9.8 9.2 5.0 2.5 4 0 2 2 2
1220.3 -6139.6 -35.7 1 0 8.0 8.4 5.0 2.5 2 1 2 0 0
-6391.9 -5464.9 -50.2 234 0 6.9 10.3 5.0 2.5 2 1 2 1 1
-6190.7 -5575.6 -47.8 256 0 7.3 6.9 2.5 2.5 2 0 1 5 5
-6029.6 -5426.3 -54.5 77 0 11.1 21.7 10.0 2.5 2 1 4 4 4
-6742.0 -5584.9 -47.3 85 0 12.4 21.1 12.5 2.5 2 1 5 2 2
-6862.0 -5850.4 -60.1 59 0 10.6 36.2 10.0 2.5 2 1 4 2 2
-6826.3 -5842.6 -62.8 52 0 10.2 14.2 10.0 2.5 2 1 4 2 2
-6743.8 -5698.2 -50.3 67 0 14.0 15.2 5.0 2.5 2 1 2 2 2
-6607.5 -5749.1 -43.8 62 0 7.7 12.1 2.5 2.5 4 1 1 3 3
-5707.1 -4762.1 -47.4 68 0 15.5 14.8 2.5 2.5 2 0 1 5 5
-5610.7 -4758.1 -49.1 354 0 10.2 12.8 5.0 2.5 2 1 2 3 3
-6077.0 -4652.2 -50.5 270 0 21.8 9.9 7.5 2.5 2 0 3 0 0
-6034.9 -4531.7 -53.3 105 0 9.6 28.4 7.5 2.5 2 1 3 1 1
-6076.7 -4220.4 -52.4 89 0 22.1 18.4 10.0 2.5 2 0 4 4 4
-6406.8 -4418.1 -48.2 105 0 7.6 11.5 5.0 2.5 2 1 2 4 4
1212.6 -6792.6 -33.5 65 0 15.2 28.6 10.0 2.5 2 1 4 1 1
1286.4 -6824.7 -37.3 84 0 11.4 15.5 5.0 2.5 2 1 2 4 4
1309.5 -6811.7 -37.6 9 0 19.6 12.2 7.5 0.0 0 0 3 2 2
1312.9 -6788.1 -36.4 9 0 15.2 28.0 10.0 2.5 2 1 4 4 4
4673.7 -6757.0 -10.7 0 0 11.6 10.9 2.5 2.5 2 0 1 3 3
4080.5 -6726.7 -33.1 285 0 20.2 27.0 10.0 2.5 2 1 4 3 3
4033.7 -6799.5 -30.5 116 0 9.9 9.9 2.5 2.5 2 0 1 0 0
3495.7 -3410.4 -39.2 17 0 8.1 15.0 7.5 2.5 2 1 3 2 2
3457.2 -3338.6 -39.9 269 0 6.8 43.8 7.5 0.0 0 1 3 4 4
3594.5 -3674.0 -24.1 105 0 14.4 15.3 5.0 2.5 2 1 2 5 5
-2999.0 -3774.9 -18.3 150 0 8.0 20.6 7.5 2.5 2 1 3 3 3
-4912.4 -3065.2 -11.0 312 0 54.4 27.9 10.0 0.0 0 0 4 1 1
-4749.1 -2634.7 -1.3 285 0 9.3 33.4 7.5 2.5 4 1 3 3 3
-129.5 1447.6 -17.6 103 0 10.4 14.7 5.0 2.5 2 0 2 4 4
-112.6 1455.0 -17.7 291 0 8.1 11.7 5.0 0.0 0 1 2 1 1
-110.9 1568.2 -12.5 30 0 8.1 62.2 7.5 2.5 2 1 3 3 3
-338.9 1330.7 -24.6 352 0 8.3 11.8 5.0 2.5 4 1 2 4 4
1884.4 -5354.7 -29.9 278 0 10.1 7.2 7.5 2.5 2 0 3 0 0
1772.8 -5293.9 -21.5 178 0 10.5 8.9 2.5 2.5 2 0 1 0 0
1735.0 -5364.1 -25.9 3 0 10.5 13.9 10.0 2.5 2 1 4 3 3
1628.3 -5421.1 -33.3 171 0 15.6 11.5 2.5 2.5 2 0 1 1 1
1613.9 -5492.9 -41.6 180 0 20.0 14.6 12.5 2.5 2 0 5 1 1
1687.8 -5454.2 -36.5 356 0 12.3 11.1 7.5 2.5 2 0 3 0 0
2010.8 -5271.4 -29.8 287 0 11.4 11.0 5.0 2.5 2 0 2 4 4
1960.9 -5308.1 -31.1 92 0 15.4 11.2 5.0 2.5 2 0 2 2 2
1973.1 -5521.6 -42.9 91 0 10.8 11.9 5.0 2.5 2 1 2 1 1
1923.4 -5468.7 -36.3 267 0 10.6 10.2 5.0 2.5 2 0 2 1 1
