-2906.0 2610.7 -127.5 142 0 23.7 12.6 7.5 2.5 2 0 3 0 0
-1982.2 -3851.2 227.8 57 0 5.9 6.8 7.5 2.5 2 1 3 3 3
-607.4 -3322.7 184.4 177 0 33.7 67.5 7.5 0.0 0 1 3 2 2
-306.7 -3180.4 135.2 208 0 5.7 40.3 7.5 2.5 2 1 3 3 3
2208.5 -2917.9 -224.6 85 0 30.0 13.7 12.5 2.5 2 0 5 5 5
2193.0 -2897.5 -230.3 174 0 10.9 30.3 10.0 2.5 2 1 4 2 2
2272.8 -2890.9 -227.3 295 0 8.4 31.1 7.5 2.5 2 1 3 1 1
2962.0 -3096.2 -166.5 292 0 63.1 21.5 10.0 2.5 2 0 4 2 2
3201.7 -5037.7 83.9 178 0 21.2 47.8 10.0 2.5 2 1 4 2 2
3145.6 -4689.9 33.5 108 0 15.9 51.7 10.0 2.5 2 1 4 1 1
-788.7 2349.9 -59.7 173 0 72.0 66.7 10.0 0.0 0 0 4 5 5
