733.2 6548.2 46.4 228 0 16.7 30.4 12.5 2.5 2 1 5 5 5
582.5 6359.3 85.0 237 0 18.0 33.5 10.0 0.0 0 1 4 2 2
636.7 6267.9 79.2 75 0 19.2 31.9 10.0 0.0 0 1 4 4 4
576.1 6055.0 69.1 197 0 21.3 21.9 10.0 2.5 2 1 4 2 2
584.4 6108.4 71.2 173 0 24.2 21.5 12.5 2.5 2 0 5 5 5
1759.8 5313.9 10.8 344 0 14.9 14.0 14.0 3.5 2 0 4 0 0
1527.9 5530.6 44.1 173 0 39.3 40.3 17.5 0.0 0 1 5 5 5
1353.9 5801.6 57.6 291 0 16.9 8.8 10.5 3.5 2 0 3 2 2
1308.5 5834.8 62.3 113 0 18.5 18.6 14.0 0.0 0 1 4 4 4
643.0 5037.2 80.5 213 0 14.1 5.6 7.5 2.5 2 0 3 2 2
694.3 5367.1 63.2 344 0 15.9 18.0 10.0 2.5 2 1 4 5 5
1423.6 5622.6 58.1 350 0 24.3 58.6 17.5 3.5 2 1 5 3 3
1718.9 5625.9 37.0 97 0 8.6 29.7 10.5 3.5 2 1 3 2 2
1705.9 5623.1 38.6 90 0 16.0 24.0 17.5 3.5 2 1 5 3 3
1855.8 6222.1 42.0 42 0 19.5 21.0 17.5 3.5 2 1 5 5 5
1894.9 6202.1 28.8 159 0 26.8 44.6 10.5 0.0 0 1 3 2 2
1755.0 5397.6 17.5 27 0 7.8 7.4 10.5 3.5 2 0 3 4 4
1463.4 5719.2 56.1 357 0 11.9 23.1 17.5 0.0 0 1 5 1 1
1863.6 5604.6 17.4 129 0 14.7 14.3 17.5 3.5 4 0 5 1 1
760.2 5091.0 87.4 319 0 13.0 8.5 5.0 2.5 2 0 2 3 3
738.9 5082.9 87.5 318 0 10.7 4.8 7.5 2.5 2 0 3 5 5
778.1 5031.4 96.5 330 0 12.0 18.8 2.5 0.0 0 1 1 3 3
719.7 5103.0 81.2 246 0 9.8 4.9 7.5 2.5 2 0 3 5 5
422.2 5185.2 74.0 38 0 16.1 21.5 12.5 2.5 2 1 5 5 5
1561.8 5592.8 51.4 344 0 14.0 37.5 17.5 3.5 2 1 5 1 1
1607.7 5870.6 51.1 48 0 4.5 6.9 3.5 3.5 4 1 1 4 4
1750.5 6416.5 34.1 283 0 30.1 27.2 14.0 0.0 0 0 4 4 4
1588.2 6294.2 28.6 100 0 38.2 27.8 10.5 0.0 0 0 3 2 2
1505.4 6048.2 48.4 214 0 27.9 26.5 14.0 0.0 0 0 4 3 3
2790.3 138.3 74.1 127 0 46.1 23.8 12.5 0.0 0 0 5 4 4
1510.6 5517.3 51.1 8 0 32.3 11.4 17.5 3.5 2 0 5 0 0
1457.2 5392.9 37.0 195 0 8.6 46.6 7.0 3.5 2 0 2 2 2
1494.7 5359.1 33.9 19 0 6.6 12.4 7.0 3.5 2 0 2 2 2
1387.0 5525.3 65.6 163 0 21.9 24.6 7.0 0.0 0 1 2 1 1
1539.7 5492.1 44.1 184 1 19.8 10.1 14.0 0.0 0 0 4 3 3
1458.7 5456.0 53.0 186 0 18.8 9.0 10.5 3.5 2 0 3 4 4
1461.1 5490.6 55.2 186 0 31.5 10.6 7.0 0.0 0 0 2 4 4
1492.7 5597.0 59.7 340 0 22.7 15.8 10.5 0.0 0 0 3 5 5
1574.9 5402.9 29.9 24 0 22.4 17.2 7.0 3.5 2 0 2 2 2
1591.6 5406.1 26.5 16 0 42.3 10.1 17.5 3.5 2 0 5 3 3
2125.3 5633.5 -37.9 87 0 10.5 30.4 14.0 3.5 4 1 4 3 3
1968.0 5651.1 -13.3 134 0 29.6 13.2 17.5 3.5 2 0 5 3 3
1758.1 5641.8 33.6 91 0 11.8 17.6 17.5 3.5 2 1 5 5 5
2161.8 5553.5 -33.0 295 0 10.2 17.7 14.0 3.5 4 1 4 1 1
1855.8 5496.6 18.7 216 0 16.7 4.9 10.5 3.5 2 0 3 4 4
2083.5 5612.8 -29.1 262 0 11.5 26.3 17.5 3.5 2 1 5 3 3
1802.9 5636.9 28.9 93 0 13.7 17.7 17.5 3.5 2 1 5 5 5
1884.2 5663.5 12.2 75 0 6.9 16.0 10.5 3.5 4 1 3 1 1
1860.5 5657.1 17.2 86 0 5.7 26.2 10.5 0.0 0 1 3 5 5
1850.5 5646.9 21.3 76 0 9.1 22.7 10.5 3.5 2 1 3 0 0
1839.3 5643.7 24.7 74 1 11.1 17.1 17.5 3.5 2 1 5 2 2
1961.5 5618.9 -9.4 168 0 9.4 15.0 10.5 3.5 4 1 3 4 4
1993.2 5614.8 -12.1 336 0 6.3 10.4 10.5 3.5 2 1 3 5 5
1953.1 5625.4 -3.8 344 0 13.5 8.7 10.5 3.5 2 0 3 5 5
1963.6 5649.8 -7.2 40 0 5.9 8.4 10.5 3.5 2 1 3 4 4
1935.4 5688.5 -1.2 291 0 13.5 10.8 17.5 3.5 4 0 5 2 2
-356.0 4783.7 -7.1 348 0 27.3 8.6 5.0 2.5 2 0 2 0 0
-2107.3 5067.6 -154.2 89 0 31.1 18.5 10.0 2.5 2 0 4 1 1
-2257.8 5106.5 -149.4 280 0 28.1 12.7 10.0 2.5 2 0 4 5 5
1143.2 -6068.4 148.9 335 0 49.4 20.5 12.5 0.0 0 0 5 2 2
