1167.9 1669.6 23.5 357 0 130.9 76.4 7.5 0.0 0 0 3 1 1
-5117.2 2165.7 -9.4 36 0 12.2 6.8 10.5 3.5 2 0 3 1 1
-6014.0 1897.3 -26.9 179 0 12.3 13.7 14.0 3.5 2 1 4 5 5
-5967.8 1912.0 -26.3 267 0 11.1 20.5 14.0 3.5 2 1 4 4 4
-5876.8 1854.2 -25.2 355 0 11.4 13.7 14.0 3.5 2 1 4 4 4
-5877.3 1868.9 -25.3 356 0 13.6 13.0 14.0 3.5 2 0 4 2 2
-5878.9 1935.7 -25.5 177 0 13.9 12.8 14.0 3.5 2 0 4 5 5
-5871.6 1900.3 -25.3 87 0 10.6 9.9 10.5 3.5 2 0 3 4 4
-5736.5 1888.1 -21.3 93 0 7.0 10.6 10.5 3.5 2 1 3 3 3
-5665.4 1941.6 -20.0 1 0 7.9 13.7 10.5 3.5 2 1 3 4 4
-5666.1 1930.3 -20.0 3 0 9.0 15.0 10.5 3.5 2 1 3 3 3
-5661.6 1882.9 -19.3 95 0 8.6 8.7 10.5 3.5 2 1 3 2 2
-5677.2 1883.8 -19.8 95 0 15.0 9.1 10.5 3.5 2 0 3 1 1
-6184.5 2471.8 -26.7 174 0 30.3 21.1 14.0 3.5 2 0 4 1 1
