-6909.3 -6620.8 -9.5 164 0 13.8 9.7 7.5 2.5 2 0 3 3 3
-6911.1 -6588.3 -7.2 166 0 11.8 7.4 7.5 2.5 2 0 3 2 2
-6898.5 -6486.2 -2.7 180 0 17.2 14.3 7.5 2.5 2 0 3 1 1
-6804.4 -6614.5 -5.3 90 0 9.1 9.4 5.0 0.0 0 1 2 3 3
-6847.2 -6721.3 -18.5 91 0 23.2 13.2 12.5 2.5 2 0 5 1 1
-6855.3 -6727.8 -17.2 93 0 6.5 4.8 5.0 2.5 4 0 2 2 2
-6841.8 -6729.7 -18.3 101 0 9.4 7.6 5.0 2.5 2 0 2 2 2
6811.3 2844.3 14.1 233 0 10.9 18.3 10.0 0.0 0 1 4 2 2
6726.8 2863.4 17.3 178 0 15.7 50.1 12.5 2.5 2 1 5 2 2
6756.4 2890.2 21.6 88 0 41.2 15.8 12.5 2.5 2 0 5 4 4
6686.3 2839.7 16.5 178 0 29.0 15.1 12.5 2.5 2 0 5 5 5
6685.3 2869.4 19.8 178 0 23.2 15.3 10.0 2.5 2 0 4 2 2
6809.2 2851.2 15.7 87 0 50.2 17.4 12.5 2.5 4 0 5 4 4
6693.2 2907.9 28.0 87 0 14.9 11.5 7.5 2.5 2 0 3 0 0
1401.9 1399.8 12.4 84 0 25.3 33.1 10.0 0.0 0 1 4 4 4
1132.7 1514.1 17.6 243 0 37.2 35.5 10.0 0.0 0 0 4 1 1
6344.6 456.8 -30.2 182 0 55.5 48.8 12.5 0.0 0 0 5 0 0
1119.7 1274.3 20.9 67 0 12.8 8.0 7.0 0.0 0 0 2 1 1
-5828.3 6269.5 24.0 221 0 72.1 55.7 10.0 0.0 0 0 4 5 5
3953.4 -4022.5 -34.0 90 0 15.3 19.2 10.0 2.5 2 1 4 3 3
4105.6 -3964.4 -29.5 88 0 15.1 13.8 2.5 2.5 2 0 1 3 3
3968.6 -1834.0 -25.9 88 0 16.6 12.6 10.0 2.5 2 0 4 4 4
4193.9 -2091.7 -19.3 80 0 13.0 18.3 5.0 2.5 2 1 2 1 1
4170.4 -2342.7 -5.4 230 0 14.8 62.2 10.0 2.5 2 1 4 5 5
4604.7 -3230.6 -35.6 98 0 22.5 13.6 12.5 2.5 2 0 5 3 3
5212.8 -2064.7 -24.7 17 0 24.2 16.8 7.5 2.5 2 0 3 5 5
5289.9 -2071.9 -24.0 112 0 8.4 13.1 2.5 0.0 0 1 1 5 5
5885.1 -2036.5 -10.2 49 0 7.9 7.5 7.5 2.5 2 0 3 3 3
5868.8 -1852.3 -6.3 272 0 15.8 15.8 12.5 2.5 2 0 5 3 3
5886.7 -1925.6 -8.3 302 0 9.2 7.9 5.0 2.5 2 0 2 0 0
5644.0 -1874.9 -19.3 18 0 11.3 12.5 5.0 2.5 2 1 2 0 0
5590.8 -1903.6 -19.7 189 0 13.9 11.9 10.0 2.5 4 0 4 2 2
5673.3 -1822.5 -16.9 181 0 12.8 12.7 5.0 2.5 2 0 2 1 1
5488.8 -1914.8 -20.9 86 0 15.0 13.4 5.0 2.5 2 0 2 3 3
5354.3 -2027.6 -20.3 2 0 8.5 8.1 5.0 2.5 2 0 2 5 5
5991.0 -2315.7 -7.6 189 0 11.2 17.0 5.0 2.5 2 1 2 1 1
6151.9 -2443.0 -2.4 85 0 14.8 14.9 5.0 2.5 2 1 2 2 2
6162.6 -3418.3 10.7 178 0 10.1 37.9 12.5 2.5 2 1 5 5 5
6185.1 -3399.4 10.7 268 0 28.5 8.8 7.5 2.5 2 0 3 4 4
6146.1 -3246.9 -1.0 189 0 28.9 18.4 12.5 0.0 0 0 5 2 2
6158.1 -3227.2 -4.9 152 0 11.7 16.0 2.5 2.5 4 1 1 3 3
6199.6 -3237.1 -4.2 354 0 22.1 15.7 10.0 2.5 2 0 4 4 4
6160.9 -3196.3 -8.2 272 0 13.9 9.5 5.0 2.5 2 0 2 4 4
6231.3 -3761.7 -11.1 174 0 19.5 16.3 10.0 2.5 2 0 4 2 2
6188.7 -3987.9 -23.5 19 0 7.6 10.4 2.5 0.0 0 1 1 3 3
6150.6 -3971.9 -19.6 283 0 11.9 9.7 5.0 0.0 0 0 2 5 5
6125.6 -4003.5 -20.8 123 0 8.4 11.3 5.0 0.0 0 1 2 4 4
6117.3 -3963.2 -17.2 268 0 12.8 11.7 2.5 2.5 2 0 1 2 2
5697.2 -3839.8 -27.7 358 0 15.4 12.6 5.0 2.5 2 0 2 2 2
5887.3 -2710.6 -7.8 94 0 13.2 18.3 2.5 2.5 2 1 1 5 5
5816.7 -2707.1 -5.0 252 0 11.7 13.6 2.5 2.5 2 1 1 3 3
5786.1 -2778.3 -3.7 85 0 17.6 13.8 7.5 2.5 2 0 3 2 2
5694.4 -2742.6 5.5 94 0 16.1 16.9 10.0 2.5 2 1 4 2 2
5603.2 -2626.5 8.9 88 0 19.8 11.0 7.5 2.5 2 0 3 2 2
5553.7 -2343.2 -5.2 72 0 11.1 17.3 2.5 2.5 4 1 1 1 1
5677.0 -2222.7 -7.5 10 0 14.6 15.2 10.0 2.5 4 1 4 0 0
5645.8 -2279.8 -2.8 80 0 13.5 15.1 7.5 2.5 2 1 3 5 5
4993.5 -3331.6 -31.7 96 0 12.2 16.5 5.0 2.5 2 1 2 1 1
4915.8 -3231.6 -25.4 95 0 11.4 15.3 10.0 0.0 0 1 4 2 2
5062.3 -3420.3 -28.3 97 0 14.1 10.1 10.0 2.5 2 0 4 0 0
4982.6 -3494.6 -36.6 58 0 10.3 15.7 2.5 2.5 2 1 1 5 5
4920.9 -3425.5 -29.6 151 0 12.5 12.4 5.0 2.5 2 0 2 4 4
4813.7 -3698.5 -25.9 355 0 8.8 8.1 7.5 2.5 2 0 3 5 5
4483.7 -3034.4 -24.7 356 0 21.3 19.8 12.5 2.5 2 0 5 1 1
4421.3 -2971.5 -16.7 89 0 18.7 20.3 12.5 2.5 2 1 5 1 1
4413.5 -2833.4 -14.7 144 0 15.1 12.1 10.0 0.0 0 0 4 1 1
4557.0 -2677.6 -25.6 82 0 17.3 20.7 12.5 2.5 2 1 5 5 5
6351.8 2651.1 29.9 18 0 68.0 39.3 10.0 0.0 0 0 4 3 3
-1468.5 2308.9 -2.4 277 0 16.9 16.8 5.0 2.5 2 0 2 2 2
-1398.1 2381.2 -4.5 41 0 34.6 24.2 12.5 0.0 0 0 5 5 5
-1505.8 -964.4 -5.1 2 0 13.1 10.7 5.0 2.5 2 0 2 4 4
-1201.8 -2114.1 -7.2 238 0 41.4 70.1 10.0 0.0 0 1 4 4 4
-187.2 -2088.1 -3.2 39 0 11.5 35.8 2.5 2.5 2 1 1 4 4
-1269.4 2238.0 -4.0 312 0 38.2 48.0 12.5 0.0 0 1 5 2 2
-1392.0 2374.3 -6.1 242 0 51.2 123.9 10.0 0.0 0 1 4 0 0
-1468.1 2453.9 -17.2 327 0 76.0 32.0 12.5 0.0 0 0 5 1 1
-3219.0 2866.1 -6.8 271 0 66.7 65.0 10.0 0.0 0 0 4 2 2
