-4410.1 1143.8 -102.7 257 0 8.7 12.8 5.0 0.0 0 1 2 4 4
-4511.1 1315.1 -104.7 335 0 14.0 10.1 7.5 2.5 2 0 3 1 1
-4487.3 1228.2 -102.6 353 0 9.7 7.5 2.5 0.0 0 0 1 3 3
-4461.8 1269.7 -105.5 270 0 5.5 10.4 7.5 2.5 2 1 3 4 4
-4481.3 1159.1 -100.1 267 0 9.8 10.3 2.5 2.5 2 1 1 0 0
-4470.1 1025.6 -107.9 88 0 16.7 17.1 10.0 2.5 2 1 4 0 0
-4424.1 991.4 -109.4 97 0 11.3 9.4 7.5 2.5 2 0 3 3 3
-4478.9 995.5 -110.6 310 0 8.2 11.3 7.5 0.0 0 1 3 1 1
-4377.6 972.3 -107.7 99 0 12.4 6.6 5.0 2.5 2 0 2 1 1
-4366.5 1009.1 -107.3 355 0 12.5 11.4 5.0 2.5 2 0 2 0 0
-4391.9 990.8 -108.4 95 0 7.8 12.7 7.5 2.5 2 1 3 4 4
-4401.3 980.3 -109.1 89 0 7.7 11.7 2.5 0.0 0 1 1 2 2
-4359.0 1017.4 -106.8 170 0 15.6 9.6 7.5 2.5 2 0 3 1 1
-4407.5 903.6 -110.5 22 0 13.9 17.9 10.0 2.5 2 1 4 1 1
-4387.5 861.6 -108.3 209 0 14.2 16.0 7.5 0.0 0 1 3 5 5
-4401.2 793.1 -108.5 180 0 13.6 12.0 5.0 2.5 2 0 2 3 3
-4534.6 759.9 -98.3 235 0 11.4 15.0 7.5 2.5 2 1 3 4 4
-4533.5 785.6 -102.4 151 0 9.1 13.2 7.5 2.5 2 1 3 3 3
-4462.0 797.3 -108.4 244 0 9.8 9.9 7.5 2.5 2 1 3 2 2
-4416.4 679.0 -106.0 349 0 8.6 15.1 7.5 2.5 2 1 3 1 1
-4392.7 644.7 -107.6 187 0 20.4 22.2 12.5 2.5 2 1 5 3 3
-4359.7 603.0 -106.4 5 0 10.2 17.2 7.5 2.5 2 1 3 4 4
-4383.9 566.8 -105.9 189 0 13.2 16.0 7.5 2.5 4 1 3 2 2
-4388.2 483.4 -107.2 115 0 12.3 11.3 5.0 0.0 0 0 2 2 2
2597.5 1213.9 -94.5 215 0 20.8 19.6 10.0 0.0 0 0 4 2 2
-6578.8 -2754.7 -94.3 277 0 13.4 13.4 7.5 2.5 2 1 3 5 5
-6542.7 -2794.3 -92.1 4 0 13.2 15.4 5.0 2.5 2 1 2 0 0
-6597.7 -2773.6 -93.7 260 0 9.7 26.6 7.5 2.5 2 1 3 5 5
-6609.2 -2752.4 -95.3 266 0 15.6 14.2 5.0 2.5 4 0 2 5 5
-6425.6 -2651.1 -95.7 300 0 17.2 15.5 10.0 2.5 2 0 4 5 5
-6404.6 -2665.6 -95.2 298 0 10.4 14.2 2.5 0.0 0 1 1 5 5
-6450.2 -2626.5 -94.9 303 0 25.5 12.2 10.0 2.5 2 0 4 2 2
-6454.4 -2611.9 -94.1 122 0 20.0 27.6 12.5 2.5 2 1 5 4 4
-6455.7 -2562.4 -95.1 196 0 25.4 13.1 15.0 0.0 0 0 6 4 4
-6530.7 -2606.1 -97.7 63 0 19.3 13.5 10.0 2.5 2 0 4 4 4
-6529.3 -2579.9 -97.1 351 0 14.5 29.0 7.5 2.5 2 1 3 3 3
-6526.9 -2633.3 -98.5 270 0 11.8 14.6 5.0 2.5 2 1 2 1 1
-6309.4 -2653.8 -91.1 300 0 17.8 12.9 5.0 2.5 2 0 2 3 3
-6277.0 -2672.2 -90.2 292 0 6.3 6.1 2.5 2.5 4 0 1 3 3
-6255.5 -2679.4 -89.8 295 0 6.5 9.8 7.5 2.5 2 0 3 3 3
-6248.9 -2731.2 -89.9 112 0 8.6 13.4 5.0 2.5 2 1 2 2 2
-6226.9 -2733.3 -89.6 110 0 25.9 12.0 12.5 2.5 2 0 5 3 3
-6202.5 -2731.4 -88.5 111 0 12.0 13.5 2.5 2.5 4 1 1 1 1
-6319.1 -2727.3 -91.1 300 0 19.2 7.1 7.5 2.5 2 0 3 1 1
-6293.0 -2736.9 -89.9 291 0 13.2 10.5 7.5 0.0 0 0 3 3 3
-6300.0 -2747.2 -89.6 291 0 13.5 6.0 2.5 2.5 2 0 1 2 2
-6301.8 -2760.9 -88.9 288 0 14.9 9.2 7.5 2.5 2 0 3 0 0
-6228.8 -2752.2 -88.0 285 0 14.5 31.6 10.0 2.5 4 1 4 4 4
-6218.7 -2772.8 -88.0 282 0 7.3 8.8 5.0 0.0 0 1 2 2 2
-6210.8 -2776.2 -88.1 288 0 5.2 9.3 5.0 0.0 0 1 2 3 3
-6173.1 -2843.0 -88.6 109 0 16.6 15.4 10.0 2.5 2 0 4 5 5
-6317.1 -2800.6 -87.9 196 0 12.1 12.2 7.5 2.5 4 1 3 1 1
-6311.8 -2853.4 -88.2 104 0 14.8 16.2 7.5 2.5 2 1 3 5 5
-6239.2 -2865.1 -88.5 24 0 11.5 19.2 5.0 0.0 0 1 2 0 0
-6220.2 -2818.4 -88.3 10 0 11.0 13.2 7.5 2.5 2 1 3 3 3
-6194.8 -2835.6 -88.5 103 0 11.6 12.6 7.5 2.5 2 1 3 4 4
-6230.2 -2854.7 -88.5 106 0 9.8 16.8 5.0 2.5 2 1 2 5 5
-6346.7 -2752.6 -90.2 195 0 11.6 18.6 5.0 2.5 4 1 2 3 3
-6265.1 -2841.0 -88.3 108 0 16.2 15.0 10.0 2.5 4 0 4 3 3
-6299.6 -2781.7 -87.8 286 0 11.9 10.4 2.5 2.5 2 0 1 3 3
-6270.4 -2741.1 -89.3 293 0 10.8 10.4 5.0 2.5 2 0 2 1 1
-6510.9 -2611.9 -97.1 259 0 6.5 18.1 2.5 2.5 2 1 1 5 5
-6654.8 -2645.0 -100.8 87 0 12.1 11.7 7.5 2.5 2 0 3 0 0
-6691.8 -2612.1 -99.7 206 0 14.7 19.9 12.5 0.0 0 1 5 4 4
-6624.4 -6654.0 -111.6 315 0 8.4 13.5 2.5 2.5 2 1 1 1 1
-6590.4 -6718.1 -103.6 355 0 9.3 10.1 2.5 2.5 2 1 1 1 1
-6601.8 -6805.2 -106.9 92 0 13.1 9.8 7.5 2.5 2 0 3 4 4
-6560.0 -6769.3 -105.6 271 0 7.1 12.0 7.5 2.5 2 1 3 4 4
-6550.9 -6771.1 -105.6 274 0 9.1 13.6 5.0 2.5 2 1 2 4 4
-6311.6 -6817.4 -104.7 93 0 9.9 8.1 7.5 2.5 2 0 3 0 0
1272.7 1169.0 -87.5 160 0 19.4 19.0 10.0 2.5 2 0 4 4 4
1371.0 1108.4 -94.1 25 0 13.3 27.4 10.0 2.5 2 1 4 4 4
1454.6 1074.1 -93.3 15 0 43.6 18.7 7.5 2.5 4 0 3 5 5
1387.0 1127.9 -93.2 295 0 8.3 17.7 5.0 0.0 0 1 2 3 3
1389.4 1161.6 -89.5 116 0 6.7 13.4 5.0 2.5 2 1 2 0 0
-2490.4 2488.3 -97.0 258 0 15.0 10.6 2.5 2.5 2 0 1 2 2
-2477.0 2426.2 -94.9 76 0 7.7 6.9 5.0 2.5 2 0 2 4 4
-2432.4 2510.2 -94.3 250 0 10.2 11.5 2.5 0.0 0 1 1 1 1
-2400.9 2544.3 -94.9 75 0 13.5 13.1 7.5 2.5 2 0 3 1 1
-2363.8 2371.9 -94.3 0 0 9.7 11.1 7.5 2.5 2 1 3 4 4
-2383.7 2521.1 -94.8 253 0 18.8 10.7 7.5 2.5 2 0 3 5 5
-2467.3 2474.8 -95.8 353 0 8.6 10.6 5.0 0.0 0 1 2 3 3
-2247.1 2555.7 -95.7 283 0 20.4 10.4 5.0 2.5 2 0 2 5 5
-2168.0 2518.1 -98.3 10 0 10.6 21.8 7.5 2.5 2 1 3 0 0
-2219.4 2582.1 -95.3 104 0 7.7 8.2 5.0 2.5 2 1 2 2 2
-1992.7 2529.6 -96.8 278 0 11.9 7.9 7.5 2.5 2 0 3 0 0
-1950.6 2548.4 -93.0 190 0 13.2 19.7 12.5 2.5 2 1 5 5 5
-1697.8 2758.9 -91.9 196 0 7.9 14.1 5.0 2.5 2 1 2 4 4
-1665.0 2841.2 -95.4 188 0 8.2 10.1 5.0 2.5 2 1 2 5 5
-1648.3 2833.9 -95.3 115 0 9.3 11.9 5.0 2.5 2 1 2 3 3
-1638.2 2829.0 -95.2 130 0 8.6 12.4 5.0 2.5 2 1 2 4 4
-1924.6 2623.5 -87.9 178 0 31.4 10.1 10.0 2.5 2 0 4 4 4
-1894.1 2598.8 -87.3 89 0 7.0 42.7 7.5 2.5 2 1 3 1 1
-1859.4 2595.9 -86.9 85 0 43.1 13.2 15.0 0.0 0 0 6 1 1
-1909.8 2672.0 -85.2 193 0 22.2 12.8 10.0 2.5 2 0 4 3 3
-1843.4 2677.9 -82.0 357 0 10.7 31.7 10.0 2.5 4 1 4 2 2
-1767.8 2571.4 -90.0 82 0 19.0 19.9 10.0 2.5 2 1 4 5 5
-1789.8 2544.0 -94.0 256 0 20.0 11.7 2.5 0.0 0 0 1 1 1
-1632.3 2750.1 -94.5 5 0 8.5 9.0 5.0 2.5 2 1 2 1 1
-1610.3 2738.6 -94.3 355 0 8.7 8.4 2.5 2.5 4 0 1 3 3
-1492.6 2452.1 -96.8 203 0 15.2 9.4 7.5 2.5 2 0 3 5 5
-1384.9 2380.9 -90.8 9 0 10.2 7.7 7.5 2.5 2 0 3 1 1
-1384.7 2407.2 -93.6 17 0 9.9 12.1 7.5 0.0 0 1 3 2 2
-1440.7 2467.6 -95.7 114 0 15.1 13.6 5.0 2.5 2 0 2 1 1
-1413.0 2395.7 -92.0 194 0 10.0 9.4 5.0 2.5 2 0 2 2 2
-1435.3 2397.7 -92.0 200 0 11.1 9.2 7.5 2.5 2 0 3 0 0
-1416.9 2424.3 -94.8 203 0 10.9 13.0 10.0 0.0 0 1 4 0 0
-1452.8 2551.2 -95.5 202 0 12.2 11.3 5.0 2.5 2 0 2 1 1
-1468.1 2512.1 -96.2 196 0 7.6 10.4 7.5 2.5 2 1 3 4 4
-1437.1 2689.8 -93.7 16 0 9.3 25.7 2.5 2.5 2 1 1 3 3
-1476.6 2655.4 -94.4 93 0 11.0 19.0 10.0 2.5 2 1 4 3 3
-1441.0 2642.7 -93.9 193 0 11.3 20.7 2.5 2.5 2 1 1 1 1
-1418.1 2677.8 -93.6 236 0 12.2 13.4 2.5 2.5 2 1 1 5 5
-1436.8 2655.7 -93.8 213 0 7.8 11.2 7.5 0.0 0 1 3 4 4
-1431.9 2667.4 -93.7 212 0 11.1 8.7 2.5 2.5 2 0 1 3 3
-1575.3 2827.9 -94.9 14 0 6.2 11.9 5.0 2.5 2 1 2 1 1
-1624.6 2768.1 -94.6 340 0 10.1 7.2 5.0 2.5 2 0 2 1 1
6913.6 1804.6 -56.1 187 0 8.5 14.8 7.5 2.5 2 1 3 3 3
6606.3 2152.4 -69.5 97 0 11.1 9.2 7.5 0.0 0 0 3 4 4
6225.8 1990.1 -79.8 273 0 8.6 13.3 5.0 2.5 2 1 2 5 5
6371.9 1934.0 -82.4 285 0 7.6 44.7 7.5 2.5 2 1 3 0 0
6107.3 2050.0 -71.0 190 0 12.8 16.0 7.5 2.5 2 0 3 4 4
6109.5 2068.4 -70.8 195 0 18.1 12.2 2.5 2.5 2 0 1 2 2
6096.5 2059.2 -68.8 8 0 20.5 7.7 7.5 2.5 2 0 3 1 1
6037.2 2028.3 -67.7 94 0 24.6 7.7 7.5 2.5 2 0 3 1 1
6042.5 2104.8 -70.3 272 0 12.6 17.7 5.0 2.5 2 1 2 3 3
6027.8 2098.2 -71.0 270 0 8.6 11.3 7.5 2.5 2 1 3 5 5
6031.3 2045.4 -68.1 186 0 8.7 8.0 7.5 2.5 2 0 3 0 0
6079.9 1952.6 -69.3 208 0 11.7 13.4 7.5 2.5 2 1 3 0 0
6062.0 1927.4 -68.7 194 0 9.4 9.5 7.5 2.5 2 1 3 5 5
5884.7 1859.4 -68.4 26 0 10.7 10.5 5.0 2.5 2 0 2 0 0
5970.7 1703.7 -79.1 326 0 9.5 10.4 7.5 2.5 2 1 3 5 5
5827.0 1824.6 -66.8 112 0 19.6 6.7 5.0 2.5 2 0 2 5 5
5810.6 1831.5 -65.0 107 0 6.9 9.9 7.5 2.5 2 1 3 3 3
5831.5 1522.1 -83.5 77 0 10.2 15.9 5.0 2.5 2 1 2 4 4
5853.0 1509.5 -85.1 69 0 5.0 6.4 7.5 0.0 0 1 3 3 3
5777.1 1566.6 -79.2 272 0 6.6 7.5 2.5 2.5 2 1 1 3 3
5902.3 1783.1 -72.7 337 0 9.3 11.3 5.0 2.5 2 1 2 0 0
5907.8 1768.8 -73.7 340 0 12.3 13.8 10.0 2.5 2 1 4 3 3
5958.5 785.1 -74.8 84 0 6.5 9.8 7.5 2.5 2 1 3 2 2
5777.0 9.5 -81.0 83 0 7.9 16.5 7.5 2.5 2 1 3 5 5
6447.8 207.4 -81.2 273 0 11.7 13.8 10.0 2.5 2 1 4 4 4
6730.4 490.9 -83.5 177 0 6.5 11.1 5.0 0.0 0 1 2 0 0
1111.8 1080.5 -87.3 275 0 15.5 30.4 10.0 2.5 2 1 4 5 5
1300.6 1122.1 -95.0 245 0 66.1 15.8 12.5 2.5 2 0 5 4 4
1065.7 1093.2 -83.2 281 0 16.8 18.2 10.0 2.5 2 1 4 5 5
-6909.1 209.7 -81.9 172 0 12.7 10.8 2.5 2.5 2 0 1 4 4
-6388.5 862.2 -88.8 37 0 14.7 18.8 12.5 2.5 2 1 5 5 5
-6433.5 798.2 -88.1 24 0 13.1 10.5 7.5 2.5 2 0 3 0 0
-6395.2 -2100.2 -95.6 84 0 11.1 11.5 5.0 2.5 2 0 2 3 3
-6421.8 -2026.2 -94.4 238 0 5.5 11.5 7.5 2.5 2 1 3 3 3
-6464.9 -2052.6 -97.7 190 0 13.1 9.2 2.5 2.5 2 0 1 5 5
-6383.3 -2022.3 -92.9 356 0 12.9 8.2 5.0 2.5 2 0 2 0 0
-6406.2 -1997.3 -93.2 176 0 10.9 15.3 5.0 2.5 2 1 2 2 2
-6451.0 -1923.4 -96.9 278 0 10.8 12.0 5.0 2.5 2 1 2 3 3
-6443.2 -1940.5 -95.9 213 0 9.4 10.2 7.5 0.0 0 1 3 5 5
-6374.5 -2057.9 -94.0 355 0 12.3 13.9 5.0 2.5 2 1 2 0 0
-6364.0 -2096.9 -94.5 13 0 14.9 10.3 7.5 2.5 2 0 3 2 2
-6383.4 -2095.5 -95.1 87 0 11.7 13.4 2.5 2.5 2 0 1 3 3
-6340.4 -1981.5 -90.8 3 0 11.7 9.6 5.0 2.5 2 0 2 5 5
-6388.7 -1962.4 -93.1 178 0 17.9 13.5 7.5 2.5 2 0 3 4 4
-6404.2 -1959.4 -94.1 94 0 11.1 12.0 7.5 2.5 2 1 3 5 5
-6329.4 -1939.3 -92.6 3 0 14.2 18.4 12.5 2.5 2 1 5 5 5
-6313.8 -2000.1 -89.8 3 0 17.7 15.1 5.0 2.5 2 0 2 3 3
-6310.2 -1924.5 -94.6 11 0 10.1 8.8 5.0 2.5 2 0 2 3 3
-6388.9 -1895.9 -94.6 278 0 14.5 14.3 7.5 2.5 2 0 3 0 0
-6345.0 -1864.5 -98.6 200 0 15.6 14.6 5.0 2.5 2 0 2 0 0
-6290.8 -1819.0 -99.0 8 0 19.0 14.1 7.5 2.5 2 0 3 1 1
-6391.4 -1796.4 -101.1 276 0 14.3 15.9 2.5 2.5 2 1 1 2 2
-6299.0 -1793.5 -98.6 276 0 14.9 7.7 5.0 0.0 0 0 2 4 4
-6288.4 -1747.7 -96.3 11 0 18.3 13.3 5.0 2.5 2 0 2 0 0
-6351.6 -1700.9 -96.7 283 0 12.5 12.8 5.0 2.5 2 1 2 5 5
-6366.3 -1748.5 -98.8 91 0 10.5 11.4 5.0 2.5 2 1 2 1 1
-6289.6 -1662.9 -95.1 8 0 25.9 18.9 10.0 2.5 2 0 4 2 2
-6248.6 -1909.4 -99.0 109 0 13.9 12.0 2.5 2.5 4 0 1 3 3
-6260.7 -1851.9 -99.9 191 0 12.1 18.3 5.0 2.5 2 1 2 5 5
-6317.8 -1594.9 -97.7 107 0 24.2 12.6 12.5 0.0 0 0 5 2 2
-6287.7 -1590.6 -95.9 5 0 14.7 15.4 2.5 2.5 2 1 1 1 1
-6289.3 -1570.2 -96.7 15 0 12.1 16.8 5.0 2.5 2 1 2 1 1
-6281.0 -1545.5 -97.5 10 0 15.7 19.2 12.5 2.5 2 1 5 3 3
-6282.3 -1525.8 -98.8 15 0 15.4 19.8 10.0 2.5 2 1 4 1 1
-6319.1 -1516.4 -100.6 186 0 21.5 15.8 12.5 2.5 2 0 5 2 2
-6278.3 -1502.1 -99.8 8 0 18.1 20.0 12.5 2.5 4 1 5 0 0
-6357.1 -1420.0 -103.1 277 0 15.5 20.2 7.5 2.5 2 1 3 2 2
-6327.9 -1418.1 -102.5 276 0 19.7 18.3 7.5 2.5 2 0 3 5 5
-6267.3 -1467.6 -100.8 14 0 17.9 28.3 12.5 2.5 2 0 5 5 5
-6246.5 -1404.0 -99.6 11 0 13.1 11.3 5.0 2.5 2 0 2 0 0
-6239.9 -1377.9 -99.4 12 0 12.1 18.7 2.5 2.5 2 0 1 3 3
-6256.2 -1503.4 -97.2 192 0 14.1 17.1 7.5 0.0 0 1 3 5 5
-6146.4 -1524.0 -96.0 356 0 58.1 61.3 17.5 0.0 0 1 7 3 3
-6250.9 -1478.4 -97.9 192 0 12.9 16.5 5.0 2.5 2 0 2 1 1
-6243.6 -1449.3 -98.7 186 0 13.8 21.1 10.0 2.5 2 1 4 2 2
-6237.9 -1468.6 -97.9 191 0 14.8 15.9 7.5 2.5 2 0 3 2 2
-6213.2 -1457.6 -97.6 276 0 14.1 5.8 5.0 2.5 2 0 2 2 2
-6231.4 -1531.3 -95.4 190 0 19.1 12.3 2.5 2.5 2 0 1 5 5
-6235.9 -1433.9 -98.5 102 0 6.5 6.7 5.0 2.5 2 0 2 3 3
-6223.8 -1436.6 -98.0 109 0 7.2 7.5 2.5 2.5 2 0 1 2 2
-6229.4 -1432.3 -98.4 104 0 11.8 29.5 10.0 2.5 2 0 4 3 3
-6178.0 -1405.4 -97.2 11 0 10.2 22.0 2.5 2.5 2 1 1 5 5
-6218.4 -1363.0 -98.4 195 0 16.6 22.3 7.5 2.5 2 1 3 2 2
-6227.6 -1349.0 -98.4 21 0 18.0 12.3 2.5 2.5 2 0 1 4 4
-6265.3 -1279.7 -97.9 238 0 11.8 36.0 10.0 2.5 4 1 4 2 2
-6268.0 -1342.4 -98.9 184 0 26.2 13.0 7.5 2.5 2 0 3 4 4
-6206.9 -1337.0 -98.6 204 0 31.1 17.7 10.0 2.5 2 0 4 0 0
-6186.1 -1349.2 -98.3 204 0 21.7 11.0 7.5 2.5 2 0 3 1 1
-6198.0 -1295.7 -98.0 29 0 18.2 8.9 7.5 2.5 2 0 3 1 1
-6209.3 -1437.4 -97.6 99 0 16.0 15.3 10.0 2.5 2 0 4 4 4
-6185.1 -1443.3 -96.5 95 0 8.2 12.7 7.5 2.5 2 0 3 2 2
-6269.1 -1871.7 -99.0 187 0 14.3 13.8 10.0 2.5 2 0 4 0 0
-6439.2 -2397.2 -94.6 22 0 14.6 15.4 5.0 2.5 2 1 2 1 1
-6510.3 -2362.4 -90.3 186 0 41.3 9.7 7.5 2.5 4 0 3 2 2
-6511.9 -2440.9 -91.1 109 0 10.7 30.5 7.5 2.5 2 1 3 4 4
-6392.9 -2364.5 -97.7 202 0 12.1 14.0 10.0 2.5 2 1 4 2 2
-6514.7 -2265.3 -97.1 125 0 11.5 12.8 5.0 2.5 2 1 2 5 5
-6647.3 -2461.9 -91.5 179 0 17.3 15.4 12.5 2.5 2 0 5 2 2
-6526.6 -2521.2 -94.3 135 0 8.2 9.2 7.5 2.5 4 1 3 2 2
-6402.3 -2236.1 -99.1 280 0 15.9 18.6 12.5 0.0 0 1 5 5 5
-6479.2 -2197.8 -98.0 24 0 11.4 12.5 5.0 2.5 2 1 2 1 1
-6333.3 -2267.7 -98.5 117 0 12.9 14.9 5.0 2.5 2 0 2 4 4
-6300.4 -2262.2 -97.3 103 0 41.3 17.4 12.5 2.5 2 0 5 5 5
-6310.1 -2229.7 -96.4 199 0 14.5 27.7 10.0 2.5 2 1 4 2 2
-6398.9 -1234.1 -98.1 150 0 11.9 32.8 10.0 0.0 0 1 4 3 3
-6332.5 -1208.3 -97.4 340 0 12.0 35.9 12.5 2.5 2 1 5 5 5
-6304.7 -1218.6 -96.6 324 0 8.4 21.6 2.5 2.5 2 0 1 3 3
-6364.3 -1237.2 -97.7 162 0 12.4 10.7 10.0 2.5 2 0 4 5 5
-6389.7 -1354.5 -101.7 355 0 13.0 16.5 5.0 2.5 2 1 2 2 2
-6301.5 -1285.7 -97.9 88 0 12.8 19.2 5.0 2.5 2 1 2 1 1
-6318.3 -1281.6 -98.0 76 0 10.5 16.8 7.5 2.5 2 1 3 5 5
-6322.7 -1241.8 -97.6 339 0 14.1 13.2 2.5 2.5 2 0 1 5 5
-6372.8 -1126.3 -94.2 331 0 11.6 8.6 2.5 2.5 2 0 1 1 1
-6235.9 -1293.4 -97.0 144 0 14.3 18.6 10.0 2.5 2 0 4 1 1
-6253.0 -1271.0 -96.6 143 0 17.6 15.8 10.0 2.5 2 0 4 4 4
-6316.6 -1181.8 -94.8 151 0 26.9 8.6 5.0 2.5 2 0 2 2 2
-6324.4 -1163.7 -94.0 143 0 7.0 6.8 7.5 2.5 2 0 3 3 3
-6326.6 -1156.8 -93.7 147 0 9.9 7.3 7.5 2.5 2 0 3 2 2
-6119.7 -1061.4 -98.8 2 0 13.6 15.3 5.0 2.5 2 1 2 5 5
-6138.5 -1032.8 -97.2 276 0 13.3 10.9 7.5 2.5 2 0 3 1 1
-6220.4 -828.4 -95.4 106 0 9.8 13.3 7.5 2.5 2 1 3 0 0
-6189.7 -839.2 -96.4 106 0 36.6 10.4 17.5 0.0 0 0 7 1 1
-6141.5 -841.6 -98.2 12 0 18.9 9.7 2.5 2.5 2 0 1 4 4
-6131.0 -824.3 -100.1 14 0 13.6 66.7 12.5 2.5 2 1 5 2 2
-6205.4 -812.5 -97.5 98 0 14.7 10.4 5.0 0.0 0 0 2 1 1
-6174.2 -794.7 -100.3 12 0 16.3 12.2 5.0 2.5 2 0 2 4 4
-6174.4 -741.5 -104.6 267 0 12.4 25.1 10.0 2.5 2 1 4 0 0
-6204.0 -752.3 -101.8 264 0 9.6 11.9 7.5 2.5 2 1 3 2 2
-6264.7 -659.7 -106.4 247 0 7.9 9.5 5.0 2.5 4 1 2 2 2
-6216.0 -700.0 -106.2 1 0 18.6 12.8 5.0 2.5 2 0 2 5 5
-6117.2 -614.4 -100.7 349 0 11.5 11.4 5.0 2.5 2 0 2 4 4
-6110.7 -855.9 -98.8 210 0 14.5 19.4 10.0 2.5 4 1 4 5 5
-6083.9 -952.2 -98.5 36 0 9.6 8.3 7.5 2.5 2 0 3 4 4
-6056.8 -931.1 -99.3 57 0 9.4 9.9 2.5 2.5 2 1 1 3 3
-6143.8 -910.4 -96.5 233 0 14.6 16.8 5.0 2.5 2 1 2 3 3
-6083.0 -803.0 -103.0 108 0 13.9 17.4 2.5 0.0 0 1 1 4 4
-6113.2 -777.1 -103.8 185 0 15.8 10.8 5.0 2.5 2 0 2 1 1
-6088.6 -756.5 -102.2 189 0 19.5 11.2 2.5 2.5 2 0 1 2 2
-6060.0 -784.1 -101.4 99 0 15.2 13.1 2.5 2.5 2 0 1 5 5
-5975.1 -871.2 -99.5 70 0 16.4 12.5 5.0 2.5 2 0 2 1 1
-5933.1 -863.5 -101.3 88 0 18.9 17.0 10.0 2.5 2 0 4 4 4
-5909.9 -868.4 -102.5 91 0 15.1 13.5 5.0 2.5 4 0 2 4 4
-5963.6 -902.1 -103.5 252 0 17.0 16.0 7.5 2.5 2 0 3 2 2
-5928.7 -884.3 -104.9 266 0 12.0 13.7 7.5 2.5 2 1 3 4 4
-5935.1 -816.1 -97.1 262 0 14.4 19.7 12.5 0.0 0 1 5 2 2
-5846.1 -828.3 -97.7 351 0 8.3 37.5 7.5 2.5 2 1 3 3 3
-5784.8 -854.7 -99.8 7 0 11.1 13.6 10.0 2.5 2 1 4 3 3
-5732.0 -926.5 -106.1 280 0 10.7 12.1 2.5 0.0 0 1 1 5 5
-5711.7 -937.3 -106.4 14 0 12.7 12.4 7.5 2.5 2 0 3 1 1
-5725.3 -903.4 -102.7 89 0 17.0 8.3 5.0 2.5 2 0 2 4 4
-5680.1 -843.8 -95.9 84 0 18.0 20.5 12.5 2.5 2 1 5 3 3
-5618.7 -907.6 -101.9 86 0 11.1 10.8 5.0 2.5 2 0 2 1 1
-5630.2 -909.0 -102.1 93 0 8.5 12.4 7.5 2.5 2 1 3 3 3
-5737.5 -777.5 -95.3 175 0 7.3 11.9 5.0 2.5 2 0 2 3 3
-5697.1 -772.7 -94.9 275 0 12.6 7.9 5.0 2.5 2 0 2 0 0
-5662.8 -805.4 -93.0 91 0 9.9 11.3 5.0 2.5 2 1 2 5 5
-5613.8 -726.3 -95.1 1 0 13.3 13.0 7.5 2.5 2 0 3 0 0
-5588.2 -732.4 -94.0 13 0 14.7 15.8 10.0 2.5 2 1 4 2 2
-5663.9 -684.6 -99.1 84 0 16.1 15.4 10.0 2.5 2 0 4 1 1
-5606.3 -664.7 -97.0 254 0 16.1 16.7 10.0 2.5 2 1 4 2 2
-5584.1 -684.9 -96.1 88 0 11.0 13.9 5.0 2.5 2 1 2 1 1
-5569.0 -687.0 -95.6 90 0 10.9 11.9 2.5 2.5 2 1 1 1 1
-5546.0 -687.6 -95.0 98 0 11.4 12.5 10.0 2.5 2 1 4 1 1
-5566.6 -798.7 -93.8 353 0 13.4 13.8 5.0 2.5 2 1 2 2 2
-5493.1 -877.4 -104.7 65 0 19.6 13.7 12.5 2.5 2 0 5 4 4
-5522.1 -932.9 -105.9 171 0 12.4 16.1 2.5 2.5 2 1 1 5 5
-5492.4 -764.8 -98.7 163 0 18.7 13.0 7.5 2.5 2 0 3 0 0
-5464.5 -848.8 -105.4 71 0 14.4 19.2 10.0 2.5 2 1 4 5 5
-5482.1 -725.1 -96.1 351 0 10.3 16.2 2.5 2.5 2 1 1 1 1
-5416.1 -797.8 -107.8 62 0 21.8 14.8 10.0 2.5 4 0 4 2 2
-5382.6 -727.9 -107.8 270 0 15.0 11.4 2.5 2.5 2 0 1 3 3
-5352.0 -833.6 -114.8 119 0 28.2 16.6 15.0 0.0 0 0 6 3 3
-5322.9 -717.2 -112.6 33 0 11.5 9.9 7.5 2.5 2 0 3 4 4
-5376.1 -790.5 -111.6 51 0 12.9 16.4 7.5 2.5 2 1 3 5 5
-5415.4 -738.6 -105.7 261 0 14.2 16.9 5.0 2.5 2 1 2 0 0
-5354.9 -655.2 -108.6 260 0 15.6 21.3 12.5 2.5 4 1 5 5 5
-5229.1 -729.5 -115.8 98 0 15.3 25.1 10.0 2.5 2 1 4 4 4
-5441.1 -657.7 -98.5 175 0 11.4 8.4 7.5 2.5 2 0 3 1 1
-5524.9 -429.8 -109.5 172 0 13.9 12.8 5.0 2.5 2 0 2 5 5
-5483.1 -426.8 -109.1 300 0 10.3 7.5 7.5 2.5 2 0 3 1 1
-5461.5 -333.0 -110.8 236 0 13.8 8.1 5.0 2.5 2 0 2 2 2
-5436.8 -474.9 -107.4 165 0 16.2 14.1 5.0 2.5 2 0 2 5 5
-5369.4 -449.6 -107.3 342 0 16.9 22.0 7.5 2.5 2 1 3 0 0
-5453.3 -491.5 -106.5 184 0 14.7 9.2 5.0 2.5 2 0 2 3 3
-5510.5 -584.4 -101.5 81 0 14.8 12.0 7.5 2.5 2 0 3 5 5
-5332.6 -416.0 -108.1 170 0 15.3 17.9 10.0 2.5 2 1 4 0 0
-5323.0 -462.3 -106.3 164 0 13.2 13.4 7.5 2.5 2 1 3 2 2
4100.4 -6708.9 -112.9 180 0 8.7 12.7 2.5 2.5 2 1 1 4 4
4121.3 -5442.7 -86.0 75 0 9.4 19.8 5.0 2.5 2 1 2 0 0
4096.1 -5273.4 -95.5 354 0 11.2 16.9 5.0 0.0 0 1 2 2 2
4059.9 -5234.3 -97.1 268 0 11.3 13.6 2.5 2.5 4 1 1 4 4
4058.1 -5290.1 -97.0 94 0 16.9 11.7 7.5 2.5 2 0 3 4 4
4134.7 -5315.2 -87.9 273 0 13.7 16.7 5.0 2.5 2 1 2 5 5
4025.9 -5255.9 -98.7 180 0 14.8 15.6 7.5 2.5 2 1 3 4 4
-3028.8 -5861.8 -104.4 94 0 15.0 9.4 7.5 2.5 2 0 3 0 0
-2998.5 -5864.4 -104.3 72 0 14.2 11.4 5.0 2.5 2 0 2 0 0
-2973.9 -5673.3 -96.0 271 0 15.3 16.4 7.5 2.5 2 1 3 3 3
-2869.3 -5673.8 -94.8 276 0 9.4 10.8 5.0 2.5 2 1 2 4 4
-2813.5 -5686.9 -94.7 268 0 11.2 8.8 5.0 2.5 2 0 2 4 4
-2778.2 -5837.1 -101.0 180 0 6.9 11.3 2.5 2.5 2 1 1 1 1
-2401.6 -5927.1 -88.2 346 0 8.5 15.2 7.5 2.5 4 1 3 1 1
-2430.9 -5794.1 -90.2 25 0 11.0 9.4 5.0 2.5 2 0 2 2 2
-2280.7 -5885.1 -94.2 92 0 10.0 26.6 12.5 2.5 2 1 5 5 5
-2726.9 -6367.1 -98.8 90 0 16.0 18.0 10.0 2.5 2 1 4 1 1
-2716.5 -6226.3 -103.8 183 0 10.9 19.8 7.5 2.5 2 1 3 5 5
-2712.8 -6252.6 -103.6 95 0 14.2 8.3 7.5 0.0 0 0 3 5 5
-2686.7 -6117.2 -104.5 263 0 8.8 11.0 5.0 2.5 2 1 2 1 1
-2616.2 -6109.8 -101.5 34 0 13.0 13.8 2.5 2.5 2 1 1 1 1
-2474.5 -6296.2 -92.5 19 0 10.6 11.9 7.5 2.5 2 1 3 5 5
-1603.3 -6049.5 -105.2 73 0 13.7 12.2 5.0 2.5 2 0 2 5 5
-1560.7 -6026.3 -99.9 350 0 8.3 13.1 7.5 2.5 2 1 3 3 3
-1687.9 -5828.4 -97.9 99 0 12.6 19.3 12.5 2.5 2 1 5 1 1
-1665.5 -5896.4 -100.5 354 0 10.2 10.7 5.0 2.5 2 1 2 0 0
-1659.3 -5923.3 -102.3 355 0 10.6 13.7 5.0 2.5 4 1 2 4 4
-1633.4 -5765.8 -89.5 269 0 13.2 13.8 5.0 2.5 2 1 2 2 2
-1662.5 -5969.4 -104.8 96 0 12.6 12.8 5.0 2.5 2 1 2 4 4
-5295.9 4696.2 -23.2 353 0 45.2 13.7 10.0 2.5 4 0 4 2 2
-4734.4 4657.7 -54.5 10 0 7.2 8.0 2.5 2.5 2 1 1 0 0
-4753.5 4725.3 -52.0 353 0 8.7 6.6 2.5 2.5 2 0 1 5 5
-4721.8 4779.7 -45.9 8 0 6.3 6.6 2.5 2.5 2 1 1 1 1
-6191.9 -4798.6 -122.7 97 0 10.0 10.8 10.0 2.5 4 1 4 5 5
-6268.6 -4379.4 -112.5 337 0 11.2 10.4 2.5 0.0 0 0 1 0 0
-6284.5 -4315.9 -111.9 351 0 11.6 11.5 5.0 2.5 4 0 2 1 1
-6651.6 -4922.7 -112.9 299 0 10.0 11.3 2.5 2.5 2 1 1 4 4
-6691.2 -4955.1 -110.8 108 0 12.4 11.7 2.5 2.5 2 0 1 2 2
-6906.8 -4893.5 -109.6 202 0 5.6 9.2 7.5 2.5 2 1 3 0 0
-6903.6 -4886.7 -109.0 202 0 5.6 8.7 7.5 2.5 2 1 3 1 1
-6899.3 -4879.2 -108.5 197 0 6.7 8.1 2.5 2.5 2 1 1 1 1
-6913.5 -4871.5 -108.9 16 0 5.3 8.8 5.0 2.5 2 1 2 1 1
-6105.5 2379.6 -87.6 110 0 4.6 7.9 7.5 2.5 2 1 3 4 4
-6049.8 2278.2 -99.5 69 0 9.8 9.0 5.0 2.5 2 0 2 4 4
-6026.0 2298.2 -101.4 60 0 12.3 7.5 5.0 2.5 2 0 2 3 3
-6044.2 2324.9 -98.7 155 0 7.4 13.8 7.5 0.0 0 1 3 3 3
-6056.5 2523.0 -80.3 155 0 12.3 7.6 5.0 2.5 2 0 2 0 0
-5960.1 2487.2 -90.2 282 0 12.4 10.7 5.0 2.5 2 0 2 4 4
-4667.2 4730.5 -50.0 74 0 7.0 6.4 7.5 2.5 2 0 3 0 0
-5628.9 6605.0 94.8 22 0 11.7 16.4 5.0 2.5 2 1 2 2 2
-5614.4 6629.3 95.8 27 0 18.9 10.6 10.0 2.5 2 0 4 5 5
-5628.9 6679.2 99.0 13 0 15.1 16.9 15.0 0.0 0 1 6 0 0
-5677.6 6627.5 96.3 191 0 14.4 7.4 5.0 2.5 2 0 2 1 1
-5608.4 6647.8 96.8 5 0 13.1 9.7 7.5 2.5 2 0 3 3 3
-5599.4 6743.9 102.4 191 0 6.3 5.7 7.5 2.5 2 0 3 0 0
-5585.4 6741.6 102.0 194 0 7.9 6.8 2.5 2.5 4 0 1 3 3
-5649.6 6762.0 104.6 105 0 8.6 8.8 2.5 2.5 2 1 1 0 0
-6085.3 -993.9 -99.8 212 0 11.9 12.4 10.0 2.5 2 1 4 3 3
-6292.0 -789.1 -94.4 162 0 8.0 12.5 7.5 2.5 2 1 3 1 1
-6294.3 -777.3 -95.3 159 0 10.2 11.0 5.0 2.5 2 1 2 0 0
-6030.7 -696.2 -98.2 278 0 12.0 11.6 5.0 2.5 2 0 2 4 4
-6005.2 -724.6 -97.8 9 0 13.2 12.6 5.0 2.5 2 0 2 4 4
-5961.2 -737.7 -96.1 8 0 15.1 10.3 7.5 2.5 2 0 3 1 1
-6027.1 -798.8 -100.0 180 0 14.3 15.8 5.0 2.5 2 1 2 4 4
-5961.0 -792.8 -97.7 8 0 15.7 19.5 10.0 2.5 2 1 4 3 3
-6121.2 -736.7 -103.9 4 0 31.2 8.6 7.5 0.0 0 0 3 2 2
-6099.1 -662.7 -100.4 186 0 14.6 10.7 7.5 2.5 2 0 3 4 4
-6003.9 -622.0 -94.9 178 0 31.6 40.2 12.5 0.0 0 1 5 0 0
-6038.8 -673.6 -97.6 180 0 11.8 18.8 5.0 2.5 2 1 2 4 4
-6159.5 -466.1 -101.5 239 0 7.1 8.6 5.0 2.5 2 1 2 3 3
-6013.6 -397.1 -94.9 358 0 14.8 13.6 10.0 2.5 2 0 4 0 0
-6043.2 -320.8 -107.3 209 0 62.3 15.1 12.5 2.5 2 0 5 5 5
-6062.6 -359.9 -99.5 210 0 10.8 10.6 2.5 2.5 2 0 1 3 3
-6288.1 -146.2 -98.6 0 0 11.6 8.5 7.5 2.5 2 0 3 5 5
-6160.5 -4.6 -107.1 180 0 9.2 10.2 5.0 2.5 2 1 2 1 1
-6532.2 -499.9 -96.5 93 0 15.6 12.4 5.0 2.5 2 0 2 4 4
-6494.8 -369.8 -93.6 272 0 14.9 15.4 7.5 2.5 2 1 3 5 5
-6569.4 -385.8 -87.9 354 0 10.2 12.0 7.5 2.5 2 1 3 4 4
-6643.8 -663.8 -90.8 92 0 14.2 15.1 5.0 2.5 4 1 2 3 3
-6675.5 -652.2 -88.7 188 0 12.7 14.4 7.5 2.5 2 1 3 0 0
-6632.5 -716.5 -92.0 0 0 12.5 12.8 5.0 2.5 2 1 2 2 2
-6617.6 -734.9 -92.2 1 0 18.2 14.4 5.0 2.5 2 0 2 3 3
-6528.8 -799.2 -91.1 354 0 13.2 21.6 12.5 0.0 0 1 5 4 4
-6694.6 -793.3 -96.4 104 0 15.2 15.3 5.0 2.5 2 1 2 2 2
-6461.7 -891.5 -90.9 42 0 17.0 10.9 5.0 0.0 0 0 2 3 3
-6532.1 -969.6 -94.3 329 0 18.7 11.4 7.5 0.0 0 0 3 5 5
-6448.4 -1086.6 -94.5 267 0 15.8 11.1 7.5 2.5 2 0 3 1 1
-5939.6 2314.6 -101.4 168 0 8.9 5.8 2.5 2.5 2 0 1 2 2
-5897.2 2271.8 -100.7 180 0 12.2 13.6 7.5 2.5 2 1 3 4 4
-6085.9 2906.3 -90.2 13 0 9.2 13.6 5.0 2.5 2 1 2 3 3
-6095.3 3111.4 -91.3 224 0 5.3 9.2 2.5 2.5 4 1 1 4 4
-6069.6 3164.2 -92.7 354 0 7.4 7.8 7.5 2.5 2 1 3 2 2
-6137.5 3175.4 -92.9 94 0 10.8 9.8 7.5 2.5 2 0 3 5 5
-6121.9 3236.6 -94.2 220 0 8.5 12.0 2.5 0.0 0 1 1 2 2
-6102.6 3222.5 -93.9 334 0 9.6 14.1 5.0 2.5 2 1 2 2 2
-6145.7 3287.0 -92.9 83 0 12.6 14.7 5.0 2.5 4 1 2 4 4
-6129.3 3334.0 -91.9 323 0 10.7 9.7 2.5 2.5 4 0 1 1 1
-5686.5 2557.3 -97.2 271 0 11.4 11.9 5.0 2.5 2 1 2 2 2
-6024.7 3104.0 -92.9 182 0 7.9 14.4 2.5 2.5 2 1 1 2 2
-6063.3 3227.6 -94.4 169 0 7.6 12.7 7.5 0.0 0 1 3 5 5
-6079.9 3258.6 -94.5 152 0 6.6 7.3 2.5 2.5 2 1 1 4 4
-6141.2 3361.2 -90.9 143 0 9.8 17.8 2.5 2.5 2 1 1 4 4
-6128.0 3412.3 -89.6 170 0 10.8 10.4 7.5 2.5 2 0 3 2 2
-6129.8 3434.2 -89.0 176 0 8.9 12.2 7.5 2.5 2 1 3 5 5
-6001.9 3315.6 -93.8 326 0 6.3 11.5 5.0 2.5 2 1 2 3 3
-6075.1 3430.1 -89.6 351 0 7.8 9.9 2.5 2.5 4 1 1 0 0
-6100.1 3475.1 -88.0 345 0 9.8 7.8 7.5 0.0 0 0 3 1 1
-6054.6 3424.5 -89.9 6 0 7.6 7.9 2.5 2.5 2 1 1 3 3
-6081.4 3484.8 -87.9 322 0 5.2 8.4 5.0 0.0 0 1 2 0 0
-5707.5 6816.6 108.3 317 0 13.0 14.0 5.0 2.5 2 1 2 2 2
-5661.7 6773.7 105.5 117 0 8.9 9.3 2.5 2.5 2 1 1 4 4
-5879.8 5888.1 47.9 190 0 21.2 13.7 12.5 2.5 2 0 5 3 3
-5792.5 5847.6 46.7 1 0 17.9 20.5 10.0 2.5 2 1 4 3 3
-5807.2 5762.7 38.6 14 0 17.7 12.7 5.0 0.0 0 0 2 1 1
-5771.7 5977.9 53.3 191 0 15.8 9.1 7.5 2.5 4 0 3 1 1
-5728.4 6179.2 63.6 187 0 11.2 12.1 2.5 0.0 0 1 1 0 0
-5727.8 5762.1 31.6 94 0 13.5 16.5 5.0 2.5 2 1 2 3 3
-5838.0 5645.7 24.3 236 0 28.3 13.8 10.0 2.5 4 0 4 5 5
-5887.7 6191.1 48.4 269 0 19.7 17.2 10.0 2.5 4 0 4 2 2
-5852.9 6297.1 59.8 107 0 16.1 23.2 10.0 2.5 4 1 4 0 0
-5975.6 5578.1 23.3 21 0 12.0 16.0 2.5 2.5 2 1 1 3 3
-6075.9 5201.8 1.5 81 0 18.2 28.7 10.0 2.5 2 1 4 2 2
-6005.1 5209.9 -3.0 179 0 40.3 24.3 17.5 0.0 0 0 7 5 5
-6360.6 5056.2 -28.0 260 0 17.5 17.7 10.0 2.5 2 1 4 5 5
-6417.3 4912.2 -42.1 82 0 19.2 26.1 10.0 2.5 2 1 4 4 4
-6530.5 5227.9 -23.3 283 0 20.9 17.6 7.5 2.5 2 0 3 1 1
-5485.2 5646.7 38.5 186 0 13.9 24.9 12.5 2.5 2 1 5 1 1
-5536.4 6192.8 57.9 185 0 9.3 11.4 7.5 2.5 2 1 3 0 0
-5270.7 6420.6 112.5 87 0 8.4 11.5 7.5 2.5 2 1 3 1 1
-5609.1 6391.0 74.8 93 0 8.7 12.9 7.5 2.5 2 1 3 1 1
-5924.4 5776.2 35.2 103 0 11.6 22.6 10.0 2.5 2 1 4 2 2
-6161.4 4778.8 -21.5 98 0 15.7 14.3 7.5 2.5 4 0 3 4 4
-6022.7 4634.5 -36.7 273 0 14.5 33.1 12.5 2.5 2 1 5 2 2
-5008.7 5080.2 -16.5 66 0 13.4 19.4 12.5 0.0 0 1 5 2 2
-4803.0 4806.4 -45.4 128 0 9.4 26.1 7.5 0.0 0 1 3 4 4
-5310.4 -1327.1 -108.9 173 0 15.6 14.7 5.0 2.5 2 0 2 3 3
-5246.4 -1363.9 -108.9 98 0 10.9 12.1 10.0 2.5 2 1 4 0 0
-5181.6 -1285.7 -110.1 294 0 15.1 16.4 7.5 2.5 2 1 3 5 5
-5189.0 -1450.6 -108.1 188 0 9.8 11.9 7.5 0.0 0 1 3 2 2
-5172.1 -1448.8 -108.2 193 0 12.6 10.3 7.5 2.5 2 0 3 4 4
-5174.3 -1500.9 -108.0 88 0 12.5 39.4 7.5 0.0 0 1 3 1 1
-5134.7 -1503.0 -107.9 92 0 11.0 15.8 7.5 2.5 2 1 3 4 4
-5032.5 -1418.3 -109.2 273 0 16.1 14.4 2.5 0.0 0 0 1 5 5
-5040.7 -1517.9 -108.3 240 0 17.6 10.7 2.5 2.5 2 0 1 1 1
-5089.5 -1548.5 -107.5 87 0 13.1 10.0 5.0 2.5 2 0 2 2 2
-5016.0 -1506.6 -108.6 260 0 7.6 8.2 2.5 2.5 2 1 1 1 1
-5313.5 -1577.6 -97.6 262 0 9.2 12.0 5.0 2.5 4 1 2 1 1
-5320.7 -1649.7 -92.7 174 0 13.3 12.4 5.0 2.5 2 0 2 3 3
-5333.6 -1573.6 -99.4 80 0 13.1 27.8 15.0 0.0 0 1 6 1 1
-5242.7 -1773.3 -99.2 257 0 14.9 20.1 12.5 2.5 2 1 5 1 1
-5262.1 -1773.8 -98.2 267 0 13.9 21.1 12.5 2.5 2 1 5 4 4
-5333.0 -1805.7 -95.8 176 0 18.3 14.5 7.5 2.5 2 0 3 5 5
-5357.5 -1921.3 -107.5 6 0 9.8 10.3 7.5 2.5 2 1 3 1 1
-5343.7 -1964.1 -110.3 4 0 10.1 19.0 7.5 2.5 2 1 3 2 2
-5386.1 -2149.6 -104.7 290 0 15.8 28.8 12.5 2.5 2 1 5 4 4
-5453.9 -2157.9 -101.7 200 0 18.6 19.6 10.0 2.5 2 1 4 3 3
-5619.9 -2188.7 -105.5 276 0 16.8 17.4 10.0 2.5 2 1 4 5 5
-5654.5 -2187.5 -104.2 278 0 12.7 14.4 7.5 2.5 2 1 3 4 4
-5695.0 -2192.5 -102.6 15 0 13.9 15.8 5.0 2.5 2 1 2 3 3
-5657.0 -2118.8 -106.5 285 0 15.3 20.5 10.0 2.5 2 1 4 5 5
-5716.8 -2118.5 -104.2 293 0 12.8 18.3 5.0 2.5 4 1 2 2 2
-5819.6 -2272.5 -101.8 182 0 20.3 176.8 10.0 0.0 0 1 4 1 1
-5844.8 -2274.1 -94.8 188 0 13.8 19.9 12.5 0.0 0 1 5 2 2
-5803.6 -2296.7 -95.2 180 0 13.2 10.9 5.0 2.5 2 0 2 3 3
-5840.8 -2296.6 -94.1 177 0 12.0 18.2 5.0 2.5 2 1 2 2 2
-5859.9 -2208.3 -97.9 174 0 15.6 60.4 10.0 0.0 0 1 4 2 2
-5863.4 -2150.4 -98.3 178 0 14.9 15.8 7.5 2.5 2 1 3 1 1
-5785.2 -2106.3 -102.1 281 0 10.5 19.2 2.5 2.5 2 1 1 2 2
-5714.7 -2380.8 -95.9 96 0 15.3 16.2 5.0 2.5 2 1 2 2 2
-5693.5 -2335.5 -97.5 351 0 10.6 30.3 10.0 2.5 2 1 4 5 5
-5668.7 -2400.3 -95.6 9 0 19.6 25.9 7.5 0.0 0 1 3 2 2
-5800.2 -2385.8 -92.5 182 0 12.6 16.1 7.5 2.5 2 1 3 5 5
-5830.2 -2325.6 -93.6 178 0 13.5 18.3 5.0 2.5 2 1 2 2 2
-5911.8 -2356.9 -89.6 77 0 11.6 18.9 5.0 2.5 2 1 2 3 3
-5866.2 -2277.1 -93.2 358 0 14.4 14.9 2.5 2.5 2 1 1 2 2
-5873.9 -2222.3 -94.8 0 0 14.0 15.4 7.5 2.5 2 1 3 3 3
-5766.5 -2403.3 -92.5 9 0 9.9 11.1 5.0 2.5 2 1 2 4 4
-5846.3 -2370.4 -90.9 358 0 17.3 18.1 17.5 0.0 0 1 7 3 3
-5783.8 -2434.2 -93.5 177 0 14.0 17.3 5.0 2.5 2 1 2 3 3
-5941.9 -2130.6 -96.7 269 0 15.6 19.6 10.0 2.5 2 1 4 0 0
-6013.7 -2085.6 -96.9 288 0 14.2 16.1 2.5 2.5 2 1 1 3 3
-6121.1 -1982.9 -97.0 114 0 11.6 11.8 5.0 2.5 2 1 2 0 0
-6116.1 -1824.6 -98.6 89 0 13.7 15.5 5.0 2.5 2 1 2 3 3
-5879.3 -1530.7 -87.1 285 0 15.6 22.4 10.0 2.5 2 1 4 2 2
-5879.1 -1706.6 -91.0 188 0 12.7 14.3 7.5 2.5 2 1 3 5 5
-5834.9 -1706.1 -89.6 280 0 21.2 16.3 10.0 2.5 2 0 4 1 1
-5797.4 -1698.0 -89.3 12 0 20.1 12.9 12.5 2.5 2 0 5 3 3
-5967.3 -1682.4 -88.3 353 0 16.2 12.0 5.0 2.5 2 0 2 2 2
-5750.7 -1779.1 -94.1 91 0 15.1 14.4 2.5 2.5 2 0 1 0 0
-5737.1 -1752.1 -93.9 7 0 15.4 12.4 2.5 2.5 4 0 1 5 5
-5755.4 -1705.4 -92.8 186 0 20.2 17.6 12.5 0.0 0 0 5 1 1
-5739.8 -1616.7 -93.4 67 0 10.1 13.3 10.0 2.5 2 1 4 1 1
-5693.3 -1554.1 -96.5 273 0 14.4 15.9 5.0 0.0 0 1 2 5 5
-5691.3 -1525.4 -96.9 270 0 13.4 18.2 2.5 2.5 2 1 1 5 5
-5867.5 -1789.0 -99.1 199 0 14.2 25.5 10.0 2.5 4 1 4 2 2
-5835.5 -1831.3 -101.9 83 0 11.6 29.0 10.0 2.5 2 1 4 2 2
-5808.8 -1765.9 -94.0 4 0 15.9 15.4 12.5 0.0 0 0 5 2 2
-5725.4 -1762.6 -95.2 75 0 8.8 15.3 2.5 2.5 2 1 1 0 0
-5626.7 -1552.4 -100.5 101 0 17.2 20.2 12.5 2.5 2 0 5 2 2
-5649.9 -1427.1 -99.9 274 0 15.6 16.0 10.0 2.5 4 1 4 3 3
-5754.2 -1517.3 -93.6 97 0 18.4 14.9 12.5 2.5 2 0 5 3 3
-5555.9 -1850.4 -108.8 275 0 17.3 17.0 12.5 2.5 2 0 5 2 2
-5538.8 -1631.0 -94.2 270 0 16.3 11.3 5.0 2.5 2 0 2 4 4
-5525.8 -1377.8 -106.9 88 0 12.4 14.3 7.5 2.5 2 1 3 4 4
-5668.1 -1462.0 -99.3 185 0 16.9 13.7 7.5 2.5 2 0 3 5 5
-5621.6 -1616.9 -99.8 93 0 12.1 13.7 2.5 2.5 2 1 1 1 1
-5682.8 -1354.8 -96.5 262 0 18.9 15.6 12.5 2.5 2 0 5 1 1
-6036.8 -1308.2 -97.1 175 0 14.8 16.0 5.0 2.5 2 1 2 4 4
-5926.6 -1231.0 -96.4 13 0 15.1 14.5 2.5 2.5 2 0 1 4 4
-5912.7 -1258.6 -94.9 277 0 17.1 13.6 7.5 2.5 2 0 3 3 3
-5891.5 -1247.4 -95.0 94 0 15.6 16.8 7.5 2.5 2 1 3 2 2
-5834.1 -1267.7 -92.7 272 0 42.3 16.3 10.0 0.0 0 0 4 0 0
-5917.6 -1103.8 -108.1 182 0 16.4 23.9 10.0 2.5 2 1 4 0 0
-5859.3 -1038.0 -111.5 251 0 17.6 19.5 10.0 2.5 2 1 4 1 1
-5724.1 -1066.0 -106.8 4 0 13.3 20.6 10.0 2.5 2 1 4 1 1
-5883.9 -1213.6 -95.2 269 0 15.4 14.1 7.5 2.5 2 0 3 2 2
-5699.2 -1066.7 -108.3 86 0 16.0 15.7 12.5 2.5 2 0 5 5 5
-5821.5 -764.9 -98.2 80 0 18.0 16.5 12.5 2.5 2 0 5 3 3
-5836.8 -699.7 -101.4 273 0 19.1 22.5 10.0 0.0 0 1 4 5 5
-5713.6 -662.6 -101.4 178 0 12.6 12.5 7.5 2.5 2 0 3 4 4
-5640.0 -405.1 -111.5 92 0 14.5 13.7 5.0 2.5 2 0 2 3 3
-5595.4 -399.3 -110.9 286 0 13.5 16.7 7.5 2.5 2 1 3 0 0
-5417.8 -243.4 -110.2 355 0 14.0 13.8 7.5 2.5 2 0 3 5 5
-5421.4 -196.4 -109.5 353 0 33.0 17.3 7.5 2.5 2 0 3 3 3
-5511.4 -231.2 -111.2 186 0 14.4 14.2 10.0 2.5 2 0 4 5 5
-5370.9 -288.7 -109.3 162 0 14.7 19.0 7.5 2.5 2 1 3 5 5
-5392.8 -315.8 -110.2 342 0 16.1 22.5 10.0 2.5 2 1 4 3 3
-4405.1 -431.4 -111.4 88 0 19.2 21.0 10.0 2.5 2 1 4 1 1
-4042.5 -363.8 -108.1 275 0 12.4 13.7 7.5 0.0 0 1 3 2 2
-3971.8 -331.3 -104.8 110 0 15.8 16.9 12.5 2.5 2 1 5 4 4
-4052.3 -547.3 -110.8 88 0 17.1 23.2 10.0 2.5 2 1 4 4 4
-3951.1 -275.9 -106.4 346 0 15.0 16.8 12.5 2.5 2 1 5 3 3
-3825.3 -429.0 -103.8 281 0 20.2 12.5 15.0 0.0 0 0 6 0 0
-3720.0 -513.0 -110.4 178 0 17.7 12.0 2.5 2.5 2 0 1 0 0
-3771.6 -443.6 -106.1 293 0 15.5 10.3 5.0 2.5 2 0 2 0 0
-3791.8 -131.9 -100.8 7 0 15.3 17.1 12.5 2.5 2 1 5 5 5
-3945.5 -1289.9 -116.5 252 0 13.9 14.6 10.0 2.5 2 1 4 2 2
-3414.6 -2261.5 -112.5 99 0 22.1 37.4 10.0 0.0 0 1 4 2 2
-3264.8 -2213.5 -111.1 277 0 14.7 17.7 7.5 2.5 2 1 3 4 4
-3307.5 -2251.0 -111.6 4 0 21.2 27.4 7.5 2.5 2 1 3 2 2
-3296.3 -2397.7 -107.7 97 0 14.7 17.1 12.5 2.5 2 1 5 3 3
-3216.2 -2169.6 -107.0 274 0 14.5 14.6 7.5 2.5 2 1 3 2 2
-3318.0 -2041.5 -110.6 101 0 16.6 12.5 5.0 2.5 2 0 2 0 0
-3483.6 -2042.2 -114.2 6 0 17.0 23.3 10.0 2.5 2 1 4 3 3
-3692.1 -1954.3 -104.1 52 0 15.2 15.2 7.5 2.5 2 1 3 1 1
-3557.3 -1721.6 -102.4 87 0 10.6 13.3 7.5 2.5 2 1 3 5 5
-3501.3 -1727.4 -103.6 245 0 12.9 12.7 7.5 2.5 2 0 3 0 0
-3587.9 -1742.7 -103.4 271 0 12.0 7.8 7.5 2.5 2 0 3 2 2
-3341.9 -1600.0 -106.0 278 0 8.8 9.8 7.5 2.5 2 1 3 5 5
-3218.6 -1334.8 -85.6 120 0 12.3 12.4 2.5 2.5 4 1 1 3 3
-2570.3 -1038.1 -100.0 288 0 9.9 12.7 5.0 2.5 2 1 2 1 1
-2550.5 -941.4 -102.0 77 0 13.5 9.4 5.0 2.5 2 0 2 1 1
-2401.8 -1078.9 -94.8 259 0 10.3 23.4 5.0 2.5 2 1 2 4 4
-2462.6 -1098.6 -93.7 265 0 10.3 26.1 17.5 0.0 0 1 7 2 2
-2440.4 -1085.8 -94.6 262 0 22.9 7.8 7.5 2.5 2 0 3 4 4
-2422.7 -1182.2 -90.6 88 0 13.1 50.6 10.0 2.5 2 0 4 1 1
-2420.8 -1080.0 -94.8 264 0 11.7 38.1 12.5 0.0 0 1 5 4 4
-2354.7 -1153.5 -88.9 188 0 20.7 17.6 12.5 2.5 2 0 5 0 0
-2345.2 -1241.6 -79.1 175 0 9.5 12.8 2.5 0.0 0 1 1 3 3
-2351.2 -1269.4 -76.3 189 0 10.6 9.7 7.5 0.0 0 0 3 1 1
-6053.1 3309.0 -93.3 89 0 9.8 4.8 5.0 2.5 2 0 2 2 2
-6112.3 3536.8 -86.1 356 0 5.9 7.6 2.5 2.5 2 1 1 4 4
-5556.7 2668.6 -100.9 204 0 7.0 10.4 2.5 2.5 2 1 1 4 4
-5299.4 2562.8 -91.6 188 0 4.9 14.3 2.5 2.5 2 1 1 5 5
-5188.7 2244.8 -93.9 297 0 9.7 11.8 7.5 2.5 2 1 3 2 2
-4727.4 2278.4 -88.7 89 0 14.3 15.7 10.0 2.5 2 1 4 4 4
-4759.2 2471.0 -84.5 90 0 9.2 17.5 5.0 2.5 2 1 2 4 4
-4837.9 2603.8 -92.5 273 0 8.2 13.1 7.5 2.5 2 1 3 2 2
-4861.9 2901.6 -89.8 5 0 28.7 12.7 10.0 2.5 2 0 4 5 5
-4878.0 2964.5 -95.0 119 0 12.6 12.1 7.5 2.5 2 0 3 0 0
-4861.0 2960.1 -91.1 108 0 12.5 11.4 5.0 2.5 2 0 2 1 1
-4784.7 2931.5 -79.6 148 0 8.5 12.6 7.5 2.5 2 1 3 0 0
-4778.7 2941.4 -81.1 105 0 11.1 13.0 10.0 2.5 2 1 4 5 5
-4737.1 2953.9 -79.6 0 0 7.2 12.5 7.5 2.5 2 1 3 5 5
-236.9 -5889.6 -98.7 271 0 9.9 24.6 2.5 2.5 2 0 1 5 5
-1153.7 -501.9 -86.2 342 0 7.3 14.3 2.5 2.5 2 1 1 2 2
-1171.1 -473.0 -85.5 246 0 12.3 18.1 5.0 2.5 2 1 2 2 2
-1021.1 -157.9 -91.5 252 0 7.7 9.1 2.5 2.5 2 1 1 3 3
-971.2 -174.6 -90.9 278 0 9.7 9.9 5.0 2.5 2 1 2 5 5
-921.2 -208.2 -90.4 264 0 10.2 8.6 5.0 2.5 2 0 2 1 1
-944.4 -287.3 -92.0 299 0 11.1 20.4 5.0 2.5 2 1 2 1 1
-899.6 -334.7 -88.4 89 0 14.8 15.5 7.5 2.5 2 1 3 2 2
-345.6 -5897.7 -100.3 24 0 22.9 15.0 12.5 2.5 2 0 5 3 3
-385.1 -5883.0 -100.6 275 0 13.3 13.3 7.5 2.5 2 1 3 1 1
-422.1 -5907.5 -102.1 176 0 11.8 27.5 10.0 2.5 2 1 4 3 3
-532.1 -5800.3 -98.3 345 0 10.6 13.9 2.5 2.5 2 1 1 2 2
-551.6 -5842.4 -101.0 27 0 8.9 15.9 5.0 0.0 0 1 2 2 2
-853.3 -316.1 -85.8 10 0 15.7 10.8 7.5 2.5 2 0 3 1 1
-832.1 -234.6 -85.5 179 0 11.8 13.4 7.5 2.5 2 1 3 5 5
1775.4 1160.6 -94.0 257 0 13.3 18.4 10.0 2.5 2 1 4 5 5
1814.8 1168.5 -93.9 260 0 13.2 22.7 10.0 2.5 2 1 4 2 2
1753.1 1155.5 -94.0 265 0 26.0 24.0 10.0 2.5 4 0 4 2 2
1698.7 1141.1 -93.4 259 0 11.7 11.4 5.0 2.5 2 0 2 4 4
-633.0 -5874.3 -106.2 84 0 13.2 11.1 7.5 2.5 2 0 3 5 5
6806.5 -4801.0 -90.5 95 0 16.3 24.3 10.0 2.5 2 1 4 0 0
6762.0 -4693.5 -83.9 98 0 15.3 10.8 2.5 2.5 2 0 1 1 1
6687.8 -4719.5 -86.7 78 0 15.8 18.8 12.5 2.5 2 1 5 0 0
6640.1 -4712.8 -87.0 174 0 14.2 21.4 12.5 2.5 2 1 5 5 5
6599.4 -4632.9 -81.2 91 0 13.0 14.5 5.0 2.5 2 1 2 3 3
6463.3 -4710.2 -84.5 90 0 16.2 15.1 5.0 2.5 2 0 2 3 3
-808.6 -189.0 -85.3 5 0 7.3 6.1 5.0 2.5 2 0 2 3 3
-822.1 -470.5 -89.5 106 0 8.2 7.4 5.0 2.5 2 0 2 3 3
-639.4 -5739.2 -98.2 178 0 9.3 14.8 7.5 2.5 2 1 3 0 0
-669.9 -5851.6 -106.8 174 0 11.2 8.9 7.5 2.5 2 0 3 4 4
-698.9 -5667.1 -95.3 175 0 18.4 16.1 10.0 2.5 2 0 4 0 0
-717.0 -5596.7 -93.2 67 0 12.4 11.3 10.0 2.5 2 0 4 4 4
-752.4 -5615.5 -94.5 80 0 11.5 12.5 5.0 2.5 2 1 2 2 2
-751.4 -5550.2 -93.6 256 0 14.4 16.4 7.5 2.5 2 1 3 0 0
6308.9 -4769.3 -83.8 80 0 36.9 19.7 7.5 0.0 0 0 3 4 4
6128.5 -4855.2 -86.2 88 0 22.7 17.9 10.0 2.5 4 0 4 3 3
6078.3 -4952.9 -86.4 88 0 17.1 17.8 12.5 2.5 2 1 5 0 0
6048.4 -4907.0 -86.2 272 0 18.2 15.7 7.5 2.5 2 0 3 4 4
5938.3 -4933.7 -86.4 254 0 18.8 16.8 10.0 2.5 2 0 4 2 2
5958.1 -4874.0 -81.6 67 0 17.7 21.2 15.0 0.0 0 1 6 4 4
-736.4 -5511.1 -93.1 12 0 11.9 41.1 10.0 2.5 2 1 4 3 3
-654.9 -5493.8 -90.7 167 0 11.7 17.0 7.5 2.5 2 1 3 2 2
-756.8 -391.8 -89.1 128 0 17.8 5.9 5.0 2.5 2 0 2 4 4
-398.7 -586.7 -85.5 36 0 11.0 13.7 5.0 2.5 2 1 2 2 2
-590.4 -5469.6 -92.7 272 0 8.5 23.8 7.5 2.5 2 1 3 5 5
-626.3 -5572.6 -89.9 84 0 10.7 10.3 5.0 2.5 2 0 2 0 0
-814.4 -5298.6 -97.2 273 0 14.4 20.7 12.5 2.5 2 1 5 5 5
-812.1 -5353.6 -94.3 4 0 16.8 15.1 10.0 2.5 2 0 4 0 0
-811.2 -5338.4 -94.9 358 0 10.3 14.6 5.0 2.5 2 0 2 4 4
-846.8 -5305.8 -98.0 184 0 19.1 14.6 10.0 2.5 2 0 4 0 0
-821.7 -5467.0 -94.1 179 0 13.1 9.4 5.0 2.5 2 0 2 4 4
4575.9 5588.8 -25.6 90 0 9.9 14.2 5.0 2.5 2 1 2 0 0
4492.5 5536.8 -54.2 88 0 3.6 8.9 5.0 2.5 2 1 2 4 4
4387.8 6159.1 -42.2 97 0 8.3 7.4 5.0 2.5 2 0 2 1 1
4387.9 6344.9 -21.5 86 0 12.0 7.8 2.5 2.5 2 0 1 4 4
3821.3 5851.0 -48.0 95 0 10.5 11.7 2.5 2.5 4 1 1 0 0
3838.6 5850.5 -48.5 90 0 8.2 8.9 7.5 2.5 2 1 3 4 4
1747.3 1165.6 -93.7 77 0 20.2 18.7 12.5 2.5 2 0 5 3 3
1705.9 1154.8 -94.0 78 0 19.8 23.2 10.0 2.5 2 1 4 4 4
1720.6 1175.1 -93.5 92 0 6.5 7.4 5.0 2.5 2 1 2 5 5
1730.3 1182.5 -93.0 267 0 6.5 7.8 5.0 2.5 2 1 2 1 1
1713.3 1137.3 -93.6 260 0 12.4 5.3 5.0 2.5 2 0 2 0 0
1787.0 1166.1 -94.0 254 0 8.4 11.6 5.0 2.5 2 1 2 5 5
1798.2 1168.0 -94.0 263 0 8.9 12.2 2.5 2.5 2 1 1 3 3
1686.0 1229.6 -94.8 183 0 21.7 13.6 12.5 2.5 2 0 5 2 2
1778.8 1123.3 -93.9 84 0 11.0 12.3 5.0 2.5 2 1 2 3 3
1710.0 1085.2 -93.3 2 0 5.2 10.4 5.0 2.5 2 1 2 3 3
1700.7 1117.2 -93.3 274 0 9.0 8.9 5.0 2.5 2 0 2 5 5
1680.4 1106.2 -93.1 286 0 12.4 18.8 2.5 2.5 2 1 1 1 1
5818.9 -4905.5 -82.0 179 0 11.3 12.0 10.0 2.5 2 1 4 5 5
5808.1 -4915.2 -83.4 360 0 24.8 16.9 10.0 2.5 2 0 4 2 2
5820.8 -4979.3 -87.6 356 0 15.5 17.4 12.5 2.5 4 1 5 0 0
5905.4 -5042.8 -84.1 92 0 16.4 16.8 12.5 2.5 2 1 5 1 1
5938.5 -5097.2 -88.8 357 0 15.7 13.6 7.5 2.5 2 0 3 5 5
5947.4 -5117.0 -90.4 322 0 13.2 15.3 5.0 2.5 4 1 2 4 4
5955.3 -5135.7 -90.9 334 0 16.2 16.8 10.0 0.0 0 1 4 2 2
5960.8 -5177.7 -89.5 85 0 11.8 15.9 2.5 2.5 2 1 1 3 3
6018.7 -5115.1 -85.5 269 0 15.2 15.1 5.0 2.5 2 0 2 4 4
6144.7 -5210.7 -74.3 94 0 10.1 22.0 5.0 2.5 2 1 2 5 5
6157.6 -5354.5 -83.9 358 0 56.3 13.0 10.0 2.5 2 0 4 5 5
6082.4 -5390.8 -80.6 200 0 14.1 13.0 10.0 2.5 2 0 4 3 3
6055.1 -5581.8 -81.2 2 0 18.0 16.1 10.0 2.5 2 0 4 0 0
6035.3 -5568.5 -82.3 5 0 13.3 18.1 7.5 2.5 2 1 3 3 3
6049.3 -5608.0 -82.4 354 0 15.1 13.9 7.5 2.5 2 0 3 4 4
6066.0 -5627.9 -81.9 4 0 11.5 16.6 5.0 2.5 2 1 2 2 2
6074.5 -5687.8 -82.5 181 0 16.2 14.6 10.0 2.5 2 0 4 0 0
6131.2 -5752.3 -86.6 181 0 12.7 17.1 5.0 2.5 4 1 2 4 4
6130.6 -5818.3 -86.0 182 0 17.2 16.0 7.5 2.5 2 0 3 3 3
265.0 -326.0 -99.2 93 0 6.0 12.7 7.5 0.0 0 1 3 0 0
-873.6 -5590.0 -98.0 39 0 14.7 10.0 2.5 2.5 2 0 1 0 0
-798.0 -5567.5 -95.0 168 0 9.6 11.5 7.5 2.5 2 1 3 1 1
-920.1 -5793.1 -105.8 184 0 12.6 14.2 7.5 0.0 0 1 3 2 2
-893.7 -5781.8 -107.1 275 0 12.7 16.6 2.5 2.5 2 1 1 3 3
5669.3 -6047.1 -100.0 164 0 18.6 19.6 10.0 2.5 2 1 4 1 1
5718.7 -6294.2 -98.8 260 0 20.3 25.6 17.5 0.0 0 1 7 2 2
5752.7 -6293.9 -99.7 358 0 12.0 12.7 7.5 0.0 0 1 3 1 1
5672.0 -6354.2 -95.8 173 0 14.1 23.9 10.0 2.5 2 1 4 4 4
5663.3 -6320.3 -97.2 180 0 17.3 14.9 10.0 2.5 2 0 4 5 5
5555.5 -6366.5 -97.8 192 0 18.3 22.0 12.5 2.5 2 1 5 2 2
5601.9 -6320.7 -98.9 356 0 18.9 21.9 10.0 2.5 2 1 4 4 4
5926.5 -6610.2 -99.6 1 0 24.4 21.8 10.0 2.5 2 0 4 3 3
5887.2 -6535.7 -99.8 186 0 20.7 22.6 10.0 2.5 2 1 4 5 5
1848.6 1188.8 -93.2 90 0 9.6 10.4 5.0 2.5 2 1 2 5 5
1968.8 1221.8 -92.7 202 0 20.3 19.0 10.0 2.5 2 0 4 1 1
2060.2 1140.5 -88.3 20 0 20.7 15.8 12.5 2.5 2 0 5 4 4
603.9 -199.7 -99.3 91 0 11.2 9.5 2.5 2.5 2 0 1 2 2
1001.8 -185.7 -87.6 11 0 7.6 6.5 5.0 2.5 2 0 2 5 5
2039.2 1201.6 -91.7 160 0 13.3 15.0 5.0 2.5 2 1 2 4 4
2122.1 1308.0 -94.0 303 0 12.3 11.7 7.5 2.5 2 0 3 1 1
2052.9 1364.7 -90.5 219 0 17.7 18.7 15.0 0.0 0 1 6 1 1
2067.9 1375.9 -90.5 223 0 11.8 26.5 10.0 2.5 4 1 4 1 1
2027.0 1361.4 -89.1 50 0 11.1 22.7 17.5 0.0 0 1 7 1 1
2038.8 1370.8 -88.9 45 1 10.6 21.5 10.0 2.5 2 1 4 2 2
1985.3 1290.4 -91.3 20 0 17.1 21.7 10.0 2.5 2 1 4 1 1
1975.9 1274.8 -91.1 29 0 12.4 15.6 5.0 0.0 0 1 2 0 0
1994.0 1309.9 -91.2 22 0 16.8 22.0 12.5 2.5 2 1 5 0 0
1951.9 1312.8 -90.0 184 0 18.8 12.9 7.5 0.0 0 0 3 4 4
-1051.0 -5714.2 -98.9 269 0 10.3 19.9 7.5 2.5 2 1 3 4 4
-1193.7 -5730.8 -96.5 273 0 20.2 15.6 12.5 2.5 2 0 5 0 0
-1369.1 -5707.6 -97.8 89 0 14.4 13.6 2.5 2.5 2 0 1 1 1
-1329.2 -5607.4 -102.7 81 0 8.9 12.1 5.0 2.5 2 1 2 4 4
-1256.5 -5200.5 -98.3 308 0 16.4 16.8 12.5 2.5 2 1 5 2 2
-896.3 -5193.3 -106.6 197 0 12.6 23.3 10.0 2.5 2 1 4 0 0
-740.9 -5075.2 -107.8 184 0 10.8 19.5 5.0 2.5 2 1 2 2 2
2017.1 1346.0 -89.8 32 0 17.4 23.3 12.5 2.5 2 1 5 2 2
1972.0 1380.1 -87.2 220 0 12.9 20.1 10.0 2.5 2 1 4 1 1
2110.3 1423.7 -88.1 51 0 28.8 44.3 10.0 0.0 0 1 4 5 5
847.9 -524.4 -105.5 19 0 11.1 11.4 5.0 2.5 2 1 2 1 1
887.2 -361.8 -100.8 26 0 7.6 11.7 7.5 2.5 4 1 3 1 1
897.2 -426.4 -104.0 21 0 11.5 12.7 2.5 2.5 2 1 1 2 2
825.6 -481.6 -105.3 118 0 7.8 12.6 7.5 2.5 2 1 3 1 1
735.9 -526.2 -101.3 118 0 7.3 10.7 7.5 0.0 0 1 3 3 3
648.0 -494.2 -97.7 178 0 11.3 14.6 5.0 2.5 2 1 2 2 2
684.5 -526.9 -99.4 76 0 9.3 11.5 2.5 2.5 2 1 1 1 1
648.9 -538.4 -98.9 141 0 10.1 10.5 2.5 2.5 4 1 1 1 1
705.6 -499.3 -99.6 298 0 9.1 9.6 5.0 2.5 2 1 2 2 2
2099.6 1565.7 -84.6 283 0 12.8 49.9 12.5 2.5 4 1 5 0 0
2364.4 -1376.2 -82.1 2 0 9.7 9.9 5.0 2.5 4 1 2 1 1
2383.5 -1368.0 -81.6 2 0 11.0 9.2 7.5 2.5 2 0 3 3 3
-371.9 -5574.4 -92.0 292 0 23.5 23.0 15.0 0.0 0 0 6 0 0
-326.2 -5578.9 -93.1 278 0 18.1 20.9 17.5 0.0 0 0 7 3 3
-416.0 -5692.5 -89.7 273 0 6.3 7.6 7.5 2.5 2 1 3 0 0
-403.4 -5694.2 -90.1 268 0 8.3 8.1 2.5 2.5 2 0 1 3 3
5901.0 -6313.7 -105.0 85 0 18.8 18.0 10.0 2.5 2 0 4 5 5
5464.4 -5519.1 -86.1 174 0 16.9 17.7 12.5 2.5 2 1 5 5 5
5438.2 -5451.1 -87.2 15 0 24.7 31.2 15.0 0.0 0 1 6 1 1
5443.4 -5422.3 -86.8 9 0 17.9 23.3 10.0 2.5 4 1 4 3 3
5444.3 -5538.2 -85.3 179 0 17.9 15.6 7.5 2.5 4 0 3 0 0
5476.6 -5402.1 -84.3 268 0 21.8 23.4 12.5 2.5 2 1 5 3 3
5542.2 -5374.1 -82.2 94 0 14.1 19.1 10.0 2.5 4 1 4 3 3
5586.1 -5362.8 -84.8 184 0 13.9 14.9 10.0 2.5 2 1 4 3 3
5526.6 -5385.1 -81.8 86 0 13.9 16.1 2.5 2.5 2 0 1 1 1
5594.7 -5328.5 -83.9 179 0 18.7 19.6 10.0 2.5 2 0 4 1 1
5598.9 -5311.6 -83.2 179 0 14.9 21.9 10.0 2.5 2 0 4 3 3
5584.9 -5229.8 -80.2 359 0 24.6 25.3 10.0 0.0 0 1 4 4 4
5621.3 -5214.6 -78.5 75 0 17.4 14.9 10.0 2.5 2 0 4 0 0
5443.5 -5312.5 -86.6 91 0 19.2 18.7 12.5 2.5 2 0 5 0 0
5543.5 -5526.6 -87.8 85 0 16.3 16.4 7.5 2.5 2 1 3 1 1
5641.0 -5444.6 -91.3 91 0 17.6 17.3 12.5 2.5 2 0 5 4 4
5622.5 -5418.5 -88.9 89 0 17.6 16.1 10.0 2.5 2 0 4 4 4
5646.8 -5379.1 -88.2 353 0 14.8 29.1 12.5 2.5 2 1 5 5 5
5699.1 -5186.9 -80.9 59 0 17.8 11.5 7.5 2.5 2 0 3 4 4
5706.8 -5201.4 -83.1 263 0 12.8 17.1 7.5 2.5 2 1 3 0 0
5722.8 -5038.2 -85.3 184 0 17.1 15.9 12.5 2.5 2 0 5 1 1
5762.3 -5059.8 -83.5 8 0 19.1 15.5 10.0 2.5 2 0 4 1 1
5740.6 -4989.0 -87.8 285 0 11.4 12.1 5.0 2.5 2 1 2 0 0
5729.4 -4871.5 -80.6 97 0 34.7 29.6 12.5 0.0 0 0 5 3 3
5709.8 -4787.2 -83.4 243 0 9.4 13.1 2.5 2.5 2 1 1 5 5
5452.9 -4834.1 -82.5 190 0 15.2 16.5 5.0 2.5 2 1 2 4 4
5488.1 -4815.3 -83.7 286 0 18.3 28.0 10.0 2.5 2 1 4 2 2
5347.0 -4770.9 -92.8 262 0 20.0 14.1 12.5 0.0 0 0 5 5 5
4821.1 -4891.3 -94.4 174 0 14.1 12.4 5.0 2.5 2 0 2 2 2
4860.0 -4901.0 -93.7 359 0 16.2 14.3 7.5 2.5 2 0 3 3 3
4857.1 -4871.6 -95.6 271 0 13.0 19.3 10.0 2.5 2 1 4 1 1
4435.8 -4861.1 -96.0 99 0 12.4 16.4 5.0 2.5 2 1 2 1 1
4166.1 -4884.0 -89.4 8 0 20.3 18.3 10.0 2.5 2 0 4 0 0
4138.1 -4863.2 -90.9 175 0 20.6 21.1 10.0 2.5 2 1 4 4 4
4166.4 -4683.8 -94.2 95 0 19.4 36.3 10.0 0.0 0 1 4 2 2
2144.0 1429.2 -90.3 229 0 17.7 12.4 7.5 2.5 2 0 3 3 3
2122.2 1620.5 -86.3 182 0 27.2 38.4 12.5 0.0 0 1 5 2 2
848.4 -917.4 -90.3 287 0 13.0 30.0 12.5 2.5 2 1 5 4 4
851.7 -845.4 -93.4 194 0 12.6 9.9 7.5 2.5 2 0 3 0 0
968.5 -781.6 -88.6 211 0 10.2 11.5 5.0 2.5 2 1 2 3 3
892.0 -891.6 -88.3 14 0 10.6 8.8 7.5 2.5 2 0 3 0 0
871.8 -1108.6 -94.8 196 0 11.5 14.1 5.0 2.5 2 1 2 0 0
3833.1 5964.0 -46.7 273 0 6.3 17.0 7.5 2.5 2 1 3 3 3
3904.4 5987.1 -48.3 10 0 9.8 7.2 5.0 2.5 2 0 2 3 3
3895.8 5933.9 -49.1 176 0 8.7 8.4 5.0 2.5 2 0 2 3 3
3936.8 5904.9 -50.6 13 0 5.5 7.7 5.0 2.5 2 1 2 0 0
3985.8 5811.6 -52.3 94 0 9.1 7.5 2.5 2.5 2 0 1 2 2
4016.9 5852.1 -52.5 3 0 6.5 12.6 7.5 2.5 2 1 3 2 2
3719.5 5864.9 -44.6 0 0 12.6 13.8 5.0 2.5 2 1 2 2 2
3732.4 5862.9 -45.0 15 0 22.1 7.6 5.0 2.5 2 0 2 0 0
3747.5 5881.3 -45.5 171 0 6.6 8.4 7.5 0.0 0 1 3 3 3
3721.9 5989.7 -42.8 180 0 7.2 6.3 5.0 2.5 2 0 2 5 5
2111.4 1319.4 -93.3 319 0 16.7 23.9 12.5 0.0 0 1 5 2 2
1959.3 1371.0 -86.3 217 0 13.1 10.0 5.0 2.5 4 0 2 1 1
1977.4 1165.6 -92.6 0 0 13.0 21.8 10.0 0.0 0 1 4 5 5
1756.3 1343.0 -89.5 86 0 9.2 14.4 5.0 0.0 0 1 2 0 0
1790.2 1484.8 -85.9 10 0 13.6 12.7 5.0 2.5 2 0 2 5 5
1743.8 1508.7 -89.0 185 0 15.0 13.8 10.0 2.5 2 0 4 5 5
1748.0 1531.5 -89.2 182 0 23.2 14.7 12.5 2.5 2 0 5 3 3
2371.5 -1310.9 -78.6 354 0 10.3 14.3 10.0 2.5 2 1 4 3 3
2398.3 -1243.8 -76.1 178 0 12.0 10.9 5.0 2.5 2 0 2 0 0
2402.5 -1164.2 -79.1 181 0 15.6 11.2 2.5 0.0 0 0 1 2 2
2403.1 -891.9 -86.3 355 0 8.8 11.7 7.5 2.5 4 1 3 5 5
2388.5 -866.9 -85.8 2 0 8.2 7.4 7.5 2.5 2 0 3 5 5
2292.0 -731.3 -86.9 92 0 8.7 11.4 2.5 2.5 4 1 1 2 2
2190.4 -747.5 -100.6 266 0 12.6 10.7 7.5 2.5 2 0 3 0 0
2076.3 -848.5 -86.2 88 0 11.7 9.5 5.0 2.5 2 0 2 1 1
2054.7 -573.5 -100.4 222 0 12.9 10.6 2.5 2.5 2 0 1 1 1
1920.4 -763.2 -83.1 109 0 10.3 10.3 7.5 2.5 2 1 3 1 1
-122.0 -5396.3 -103.0 88 0 27.7 15.4 7.5 2.5 2 0 3 4 4
-207.6 -5353.1 -103.6 182 0 19.7 6.9 5.0 2.5 2 0 2 0 0
-170.3 -5367.2 -103.6 91 0 10.1 24.0 10.0 2.5 2 0 4 1 1
-142.5 -5565.7 -99.2 0 0 10.6 16.5 2.5 2.5 2 1 1 4 4
-148.0 -5632.7 -99.5 70 0 7.6 24.7 2.5 2.5 4 1 1 1 1
-182.0 -5650.0 -98.4 74 0 12.8 19.0 2.5 2.5 2 1 1 1 1
-309.2 -5846.1 -97.7 193 0 7.6 16.8 2.5 0.0 0 1 1 5 5
-293.5 -5814.3 -97.2 206 0 12.3 8.2 7.5 2.5 2 0 3 3 3
-228.9 -5872.2 -98.5 252 0 19.3 7.6 2.5 2.5 2 0 1 0 0
-148.7 -5826.6 -100.6 238 0 54.4 7.5 7.5 2.5 2 0 3 0 0
1669.4 1146.6 -93.9 71 0 37.6 20.6 12.5 0.0 0 0 5 4 4
1615.8 1491.1 -95.9 267 0 18.3 21.0 7.5 2.5 2 1 3 1 1
1618.8 1134.9 -94.3 72 0 7.9 25.6 7.5 2.5 2 1 3 5 5
1628.4 1066.2 -93.0 113 0 7.9 12.6 5.0 2.5 2 1 2 5 5
865.6 -2040.4 -96.5 221 0 11.4 10.9 10.0 0.0 0 0 4 2 2
919.5 -2052.7 -96.1 19 0 10.4 9.1 7.5 0.0 0 0 3 2 2
910.2 -2017.2 -95.9 212 0 9.7 13.2 2.5 2.5 2 1 1 4 4
879.4 -2027.9 -96.3 222 0 10.2 8.0 2.5 2.5 2 0 1 3 3
866.7 -2499.2 -97.0 183 0 12.9 10.5 5.0 2.5 2 0 2 1 1
925.3 -2542.9 -91.3 278 0 8.6 10.5 7.5 2.5 2 1 3 3 3
654.6 -2331.5 -100.2 105 0 9.1 7.3 5.0 2.5 4 0 2 1 1
653.8 -2271.5 -100.0 266 0 8.2 9.1 2.5 2.5 4 1 1 1 1
675.9 -2260.2 -99.7 263 0 10.0 10.2 10.0 2.5 2 1 4 4 4
742.3 -2313.0 -99.1 353 0 9.1 9.9 2.5 2.5 2 1 1 1 1
681.1 -2331.3 -99.9 107 0 11.1 10.8 7.5 2.5 2 0 3 5 5
677.3 -2242.9 -99.7 257 0 12.3 11.5 7.5 2.5 2 0 3 5 5
567.6 -2300.4 -101.2 86 0 12.1 12.1 2.5 0.0 0 1 1 1 1
432.9 -2459.1 -99.8 4 0 11.6 8.0 2.5 2.5 2 0 1 2 2
426.6 -2430.1 -101.6 184 0 13.3 11.0 7.5 2.5 4 0 3 0 0
445.9 -2501.9 -95.8 118 0 12.0 11.1 10.0 2.5 2 0 4 1 1
514.7 -2473.7 -97.6 283 0 10.4 11.9 10.0 2.5 2 1 4 0 0
487.8 -2343.7 -102.3 2 0 9.8 8.1 2.5 2.5 2 0 1 3 3
344.9 -2520.0 -101.2 177 0 12.2 13.3 2.5 2.5 2 1 1 1 1
480.8 -2194.2 -92.6 2 0 8.8 9.0 5.0 2.5 2 1 2 2 2
365.4 -2313.4 -99.2 8 0 17.6 12.4 5.0 2.5 2 0 2 3 3
163.5 -2190.0 -94.5 101 0 8.7 9.7 7.5 2.5 2 1 3 5 5
85.3 -2373.6 -107.3 270 0 10.3 20.4 5.0 2.5 2 1 2 2 2
80.6 -2416.2 -107.8 87 0 9.8 18.9 2.5 2.5 2 1 1 2 2
131.0 -2430.4 -108.7 110 0 7.8 20.2 5.0 2.5 2 1 2 4 4
103.0 -2365.3 -107.0 356 0 11.2 29.6 10.0 2.5 2 1 4 2 2
97.6 -2430.3 -108.5 93 0 50.8 10.7 10.0 2.5 2 0 4 0 0
1792.0 1373.4 -87.3 269 0 12.3 13.7 7.5 2.5 2 1 3 0 0
219.0 -4986.5 -79.5 101 0 11.8 4.8 7.5 2.5 2 0 3 2 2
278.1 -5160.2 -88.2 273 0 19.9 15.3 12.5 2.5 2 0 5 0 0
222.9 -5219.8 -92.9 198 0 12.4 16.4 2.5 2.5 2 1 1 3 3
361.1 -5364.8 -93.5 49 0 14.2 27.0 12.5 2.5 2 1 5 0 0
280.0 -5452.5 -89.2 84 0 10.0 25.7 7.5 2.5 2 0 3 5 5
265.7 -5453.5 -89.9 87 0 19.1 11.1 5.0 2.5 2 0 2 1 1
254.9 -5424.6 -90.5 177 0 34.3 10.2 10.0 2.5 2 0 4 3 3
293.1 -5372.1 -91.5 262 0 11.7 24.5 12.5 2.5 2 1 5 0 0
303.9 -5421.2 -90.2 84 0 7.9 24.9 5.0 2.5 2 0 2 4 4
1122.2 1426.5 -76.2 309 0 27.2 8.8 2.5 2.5 2 0 1 3 3
1103.2 1432.0 -76.0 309 0 5.3 26.8 2.5 0.0 0 1 1 4 4
1088.2 1375.0 -77.9 43 0 29.1 7.6 2.5 2.5 2 0 1 5 5
1016.8 1384.0 -73.5 215 0 11.5 35.5 12.5 2.5 2 1 5 4 4
1002.2 1487.6 -53.5 152 0 11.2 13.3 7.5 2.5 2 1 3 1 1
1732.9 -866.1 -85.6 175 0 12.3 14.5 5.0 2.5 2 1 2 1 1
1603.4 -821.2 -96.9 343 0 9.3 10.0 2.5 2.5 2 1 1 0 0
1554.5 -821.6 -96.9 59 0 9.8 12.9 7.5 2.5 2 1 3 0 0
1516.5 -884.9 -93.8 83 0 11.9 15.1 7.5 2.5 2 1 3 2 2
1519.6 -834.7 -92.1 257 0 10.3 20.8 7.5 2.5 2 1 3 1 1
1367.2 -912.1 -94.4 82 0 14.8 15.0 7.5 2.5 2 1 3 0 0
1272.5 -831.5 -90.3 267 0 16.8 20.4 10.0 2.5 2 1 4 3 3
1229.6 -999.9 -98.2 96 0 11.3 9.0 5.0 2.5 2 0 2 0 0
1162.9 -826.5 -87.0 267 0 9.6 10.8 2.5 2.5 2 1 1 0 0
1129.1 -903.8 -91.2 254 0 11.8 9.6 2.5 2.5 2 0 1 3 3
1142.4 -924.8 -92.6 341 0 10.2 11.4 2.5 2.5 2 1 1 3 3
1106.8 -939.9 -94.2 165 0 12.7 11.4 5.0 2.5 2 0 2 3 3
1108.9 -909.9 -91.8 255 0 10.9 12.5 7.5 2.5 2 1 3 4 4
1033.8 -1037.2 -100.4 106 0 11.1 13.4 5.0 2.5 2 1 2 3 3
1082.4 -869.1 -88.4 268 0 15.3 16.1 5.0 2.5 2 1 2 1 1
1093.7 -689.3 -86.9 224 0 13.1 16.4 7.5 2.5 2 1 3 4 4
1065.8 -652.1 -92.9 49 0 15.1 14.9 7.5 2.5 4 0 3 5 5
1039.9 -712.7 -88.7 222 0 13.2 10.6 5.0 2.5 2 0 2 0 0
922.3 -786.9 -93.1 33 0 15.7 13.1 5.0 2.5 2 0 2 2 2
917.9 -763.2 -94.1 307 0 10.3 5.6 2.5 2.5 4 0 1 3 3
840.6 -893.7 -91.9 116 0 10.3 15.8 5.0 2.5 2 1 2 3 3
774.6 -874.4 -98.8 100 0 18.0 18.0 10.0 2.5 2 0 4 2 2
3666.8 6062.7 -40.0 9 0 18.7 13.8 10.0 2.5 2 0 4 1 1
4251.5 5682.9 -57.4 89 0 12.2 12.1 5.0 2.5 2 0 2 2 2
4324.7 5673.3 -58.6 79 0 7.0 10.2 5.0 2.5 2 1 2 5 5
4177.6 5395.3 -58.2 0 0 10.3 10.5 5.0 2.5 4 1 2 4 4
4154.4 5447.7 -56.4 268 0 9.5 11.8 5.0 2.5 2 1 2 2 2
4183.6 5323.3 -60.6 265 0 7.1 7.9 2.5 2.5 2 1 1 4 4
4118.3 5305.4 -58.8 223 0 8.8 9.6 5.0 2.5 2 1 2 5 5
4082.8 5239.1 -62.0 82 0 6.5 13.2 7.5 2.5 2 1 3 5 5
3914.9 5248.8 -60.7 197 0 18.8 11.3 7.5 2.5 2 0 3 0 0
3961.4 5269.9 -60.3 270 0 5.8 10.7 2.5 2.5 2 1 1 3 3
3921.4 5299.8 -57.5 105 0 9.5 8.5 5.0 2.5 2 0 2 3 3
4046.4 5480.1 -51.5 109 0 13.5 10.9 7.5 2.5 2 0 3 5 5
3901.9 5453.0 -47.0 92 0 10.0 15.2 5.0 2.5 2 1 2 4 4
1477.2 1068.5 -93.4 86 0 13.4 24.4 10.0 2.5 2 1 4 1 1
1490.2 1097.6 -94.0 269 0 10.5 33.5 15.0 0.0 0 1 6 1 1
1506.3 1056.8 -94.0 90 0 8.4 38.0 7.5 2.5 2 1 3 1 1
1552.3 1107.6 -94.4 256 0 22.6 35.4 5.0 0.0 0 1 2 4 4
1567.6 1110.9 -94.4 237 0 11.7 32.0 7.5 2.5 2 1 3 1 1
1601.3 1074.3 -93.7 324 0 30.4 15.0 12.5 2.5 2 0 5 1 1
1516.1 1112.8 -94.9 81 0 20.2 12.0 10.0 2.5 2 0 4 1 1
773.7 -5143.1 -89.8 28 0 12.8 16.3 7.5 0.0 0 1 3 5 5
663.0 -5185.3 -88.7 270 0 14.9 17.6 7.5 2.5 2 1 3 0 0
666.1 -5224.4 -87.8 6 0 14.1 15.3 10.0 2.5 2 1 4 5 5
661.2 -5250.0 -87.0 7 0 12.5 13.2 7.5 2.5 2 1 3 0 0
683.3 -5270.5 -87.0 349 0 8.9 9.7 7.5 0.0 0 1 3 5 5
646.3 -5300.8 -87.1 90 0 13.2 12.1 7.5 2.5 2 0 3 3 3
628.3 -5326.4 -89.7 89 0 8.9 12.1 5.0 2.5 2 1 2 2 2
587.8 -5296.1 -87.3 278 0 12.5 16.1 2.5 2.5 2 1 1 4 4
730.6 -5212.0 -90.0 94 0 9.5 17.0 5.0 2.5 2 1 2 0 0
917.0 -5441.3 -82.4 187 0 12.9 15.5 2.5 2.5 2 1 1 1 1
977.0 -5420.7 -80.3 272 0 10.8 10.0 2.5 2.5 2 0 1 1 1
955.2 -5444.7 -81.7 91 0 8.1 16.0 5.0 2.5 2 1 2 2 2
4029.7 5282.3 -59.3 196 0 9.4 7.5 5.0 2.5 2 0 2 1 1
4079.5 5296.9 -59.0 269 0 7.9 14.0 5.0 2.5 2 1 2 5 5
3891.5 5007.0 -50.6 55 0 9.1 8.7 5.0 0.0 0 0 2 5 5
89.0 -1976.7 -89.4 94 0 8.8 10.1 5.0 0.0 0 1 2 2 2
35.4 -2385.7 -106.9 262 0 11.8 11.1 10.0 2.5 2 0 4 2 2
180.8 -2404.7 -108.7 18 0 18.2 15.5 7.5 2.5 2 0 3 5 5
200.6 -2343.2 -105.2 19 0 13.2 13.3 5.0 2.5 2 1 2 3 3
206.2 -2327.8 -104.0 26 0 15.7 16.6 5.0 2.5 2 1 2 5 5
-27.3 -2440.4 -107.1 85 0 10.5 10.9 5.0 2.5 2 1 2 4 4
-109.6 -2212.3 -101.1 63 0 9.7 12.1 7.5 2.5 2 1 3 4 4
-165.5 -2211.6 -100.6 322 0 9.4 10.4 7.5 2.5 2 1 3 4 4
-75.9 -2366.0 -105.0 89 0 11.3 10.5 5.0 0.0 0 0 2 4 4
-190.4 -1987.2 -103.9 202 0 7.8 21.0 5.0 2.5 2 1 2 2 2
-69.9 -1996.8 -93.2 277 0 12.3 12.1 2.5 2.5 2 0 1 1 1
-524.4 -2515.5 -105.8 113 0 9.7 12.6 7.5 0.0 0 1 3 2 2
-752.6 -2284.7 -109.2 235 0 12.2 12.1 2.5 2.5 2 0 1 3 3
-754.0 -2407.8 -106.2 270 0 11.9 12.3 2.5 2.5 2 1 1 2 2
-922.6 -2290.3 -106.2 89 0 9.1 13.2 2.5 2.5 2 1 1 5 5
-909.3 -2264.0 -105.4 12 0 11.1 11.4 5.0 2.5 4 1 2 1 1
-1063.5 -2128.8 -97.2 85 0 10.0 11.4 2.5 2.5 2 1 1 4 4
-1160.2 -2340.1 -112.4 44 0 10.4 11.5 5.0 2.5 2 1 2 5 5
-1080.6 -1820.4 -90.9 357 0 11.2 12.9 7.5 2.5 2 1 3 0 0
-1029.7 -1645.4 -97.9 284 0 7.9 10.3 7.5 0.0 0 1 3 5 5
-973.9 -1540.3 -95.4 190 0 14.1 16.1 7.5 2.5 2 1 3 3 3
-1001.5 -1416.5 -92.8 181 0 12.6 14.5 7.5 2.5 2 1 3 5 5
-945.0 -1403.7 -92.2 6 0 9.8 9.4 5.0 2.5 2 0 2 0 0
-968.7 -1377.0 -94.1 263 0 11.9 13.0 7.5 2.5 2 1 3 1 1
-867.5 -1376.1 -96.4 196 0 10.4 11.0 5.0 2.5 2 1 2 1 1
-830.4 -1258.0 -95.0 83 0 13.3 14.1 5.0 2.5 2 1 2 0 0
-993.8 -1461.0 -91.1 90 0 13.8 18.7 15.0 0.0 0 1 6 1 1
-698.7 -1241.7 -102.2 92 0 12.3 15.4 2.5 2.5 2 1 1 5 5
-789.2 -1152.0 -94.3 177 0 11.6 6.2 7.5 0.0 0 0 3 0 0
-881.9 -1154.5 -89.3 76 0 11.1 13.5 5.0 2.5 2 1 2 1 1
-837.0 -999.8 -86.0 0 0 11.6 7.5 7.5 2.5 2 0 3 1 1
1577.5 1136.7 -95.0 172 0 18.1 22.9 12.5 2.5 2 1 5 3 3
1593.1 1180.5 -95.3 256 0 11.4 23.0 7.5 2.5 2 1 3 2 2
1473.2 1110.6 -94.0 100 0 34.0 36.1 10.0 0.0 0 0 4 0 0
1528.9 1054.6 -93.5 80 0 15.5 18.3 12.5 2.5 2 1 5 4 4
1265.5 -862.0 -91.4 183 0 15.9 12.4 7.5 2.5 2 0 3 3 3
1194.5 -563.7 -90.2 179 0 15.3 12.9 5.0 2.5 2 0 2 3 3
1170.5 -529.7 -95.1 12 0 27.5 8.0 5.0 2.5 2 0 2 2 2
1173.8 -504.0 -96.4 13 0 20.2 6.3 5.0 2.5 2 0 2 1 1
1150.9 -481.3 -97.8 195 0 9.8 10.5 5.0 2.5 4 1 2 5 5
1339.8 -424.6 -93.4 281 0 13.0 9.2 5.0 2.5 2 0 2 4 4
1343.1 -503.1 -91.5 114 0 7.2 11.4 7.5 2.5 2 1 3 3 3
1404.1 -408.8 -96.2 202 0 8.5 5.5 5.0 2.5 2 0 2 3 3
1519.1 -355.4 -96.8 62 0 14.2 10.7 5.0 2.5 4 0 2 1 1
1512.2 -341.7 -95.4 68 0 11.5 17.7 7.5 2.5 4 1 3 3 3
1532.7 -344.4 -96.0 75 0 13.4 21.1 10.0 2.5 2 1 4 4 4
1488.0 -336.0 -94.8 165 0 10.1 11.2 7.5 2.5 2 1 3 2 2
1491.7 -322.4 -93.8 171 0 13.2 6.3 7.5 2.5 2 0 3 4 4
1498.2 -277.7 -90.1 175 0 12.0 9.0 2.5 2.5 2 0 1 3 3
1466.7 -528.0 -97.2 326 0 22.8 13.8 12.5 0.0 0 0 5 0 0
1398.5 -571.9 -87.3 271 0 20.5 23.9 12.5 2.5 2 1 5 5 5
1421.9 -654.0 -83.4 358 0 12.5 9.8 2.5 2.5 2 0 1 2 2
879.1 -5830.7 -81.8 101 0 17.6 15.9 7.5 2.5 2 0 3 5 5
688.6 -5757.0 -85.3 262 0 15.1 15.5 10.0 2.5 2 1 4 4 4
839.3 -5467.2 -90.1 174 0 9.7 14.2 5.0 2.5 2 1 2 2 2
765.9 -5603.1 -92.4 174 0 9.6 9.5 5.0 2.5 2 0 2 2 2
666.2 -5579.9 -85.6 355 0 17.3 14.5 12.5 2.5 2 0 5 1 1
559.0 -5770.9 -95.8 273 0 14.0 14.5 7.5 2.5 4 1 3 2 2
548.4 -5808.3 -97.5 7 0 15.3 13.3 7.5 2.5 2 0 3 2 2
-1064.0 -399.4 -91.8 109 0 7.7 13.3 7.5 2.5 2 1 3 3 3
-85.5 -488.1 -98.2 92 0 13.0 12.8 7.5 2.5 2 0 3 4 4
-90.7 -766.8 -99.0 91 0 11.7 12.0 7.5 2.5 2 1 3 3 3
-281.7 -761.8 -91.3 264 0 5.8 9.5 5.0 2.5 2 1 2 5 5
579.5 -5617.8 -90.2 185 0 13.2 12.7 7.5 2.5 2 0 3 0 0
535.9 -5920.3 -99.8 93 0 11.2 12.1 5.0 2.5 2 1 2 5 5
1663.2 -365.7 -101.3 151 0 12.7 13.3 7.5 2.5 2 1 3 2 2
1705.8 -321.0 -99.0 194 0 13.1 9.8 7.5 2.5 4 0 3 4 4
1704.1 -238.4 -93.9 214 0 12.0 14.0 5.0 0.0 0 1 2 2 2
1753.9 -195.7 -91.1 276 0 9.0 11.8 5.0 2.5 2 1 2 0 0
1807.5 -210.7 -91.7 271 0 14.4 13.5 2.5 2.5 2 0 1 2 2
1810.6 -241.7 -92.8 95 0 15.8 13.1 5.0 2.5 2 0 2 3 3
1770.9 -346.4 -101.0 100 0 20.8 12.9 12.5 2.5 2 0 5 5 5
769.0 -6160.2 -86.6 0 0 10.7 14.6 2.5 2.5 2 1 1 0 0
-4770.4 1849.4 -102.2 87 0 11.6 19.0 5.0 2.5 2 1 2 4 4
-4657.2 1886.6 -101.6 291 0 9.1 15.2 7.5 2.5 2 1 3 1 1
-4873.4 1903.9 -100.2 95 0 11.5 15.8 10.0 2.5 2 1 4 0 0
-4848.5 1932.5 -101.7 278 0 8.3 9.4 5.0 2.5 4 1 2 1 1
-4825.7 1927.2 -102.4 278 0 9.0 12.3 5.0 2.5 2 1 2 3 3
-4828.1 1951.2 -102.4 272 0 8.0 10.0 5.0 2.5 2 1 2 0 0
-4790.3 1915.9 -102.2 2 0 9.4 11.2 5.0 2.5 2 1 2 0 0
-4889.1 1910.8 -98.8 98 0 7.5 7.6 7.5 2.5 2 1 3 4 4
-4883.1 1935.5 -99.4 269 0 7.4 8.2 5.0 2.5 4 1 2 5 5
-4833.5 1865.5 -101.9 81 0 8.4 11.0 7.5 2.5 2 1 3 2 2
-4776.1 1987.5 -102.1 56 0 14.2 9.0 7.5 2.5 2 0 3 1 1
-4684.3 1950.0 -101.7 53 0 14.4 18.2 10.0 2.5 2 1 4 2 2
-4619.3 1826.9 -104.2 11 0 19.3 10.4 5.0 2.5 2 0 2 2 2
-4655.0 1755.3 -105.6 332 0 8.3 7.1 2.5 2.5 2 0 1 3 3
-4639.2 1833.5 -103.3 83 0 11.0 7.7 5.0 2.5 2 0 2 3 3
-4624.3 1682.8 -107.2 19 0 33.5 40.3 10.0 0.0 0 1 4 4 4
-4678.7 1622.6 -105.5 195 0 16.9 15.1 7.5 2.5 2 0 3 0 0
-5000.9 1830.4 -90.4 95 0 10.2 16.1 7.5 2.5 2 1 3 4 4
-5018.2 1835.8 -89.1 94 0 12.2 11.7 2.5 2.5 2 0 1 1 1
-5051.9 1859.5 -87.1 165 0 12.7 8.9 7.5 2.5 2 0 3 3 3
-5056.2 1889.4 -87.7 164 0 13.1 15.6 7.5 2.5 2 1 3 4 4
-5066.0 1938.2 -87.4 164 0 22.5 10.1 5.0 2.5 2 0 2 1 1
-5088.4 1987.9 -86.7 169 0 9.9 11.5 2.5 2.5 2 1 1 1 1
-5216.5 2142.6 -92.2 123 0 12.5 13.9 7.5 2.5 2 1 3 5 5
-5227.3 2199.0 -94.0 116 0 9.8 4.9 2.5 2.5 2 0 1 1 1
-5269.2 2202.0 -91.7 154 0 19.0 15.9 12.5 2.5 2 0 5 0 0
-5926.4 -1593.0 -86.5 183 0 20.0 18.6 12.5 2.5 2 0 5 1 1
-5982.8 -1361.6 -94.4 47 0 13.2 12.8 5.0 2.5 2 0 2 5 5
-5979.6 -1488.2 -91.1 104 0 12.3 19.7 7.5 2.5 2 1 3 5 5
-6005.9 -1428.0 -92.6 273 0 14.8 23.9 10.0 2.5 2 1 4 2 2
-5912.6 -1475.4 -89.7 7 0 20.9 16.9 10.0 2.5 2 0 4 4 4
-5444.0 -1597.7 -93.1 91 0 13.0 15.0 7.5 2.5 2 1 3 4 4
-5453.8 -1365.7 -107.4 347 0 12.0 14.3 2.5 2.5 2 1 1 1 1
-6195.3 -1214.1 -97.3 202 0 16.5 16.4 12.5 2.5 2 0 5 4 4
-5411.9 -124.7 -110.2 195 0 16.7 33.1 12.5 0.0 0 1 5 4 4
-5310.2 -46.5 -110.6 300 0 17.4 18.6 10.0 2.5 2 1 4 4 4
-5278.6 -35.1 -105.3 272 0 11.0 23.3 12.5 2.5 2 0 5 0 0
-5266.5 -23.6 -105.2 88 0 41.6 22.6 12.5 0.0 0 0 5 4 4
-5200.6 -36.7 -99.7 265 0 9.9 12.5 7.5 2.5 2 0 3 2 2
-5107.7 -52.5 -98.9 243 0 12.5 12.6 7.5 0.0 0 1 3 4 4
-5072.7 -109.7 -101.9 90 0 17.8 20.7 10.0 2.5 2 1 4 1 1
-5068.6 -50.9 -102.8 225 0 14.5 19.0 10.0 2.5 4 1 4 5 5
-5017.0 -29.0 -101.7 54 0 18.9 13.6 10.0 0.0 0 0 4 4 4
-4971.3 -12.6 -105.7 216 0 9.2 11.9 7.5 2.5 4 1 3 1 1
-4934.9 138.7 -93.5 145 0 46.4 24.6 12.5 0.0 0 0 5 2 2
-4775.7 29.1 -100.1 45 0 19.6 14.5 12.5 2.5 2 0 5 1 1
-4710.9 66.7 -108.8 99 0 12.7 15.7 7.5 2.5 2 1 3 0 0
-4727.2 141.3 -104.7 245 0 10.6 19.4 2.5 2.5 2 1 1 5 5
-4168.9 654.4 -107.0 90 0 11.1 24.3 10.0 2.5 2 1 4 1 1
-4038.8 654.4 -106.1 36 0 19.6 14.0 15.0 0.0 0 0 6 5 5
-4052.0 732.0 -109.8 205 0 11.5 8.5 5.0 2.5 2 0 2 5 5
-4053.2 687.9 -107.2 196 0 9.5 8.3 2.5 2.5 2 0 1 4 4
-3924.1 926.6 -106.7 107 0 18.2 17.6 12.5 2.5 4 0 5 1 1
-3795.9 923.2 -108.6 284 0 12.5 34.6 10.0 2.5 2 1 4 5 5
-3850.5 900.0 -108.0 86 0 15.0 17.2 10.0 2.5 2 1 4 1 1
-5158.7 -1178.5 -111.8 90 0 18.4 21.1 12.5 2.5 2 1 5 4 4
-5129.8 -1120.1 -111.1 357 0 13.2 15.2 7.5 2.5 2 1 3 4 4
-5120.0 -1146.9 -110.7 358 0 13.9 17.8 5.0 2.5 2 1 2 3 3
-3793.2 -416.3 -105.1 275 0 17.0 27.1 10.0 2.5 2 1 4 1 1
-3714.0 -457.1 -106.0 279 0 11.2 15.6 2.5 2.5 2 1 1 2 2
-3716.5 -337.5 -103.0 277 0 21.6 16.3 10.0 2.5 2 0 4 0 0
-3636.7 -80.0 -100.3 4 0 21.5 18.1 12.5 2.5 2 0 5 3 3
-3633.5 -42.8 -97.1 355 0 16.3 15.3 2.5 2.5 2 0 1 2 2
-3686.1 -294.7 -108.4 267 0 17.9 15.4 12.5 2.5 4 0 5 3 3
-3666.6 -293.2 -108.0 261 0 13.5 16.9 10.0 2.5 2 1 4 4 4
-3655.4 -330.2 -104.9 271 0 14.3 22.0 12.5 2.5 2 1 5 3 3
-3651.6 -291.9 -107.8 259 0 12.0 17.5 5.0 0.0 0 1 2 3 3
-3514.7 -79.7 -100.2 356 0 13.4 13.6 7.5 0.0 0 1 3 3 3
-3545.4 -131.4 -103.3 177 0 15.8 16.1 10.0 2.5 4 1 4 2 2
-3438.3 -46.5 -98.0 46 0 14.8 10.5 5.0 2.5 2 0 2 1 1
-3800.0 848.2 -110.9 252 0 14.5 17.6 12.5 2.5 2 1 5 5 5
-4320.6 1391.8 -105.4 347 0 7.1 12.1 5.0 2.5 2 0 2 2 2
-4269.5 1361.0 -102.6 194 0 15.4 11.8 7.5 2.5 2 0 3 0 0
-4301.4 1423.7 -102.3 180 0 13.5 19.3 10.0 2.5 2 1 4 0 0
-4272.4 1269.7 -105.6 171 0 14.9 9.4 7.5 2.5 2 0 3 2 2
-4279.8 1293.6 -105.4 175 0 11.1 10.5 5.0 2.5 2 0 2 5 5
-4308.0 1347.0 -106.3 349 0 9.5 13.4 7.5 0.0 0 1 3 4 4
-4251.1 1392.2 -100.5 357 0 11.4 9.6 5.0 0.0 0 0 2 5 5
-4243.2 1409.5 -98.9 89 0 14.1 14.3 7.5 0.0 0 1 3 2 2
-4190.1 1405.3 -95.5 11 0 10.1 11.1 7.5 2.5 4 1 3 1 1
-4166.7 1319.0 -96.8 273 0 10.1 9.7 7.5 2.5 2 0 3 5 5
-4147.3 1311.6 -96.1 291 0 13.9 14.7 2.5 2.5 2 1 1 4 4
-4230.4 1209.5 -104.5 97 0 11.3 19.3 7.5 0.0 0 1 3 4 4
-3484.4 278.0 -89.9 89 0 12.9 14.9 7.5 2.5 2 1 3 0 0
-3515.4 262.6 -91.0 81 0 12.5 21.7 10.0 2.5 2 0 4 0 0
-3528.5 261.3 -92.1 87 0 13.9 18.9 15.0 0.0 0 0 6 3 3
-3544.5 261.9 -93.5 84 0 18.6 13.8 7.5 2.5 2 0 3 1 1
-3611.6 313.7 -98.2 180 0 16.8 21.1 12.5 2.5 2 1 5 1 1
-3591.0 264.8 -96.9 96 0 11.0 14.5 5.0 2.5 2 1 2 3 3
-3555.8 419.2 -96.6 2 0 13.5 11.6 2.5 2.5 4 0 1 1 1
-3584.7 414.8 -98.6 95 0 12.4 14.5 5.0 2.5 2 1 2 1 1
-3597.5 456.4 -100.7 270 0 13.1 16.7 5.0 2.5 2 0 2 3 3
-3646.4 454.5 -104.6 171 0 19.8 25.3 10.0 2.5 2 1 4 1 1
-3612.4 467.0 -102.4 274 0 15.9 23.4 10.0 2.5 2 0 4 5 5
-3681.3 459.3 -105.8 271 0 21.2 23.4 10.0 2.5 2 1 4 3 3
-3653.5 443.1 -105.5 6 0 16.5 10.9 5.0 2.5 2 0 2 3 3
-3660.5 473.2 -106.1 94 0 15.4 19.4 12.5 2.5 2 0 5 4 4
-3611.8 498.7 -104.0 86 0 14.2 17.0 7.5 2.5 2 1 3 1 1
-3684.3 483.5 -106.1 184 0 12.0 16.8 5.0 2.5 2 0 2 1 1
-3633.6 478.5 -106.2 83 0 23.3 30.4 12.5 0.0 0 1 5 2 2
-4206.5 1322.6 -99.8 281 0 7.5 11.4 7.5 2.5 2 1 3 0 0
-4215.0 1256.9 -102.2 74 0 10.2 12.6 7.5 2.5 2 1 3 1 1
-4333.1 1481.6 -103.3 356 0 10.6 10.6 5.0 2.5 4 0 2 2 2
-4223.4 1521.2 -93.4 343 0 8.2 9.6 5.0 2.5 2 1 2 1 1
-4234.2 1540.7 -93.3 259 0 10.4 9.5 2.5 2.5 2 0 1 3 3
-4302.8 1571.2 -99.0 184 0 13.5 10.7 5.0 2.5 2 0 2 0 0
-4326.4 1630.3 -103.9 1 0 13.1 16.4 7.5 2.5 2 1 3 5 5
-4337.5 1388.3 -106.6 359 0 20.8 11.7 5.0 2.5 2 0 2 5 5
-4308.6 1487.7 -100.9 183 0 9.9 15.2 5.0 2.5 2 1 2 4 4
-4293.4 1460.6 -100.3 171 0 11.6 10.4 5.0 2.5 2 0 2 5 5
-4248.1 1475.6 -96.8 344 0 8.8 6.9 2.5 2.5 2 0 1 1 1
-4239.1 1457.9 -97.2 334 0 13.8 12.3 5.0 2.5 4 0 2 1 1
-4328.5 1424.4 -104.6 9 0 14.8 9.5 5.0 2.5 2 0 2 3 3
-4228.0 1886.2 -107.1 195 0 24.4 11.2 7.5 0.0 0 0 3 1 1
-4221.6 1964.9 -108.1 51 0 10.3 24.6 12.5 0.0 0 1 5 5 5
-4229.8 1943.8 -107.0 14 0 6.1 7.6 7.5 2.5 2 1 3 2 2
-4234.3 1934.7 -106.9 9 0 9.3 7.2 7.5 0.0 0 0 3 2 2
-4298.8 1908.1 -102.8 93 0 9.4 7.7 2.5 2.5 2 0 1 0 0
-4324.9 1936.4 -101.9 189 0 7.4 10.2 7.5 2.5 2 1 3 5 5
-4304.8 1936.8 -103.0 95 0 9.3 9.9 7.5 2.5 2 1 3 0 0
-4301.2 1997.9 -104.2 289 0 8.5 8.4 7.5 0.0 0 0 3 4 4
-4232.8 2007.3 -108.9 228 0 9.8 15.8 7.5 2.5 2 1 3 2 2
-4211.9 1972.2 -108.3 67 0 6.5 15.4 7.5 2.5 2 1 3 4 4
-4207.5 1956.3 -108.3 228 0 17.4 30.7 5.0 0.0 0 1 2 0 0
-4177.2 1976.0 -109.2 242 0 24.5 12.0 10.0 2.5 2 0 4 5 5
-4260.2 1895.9 -105.8 284 0 19.2 34.0 10.0 0.0 0 1 4 4 4
-4285.4 1802.3 -103.9 15 0 8.3 14.3 5.0 0.0 0 1 2 3 3
-4380.6 1817.9 -107.1 189 0 10.7 14.2 7.5 2.5 2 1 3 1 1
-4393.4 1757.6 -110.6 73 0 13.6 16.8 2.5 2.5 2 1 1 5 5
-4304.9 1749.4 -106.3 15 0 5.7 11.5 7.5 2.5 2 1 3 3 3
-4337.0 1724.1 -107.5 196 0 10.5 10.8 2.5 2.5 2 1 1 2 2
-4274.0 1787.6 -104.5 194 0 9.6 21.3 5.0 2.5 2 1 2 0 0
-4333.0 1869.6 -102.9 270 0 11.1 12.9 7.5 2.5 4 1 3 4 4
-4279.4 1759.2 -104.9 191 0 17.8 15.4 10.0 2.5 2 0 4 5 5
-4312.0 1665.3 -104.7 8 0 16.7 11.5 2.5 2.5 2 0 1 4 4
-1953.1 3346.4 -79.6 177 0 9.2 10.2 2.5 2.5 2 1 1 3 3
-2271.5 2701.9 -89.8 281 0 11.0 24.5 10.0 2.5 2 1 4 1 1
-2420.6 2687.1 -97.7 306 0 12.8 16.1 10.0 2.5 2 1 4 0 0
-2398.8 2673.2 -97.4 306 0 15.5 14.3 7.5 2.5 2 0 3 5 5
-3186.5 523.8 -86.1 359 0 8.1 15.6 7.5 2.5 2 1 3 2 2
-3250.2 588.7 -94.7 7 0 9.0 9.1 7.5 2.5 2 1 3 2 2
-3292.5 546.9 -93.0 184 0 8.8 8.9 5.0 2.5 2 1 2 0 0
-3215.4 517.3 -86.3 182 0 11.0 8.5 2.5 2.5 2 0 1 3 3
2201.3 -6014.3 -85.5 192 0 25.2 19.0 12.5 2.5 2 0 5 2 2
2248.0 -5995.3 -83.3 9 0 27.8 23.2 10.0 0.0 0 0 4 0 0
2214.6 -5918.2 -84.7 108 0 22.3 23.9 7.5 2.5 2 1 3 5 5
2365.2 -5921.6 -86.7 4 0 33.2 25.6 12.5 0.0 0 0 5 3 3
2379.8 -5978.2 -85.8 98 0 12.8 12.0 2.5 2.5 2 0 1 3 3
2327.6 -5983.7 -84.6 281 0 15.4 18.5 7.5 2.5 2 1 3 4 4
2356.0 -6029.5 -84.5 87 0 13.2 15.3 5.0 2.5 2 1 2 1 1
2393.6 -6088.1 -84.2 85 0 24.6 18.8 10.0 2.5 2 0 4 5 5
2401.7 -6006.7 -85.4 359 0 15.1 16.6 7.5 2.5 2 1 3 5 5
2415.9 -6048.0 -84.8 269 0 14.0 13.2 2.5 2.5 2 0 1 3 3
2431.4 -6066.4 -84.7 281 0 17.0 14.9 10.0 2.5 2 0 4 2 2
2416.8 -5980.1 -86.7 168 0 31.6 22.7 7.5 0.0 0 0 3 1 1
2366.6 -5812.0 -88.8 88 0 10.7 9.4 5.0 2.5 2 0 2 4 4
2362.7 -5764.3 -89.3 176 0 10.7 9.0 7.5 2.5 2 0 3 0 0
2380.3 -5732.5 -89.9 210 0 5.2 8.7 5.0 2.5 2 1 2 0 0
2366.2 -5624.7 -95.1 175 0 9.9 10.1 5.0 2.5 2 1 2 5 5
2402.4 -5629.0 -95.4 6 0 9.0 10.9 2.5 2.5 2 1 1 4 4
2423.8 -5584.4 -98.0 0 0 10.8 10.6 2.5 2.5 2 0 1 4 4
2343.1 -5536.9 -98.5 266 0 10.0 14.5 5.0 2.5 2 1 2 2 2
2384.0 -5561.5 -98.0 297 0 8.7 8.8 7.5 2.5 4 1 3 1 1
2368.5 -5525.8 -99.5 311 0 6.6 7.2 7.5 2.5 2 1 3 5 5
2431.2 -5384.0 -96.1 85 0 18.3 23.4 12.5 2.5 2 1 5 3 3
2455.5 -5367.2 -93.2 263 0 15.3 19.6 12.5 0.0 0 1 5 5 5
2484.3 -5182.7 -106.3 12 0 39.2 27.4 10.0 0.0 0 0 4 3 3
2366.8 -5200.4 -102.8 180 0 32.2 15.7 10.0 2.5 2 0 4 3 3
2371.9 -5259.0 -95.4 184 0 16.2 15.6 10.0 2.5 2 0 4 0 0
2392.4 -5235.3 -98.7 359 0 20.5 17.4 10.0 2.5 2 0 4 5 5
2364.2 -5049.5 -96.3 180 0 25.0 17.9 12.5 2.5 2 0 5 0 0
2401.5 -5018.1 -92.2 80 0 27.3 26.0 10.0 0.0 0 0 4 2 2
2306.6 -4997.7 -93.7 260 0 21.5 19.8 12.5 2.5 2 0 5 5 5
6083.5 1967.0 -69.5 203 0 13.8 12.6 5.0 2.5 2 0 2 5 5
-5307.8 -366.2 -109.4 85 0 11.6 10.5 5.0 2.5 2 0 2 2 2
-253.0 -6825.7 -108.6 94 0 14.8 14.8 5.0 2.5 4 1 2 2 2
-262.3 -6678.5 -108.8 353 0 11.4 8.8 5.0 2.5 2 0 2 5 5
-398.3 -6513.6 -111.7 211 0 18.6 13.6 5.0 2.5 2 0 2 4 4
-411.5 -6565.4 -112.8 259 0 12.6 14.6 7.5 2.5 2 1 3 2 2
-405.7 -6405.5 -110.8 184 0 13.7 15.2 5.0 2.5 2 1 2 3 3
-400.0 -6332.7 -110.0 189 0 12.4 13.8 5.0 2.5 2 1 2 5 5
-403.3 -6299.3 -109.8 184 0 16.2 10.7 2.5 2.5 2 0 1 2 2
-324.6 -6345.1 -108.6 348 0 16.7 13.9 5.0 2.5 2 0 2 2 2
-337.9 -6306.7 -109.0 71 0 11.2 17.0 5.0 0.0 0 1 2 0 0
-270.3 -6256.4 -108.7 256 0 13.3 15.5 5.0 2.5 2 1 2 0 0
-102.2 -6094.3 -102.7 351 0 10.0 8.3 5.0 2.5 2 0 2 0 0
-238.3 -5534.1 -98.6 179 0 21.1 6.3 5.0 2.5 2 0 2 5 5
17.2 -5468.2 -99.7 2 0 20.7 13.7 10.0 2.5 2 0 4 3 3
116.8 -5511.3 -99.3 79 0 16.6 18.0 5.0 2.5 2 1 2 1 1
132.2 -5418.3 -98.7 83 0 14.0 11.1 5.0 2.5 2 0 2 4 4
174.3 -5418.1 -98.4 354 0 14.2 8.8 2.5 2.5 2 0 1 3 3
-445.9 -6414.7 -112.6 355 0 14.6 17.7 7.5 2.5 2 1 3 1 1
-425.5 -6248.7 -110.9 3 0 24.7 29.7 7.5 0.0 0 1 3 4 4
-464.8 -6080.9 -110.0 79 0 25.0 12.2 10.0 0.0 0 0 4 3 3
-411.8 -6001.8 -106.4 14 0 39.8 11.0 12.5 2.5 2 0 5 5 5
-425.2 -6055.9 -108.7 5 0 29.4 15.1 10.0 2.5 4 0 4 2 2
-625.9 -6782.5 -108.5 280 0 12.4 16.4 7.5 2.5 2 1 3 0 0
-354.7 -6626.4 -112.2 265 0 14.9 14.8 5.0 2.5 2 0 2 5 5
-61.6 -6345.9 -106.3 166 0 16.7 12.9 2.5 2.5 2 0 1 3 3
464.4 -6029.4 -96.2 248 0 12.5 15.5 7.5 0.0 0 1 3 4 4
502.8 -6048.6 -95.5 83 0 13.8 16.3 12.5 2.5 2 1 5 4 4
514.6 -5850.2 -99.5 178 0 12.8 14.5 7.5 0.0 0 1 3 4 4
786.7 -5688.3 -91.2 64 0 8.3 8.4 5.0 2.5 2 1 2 3 3
814.6 -5765.1 -83.9 81 0 15.8 18.9 7.5 2.5 2 1 3 4 4
641.1 -5645.1 -84.2 8 0 12.6 11.5 5.0 2.5 2 0 2 4 4
618.7 -5230.7 -87.2 191 0 30.4 17.8 17.5 0.0 0 0 7 5 5
491.2 -5299.0 -89.2 82 0 13.1 9.3 7.5 2.5 2 0 3 3 3
524.4 -4714.6 -80.8 262 0 32.9 20.0 10.0 0.0 0 0 4 0 0
3763.0 83.4 -87.5 228 0 9.1 5.3 7.5 2.5 2 0 3 4 4
3645.6 -36.6 -85.4 177 0 9.0 17.0 2.5 2.5 2 1 1 0 0
3733.9 -29.8 -90.9 105 0 11.4 12.7 5.0 2.5 2 0 2 4 4
3779.4 -135.6 -89.2 24 0 7.0 7.0 7.5 2.5 2 0 3 5 5
3660.6 -76.9 -90.6 175 0 17.1 11.2 5.0 2.5 2 0 2 0 0
3679.0 -65.9 -88.4 353 0 5.3 6.0 2.5 2.5 2 1 1 4 4
3743.3 71.5 -87.3 231 0 14.1 15.3 5.0 2.5 2 1 2 0 0
3759.3 206.5 -81.9 95 0 7.0 11.8 2.5 2.5 4 1 1 0 0
3870.5 232.8 -90.6 88 0 17.3 11.9 2.5 0.0 0 0 1 1 1
3902.8 173.4 -95.3 354 0 9.6 7.7 7.5 2.5 2 0 3 2 2
3842.6 251.4 -87.4 257 0 7.3 8.3 7.5 2.5 2 1 3 4 4
3567.8 -165.6 -94.8 57 0 6.6 12.0 7.5 2.5 2 1 3 5 5
3530.8 -117.0 -90.2 181 0 11.9 8.7 5.0 2.5 2 0 2 5 5
3664.5 -96.1 -91.3 282 0 6.6 15.6 7.5 2.5 2 0 3 4 4
3698.0 -117.3 -90.0 273 0 9.6 13.8 2.5 2.5 2 1 1 3 3
3677.1 -164.2 -90.5 91 0 7.0 8.3 7.5 2.5 2 1 3 3 3
3459.4 721.8 -64.9 35 0 17.0 15.0 15.0 0.0 0 0 6 5 5
3470.0 793.7 -73.2 1 0 21.8 13.4 10.0 2.5 2 0 4 5 5
3466.7 854.4 -81.4 291 0 20.7 12.0 5.0 2.5 2 0 2 0 0
3497.8 854.9 -80.2 26 0 13.3 14.0 2.5 2.5 2 1 1 2 2
3504.2 853.2 -78.0 200 0 12.9 12.1 5.0 2.5 2 0 2 5 5
3511.7 865.6 -78.8 203 0 8.6 17.0 5.0 2.5 4 1 2 3 3
3501.3 881.3 -81.2 21 0 14.2 9.7 7.5 2.5 2 0 3 3 3
3489.7 912.3 -80.4 288 0 12.5 13.6 2.5 2.5 4 1 1 4 4
3567.3 969.3 -74.5 179 0 15.0 18.3 12.5 2.5 2 1 5 4 4
3572.1 947.3 -76.3 180 0 10.1 10.6 7.5 0.0 0 1 3 0 0
3628.2 973.4 -75.9 266 0 13.7 15.0 5.0 0.0 0 1 2 3 3
3684.5 867.6 -78.2 93 0 17.7 20.1 12.5 2.5 2 1 5 5 5
3441.9 1260.2 -84.5 222 0 17.6 17.9 10.0 2.5 2 1 4 5 5
3541.8 1258.4 -80.1 75 0 16.9 14.4 5.0 2.5 4 0 2 3 3
3556.6 1269.5 -79.4 73 0 13.6 14.8 5.0 2.5 2 1 2 5 5
3671.7 1288.6 -72.5 87 0 15.2 16.3 5.0 2.5 2 1 2 0 0
3717.1 1404.4 -80.4 196 0 21.2 18.8 15.0 0.0 0 0 6 1 1
406.7 1387.0 -89.1 296 0 47.2 46.8 12.5 0.0 0 0 5 4 4
510.8 1032.8 -82.7 186 0 9.4 14.6 5.0 2.5 2 1 2 1 1
584.6 1047.5 -81.5 6 0 8.6 14.4 5.0 2.5 4 1 2 0 0
495.3 1127.5 -82.5 180 0 11.3 9.9 5.0 2.5 2 0 2 5 5
372.1 736.3 -96.0 145 0 10.0 16.8 7.5 2.5 2 1 3 2 2
399.8 684.7 -95.4 89 0 12.7 10.1 7.5 2.5 4 0 3 0 0
312.3 767.5 -96.0 104 0 11.5 13.9 5.0 2.5 2 1 2 2 2
282.0 793.5 -94.0 126 0 6.0 9.3 5.0 2.5 2 1 2 3 3
282.0 837.2 -92.0 245 0 10.3 12.8 5.0 2.5 2 1 2 0 0
185.7 798.0 -92.0 91 0 11.8 14.9 7.5 0.0 0 1 3 5 5
18.9 744.9 -82.0 84 0 7.6 12.8 7.5 2.5 2 1 3 3 3
13.0 780.1 -82.4 171 0 11.6 11.3 5.0 2.5 2 0 2 2 2
-24.6 854.8 -85.8 277 0 5.4 10.9 5.0 0.0 0 1 2 2 2
7.1 609.5 -87.4 274 0 14.7 11.3 7.5 2.5 2 0 3 5 5
15.1 483.2 -99.1 79 0 13.7 18.8 12.5 2.5 2 1 5 2 2
48.9 489.7 -100.7 44 0 12.4 24.8 10.0 2.5 2 1 4 2 2
20.2 398.8 -101.2 167 0 8.1 11.3 2.5 2.5 2 1 1 1 1
9.3 240.5 -101.6 56 0 12.6 11.4 7.5 0.0 0 0 3 2 2
3.8 308.6 -98.6 203 0 17.2 20.3 10.0 2.5 2 1 4 3 3
18.9 385.8 -100.8 192 0 11.1 16.1 5.0 2.5 2 1 2 0 0
-89.3 153.1 -91.7 133 0 10.8 8.8 7.5 2.5 2 0 3 2 2
-247.7 186.8 -87.2 234 0 12.1 22.0 10.0 2.5 2 1 4 3 3
-169.9 283.1 -92.9 290 0 6.3 14.3 7.5 2.5 2 1 3 5 5
-218.9 302.0 -94.4 310 0 10.9 13.8 7.5 2.5 2 1 3 5 5
-252.2 365.0 -100.3 182 0 15.1 14.0 7.5 2.5 2 0 3 2 2
-375.3 419.1 -96.2 1 0 12.3 14.4 5.0 2.5 2 1 2 1 1
-764.5 594.2 -75.7 203 0 10.0 19.0 5.0 2.5 2 1 2 1 1
-731.7 1412.8 -69.4 258 0 4.4 14.6 7.5 0.0 0 1 3 4 4
-758.3 1515.1 -75.8 191 0 10.7 9.1 5.0 2.5 2 0 2 4 4
-636.7 1615.2 -87.2 359 0 12.5 14.4 7.5 2.5 2 1 3 5 5
-671.0 1620.5 -85.5 284 0 7.8 9.3 5.0 2.5 2 1 2 2 2
-564.5 1572.1 -87.9 105 0 10.3 13.4 5.0 2.5 2 1 2 5 5
-431.9 1555.4 -89.0 104 0 8.9 9.6 7.5 2.5 2 1 3 3 3
-421.1 1577.8 -89.4 283 0 7.2 9.2 5.0 2.5 2 1 2 2 2
-169.5 1662.8 -82.0 129 0 5.2 13.5 5.0 2.5 4 1 2 1 1
-170.4 1420.5 -88.2 181 0 15.9 9.3 5.0 2.5 2 0 2 3 3
-92.4 1408.7 -86.2 329 0 11.3 20.5 10.0 2.5 4 1 4 0 0
286.7 1208.9 -91.5 93 0 7.2 14.2 5.0 2.5 2 1 2 2 2
-931.2 1744.0 -72.4 261 0 8.2 10.1 2.5 2.5 2 1 1 2 2
-1239.8 -6805.6 -116.2 84 0 16.3 16.5 10.0 0.0 0 1 4 4 4
-2345.2 2479.1 -95.7 185 0 19.4 26.7 7.5 2.5 2 1 3 4 4
-2811.1 -4394.3 -109.6 105 0 11.6 14.9 5.0 2.5 2 1 2 5 5
-2838.3 -4233.8 -101.0 65 0 5.6 5.6 5.0 2.5 2 0 2 1 1
-2803.6 -4175.6 -103.0 94 0 6.9 7.2 5.0 2.5 2 1 2 2 2
-2809.2 -4149.5 -103.5 262 0 11.5 7.7 7.5 2.5 2 0 3 2 2
1714.3 -134.5 -92.6 198 0 14.9 16.3 2.5 2.5 2 1 1 0 0
351.4 -5753.7 -102.9 281 0 8.0 18.9 5.0 2.5 2 1 2 5 5
-91.2 -5464.3 -102.0 356 0 8.4 46.0 7.5 2.5 2 1 3 0 0
-118.6 -5322.9 -104.0 0 0 32.8 34.5 10.0 0.0 0 1 4 5 5
-166.4 -5319.3 -103.9 268 0 18.8 23.6 10.0 2.5 2 0 4 3 3
6788.5 1278.9 -78.0 111 0 12.8 16.5 2.5 2.5 2 1 1 2 2
6767.8 1271.2 -78.0 113 0 11.8 9.1 5.0 2.5 2 0 2 4 4
6851.9 1216.5 -79.1 275 0 9.1 10.2 5.0 2.5 2 1 2 3 3
6830.2 1236.5 -78.7 104 0 16.0 12.6 5.0 2.5 2 0 2 5 5
6845.7 1252.2 -78.4 92 0 12.4 15.7 2.5 2.5 2 1 1 1 1
6856.2 1234.5 -78.7 91 0 11.8 11.9 5.0 2.5 2 1 2 3 3
6661.4 1244.0 -72.1 91 0 15.4 15.1 5.0 2.5 2 0 2 1 1
6680.0 1246.8 -73.3 114 0 10.2 16.4 7.5 2.5 2 1 3 2 2
6685.4 1289.9 -72.8 1 0 14.1 11.2 7.5 2.5 2 0 3 5 5
6744.8 1288.0 -76.7 89 0 17.7 16.7 12.5 2.5 2 0 5 3 3
6704.6 1333.4 -73.9 271 0 6.8 9.7 2.5 2.5 2 1 1 2 2
6785.1 1431.4 -75.9 31 0 15.1 16.2 10.0 2.5 2 1 4 2 2
6704.2 1484.2 -73.5 271 0 18.0 17.9 10.0 2.5 2 0 4 3 3
6622.2 1518.5 -66.0 174 0 14.0 22.9 10.0 2.5 2 1 4 2 2
6614.6 1393.7 -67.0 192 0 22.6 12.4 12.5 2.5 4 0 5 1 1
6633.9 1459.8 -67.1 184 0 7.2 10.0 5.0 0.0 0 1 2 1 1
6605.2 1404.5 -64.3 13 0 16.7 13.4 5.0 2.5 2 0 2 2 2
6594.9 1451.2 -62.2 355 0 12.8 19.7 10.0 2.5 2 1 4 0 0
6581.5 1367.0 -64.6 123 0 18.1 25.1 10.0 2.5 2 1 4 0 0
6565.3 1293.9 -64.1 197 0 15.8 11.0 5.0 2.5 2 0 2 1 1
6533.2 1326.7 -62.4 15 0 19.4 24.9 12.5 2.5 2 1 5 4 4
6575.5 1218.4 -67.1 275 0 16.1 26.1 10.0 2.5 2 1 4 2 2
6549.6 1222.8 -63.6 294 0 12.2 20.1 10.0 2.5 2 1 4 4 4
6497.3 1272.8 -64.6 194 0 15.7 16.4 12.5 2.5 2 1 5 5 5
6514.1 1169.1 -66.2 201 0 17.1 13.0 2.5 2.5 2 0 1 5 5
6504.7 1228.8 -65.8 23 0 11.1 11.1 5.0 2.5 2 1 2 4 4
6526.5 1231.2 -64.7 29 0 11.1 20.7 10.0 2.5 2 1 4 2 2
6505.6 1198.3 -66.6 26 0 11.8 11.8 2.5 2.5 2 1 1 4 4
6529.5 1186.9 -64.6 187 0 16.8 14.2 7.5 2.5 2 0 3 4 4
6423.5 1177.5 -72.4 93 0 27.0 19.6 10.0 2.5 2 0 4 1 1
6302.2 1041.6 -76.8 97 0 13.9 16.5 7.5 2.5 2 1 3 3 3
6292.3 1183.7 -79.6 266 0 10.5 20.2 7.5 2.5 2 1 3 4 4
6323.3 1117.0 -78.6 98 0 15.3 16.9 10.0 2.5 2 1 4 5 5
6340.1 1174.7 -77.3 274 0 20.3 14.9 12.5 2.5 2 0 5 0 0
6290.3 1125.6 -79.5 92 0 14.0 15.5 10.0 2.5 2 1 4 1 1
6272.3 1117.2 -77.9 87 0 8.0 8.3 5.0 2.5 2 1 2 0 0
6210.5 1092.3 -71.4 284 0 11.3 19.1 2.5 2.5 2 1 1 0 0
6182.9 1098.8 -69.5 282 0 9.1 13.5 5.0 2.5 2 1 2 5 5
6197.0 1095.6 -70.5 282 0 10.3 12.1 2.5 2.5 2 1 1 4 4
6219.5 1109.2 -73.8 101 0 10.4 11.2 7.5 0.0 0 1 3 5 5
6148.3 1102.8 -67.1 357 0 11.6 14.4 5.0 2.5 2 1 2 3 3
6129.6 1133.1 -67.6 266 0 12.5 16.1 2.5 2.5 2 1 1 2 2
6169.3 1112.7 -69.4 281 0 13.1 18.9 5.0 2.5 2 1 2 1 1
6210.3 1230.0 -79.0 2 0 12.5 17.5 5.0 2.5 2 1 2 5 5
6204.8 1407.9 -80.8 274 0 12.7 14.6 5.0 2.5 2 1 2 2 2
6191.0 1252.6 -78.5 331 0 27.5 25.9 7.5 0.0 0 0 3 4 4
6139.7 1266.2 -75.8 243 0 13.2 18.0 2.5 2.5 2 1 1 2 2
6141.6 1180.4 -71.7 160 0 9.9 9.7 7.5 2.5 4 0 3 3 3
6263.6 1593.4 -69.5 190 0 13.1 16.0 5.0 2.5 4 1 2 1 1
6276.8 1561.9 -68.2 5 0 9.6 12.7 7.5 2.5 2 1 3 3 3
6281.5 1453.7 -74.3 181 0 17.7 13.0 5.0 2.5 2 0 2 0 0
6265.8 1536.6 -70.1 11 0 8.2 12.5 7.5 2.5 4 1 3 5 5
6130.3 1420.9 -84.1 320 0 18.4 12.5 7.5 2.5 2 0 3 2 2
6094.2 1526.2 -82.0 340 0 18.1 14.5 12.5 0.0 0 0 5 4 4
-206.9 -3777.6 -93.8 86 0 10.0 7.8 7.5 2.5 4 0 3 4 4
2020.9 -3641.6 -84.1 9 0 18.7 23.7 12.5 2.5 2 1 5 0 0
2053.0 -3642.5 -84.8 193 0 12.7 19.1 10.0 0.0 0 1 4 2 2
2019.4 -3746.3 -87.2 186 0 14.2 12.4 10.0 2.5 2 0 4 1 1
2032.9 -3659.3 -86.0 190 0 15.9 37.4 12.5 2.5 2 1 5 3 3
1893.8 -3662.4 -80.9 262 0 13.6 10.8 7.5 2.5 2 0 3 0 0
1823.4 -3683.4 -79.4 134 0 11.8 20.0 5.0 2.5 2 1 2 1 1
1854.7 -3723.1 -77.5 86 0 12.9 16.7 5.0 2.5 4 1 2 4 4
1948.3 -3719.9 -82.0 359 0 12.9 12.6 2.5 2.5 2 0 1 1 1
1941.9 -3619.5 -82.8 272 0 11.1 19.7 10.0 2.5 2 1 4 5 5
1954.2 -3557.8 -83.7 88 0 11.5 18.8 10.0 2.5 2 1 4 2 2
2018.6 -3727.3 -86.5 191 0 10.5 6.3 5.0 2.5 2 0 2 0 0
2109.0 -3529.9 -79.2 279 0 18.8 10.9 2.5 2.5 2 0 1 3 3
1710.8 -3586.0 -81.6 82 0 13.1 16.1 5.0 2.5 2 1 2 1 1
1728.9 -3588.5 -82.0 89 0 12.5 25.7 7.5 2.5 2 1 3 5 5
1760.7 -3591.1 -81.9 85 0 10.8 8.7 5.0 2.5 4 0 2 1 1
1647.1 -3596.1 -80.7 91 0 20.0 17.0 10.0 2.5 2 0 4 1 1
1677.6 -3545.5 -81.7 263 0 12.0 9.9 7.5 2.5 2 0 3 1 1
1682.1 -3581.3 -81.1 83 0 8.5 7.2 5.0 2.5 2 0 2 3 3
1610.2 -3519.5 -81.6 199 0 15.3 18.4 7.5 2.5 2 1 3 5 5
1600.1 -3651.0 -80.1 71 0 24.5 66.3 12.5 0.0 0 1 5 1 1
1654.7 -3576.3 -81.2 87 0 15.3 15.5 2.5 2.5 2 1 1 1 1
1719.3 -3807.3 -79.5 271 0 17.0 25.1 15.0 0.0 0 1 6 0 0
1698.5 -3883.4 -85.3 352 0 11.7 12.8 5.0 2.5 2 0 2 2 2
1679.6 -3903.9 -86.7 91 0 11.9 15.3 5.0 2.5 2 0 2 1 1
1822.4 -3776.0 -73.0 359 0 16.2 9.4 7.5 2.5 2 0 3 0 0
2082.5 -3782.2 -89.0 18 0 12.8 11.4 5.0 2.5 2 0 2 4 4
2115.0 -3484.5 -76.3 359 0 11.4 12.9 5.0 2.5 2 1 2 3 3
2261.6 -2955.9 -71.7 175 0 11.9 13.2 10.0 2.5 2 1 4 3 3
1945.8 -3455.2 -85.3 84 0 10.4 15.0 5.0 2.5 2 1 2 3 3
1756.5 -3744.4 -74.4 189 0 15.6 16.9 10.0 2.5 2 1 4 4 4
2014.5 -4002.6 -84.3 90 0 10.6 30.5 7.5 0.0 0 1 3 4 4
2085.0 -4571.1 -79.4 97 0 13.3 17.9 2.5 0.0 0 1 1 4 4
3269.9 -3647.3 -68.1 166 0 19.6 9.5 7.5 2.5 2 0 3 1 1
3250.5 -3553.4 -71.0 177 0 17.9 12.3 7.5 2.5 2 0 3 3 3
3299.2 -3750.7 -67.1 360 0 15.5 15.4 7.5 2.5 4 0 3 1 1
3298.1 -3443.7 -74.1 78 0 15.3 17.6 15.0 0.0 0 1 6 4 4
3021.2 5818.2 29.2 1 0 18.1 20.9 10.0 2.5 2 1 4 4 4
3072.6 6044.8 -1.7 150 0 14.8 21.0 12.5 0.0 0 1 5 3 3
2966.4 6387.3 19.9 201 0 13.1 15.3 2.5 2.5 4 1 1 5 5
3006.8 6678.7 40.9 56 0 9.8 26.1 7.5 2.5 2 1 3 4 4
2926.4 6779.8 63.9 336 0 7.0 8.2 5.0 2.5 2 1 2 3 3
1737.7 397.8 -94.2 30 0 8.7 13.7 5.0 2.5 2 1 2 5 5
1677.7 315.9 -98.0 101 0 12.1 11.6 7.5 0.0 0 0 3 2 2
1672.4 230.5 -98.3 271 0 7.8 13.5 7.5 0.0 0 1 3 5 5
1655.6 166.3 -98.2 94 0 12.9 16.9 5.0 0.0 0 1 2 2 2
1583.5 246.7 -96.4 101 0 13.7 11.1 5.0 2.5 2 0 2 2 2
1590.3 199.5 -95.6 97 0 10.9 13.1 2.5 2.5 2 1 1 3 3
1460.6 282.7 -91.8 122 0 10.0 21.2 2.5 0.0 0 1 1 2 2
1407.7 331.7 -94.3 38 0 31.0 17.4 12.5 2.5 2 0 5 2 2
1372.6 376.8 -94.7 321 0 15.4 9.1 7.5 2.5 2 0 3 1 1
1199.8 221.0 -80.3 82 0 10.4 22.4 5.0 2.5 2 1 2 2 2
1163.2 230.1 -79.9 225 0 8.7 18.4 2.5 0.0 0 1 1 4 4
1597.2 105.8 -95.9 177 0 18.4 12.4 5.0 2.5 2 0 2 2 2
1719.0 110.8 -101.5 173 0 11.1 12.4 2.5 2.5 2 1 1 0 0
1720.3 98.6 -102.4 167 0 9.4 18.3 7.5 2.5 2 1 3 5 5
1722.7 79.7 -101.9 182 0 11.9 10.7 5.0 2.5 2 0 2 1 1
1761.2 194.5 -98.7 202 0 14.1 13.0 7.5 2.5 2 0 3 2 2
1791.6 253.7 -96.8 286 0 6.6 14.6 2.5 2.5 2 1 1 5 5
1733.3 283.3 -97.9 150 0 8.5 14.3 7.5 0.0 0 1 3 1 1
1705.4 340.3 -97.6 4 0 11.4 16.8 5.0 2.5 2 1 2 4 4
1773.0 464.2 -91.6 105 0 14.0 26.0 10.0 2.5 4 1 4 4 4
1859.0 643.1 -91.2 0 0 13.6 8.4 7.5 0.0 0 0 3 1 1
1832.5 637.9 -89.9 206 0 6.6 9.7 2.5 2.5 2 1 1 0 0
1789.9 689.9 -86.1 141 0 9.4 10.9 5.0 2.5 2 1 2 4 4
1550.1 451.4 -87.7 105 0 12.4 15.2 5.0 2.5 4 1 2 5 5
1431.8 476.4 -82.4 15 0 19.3 22.9 10.0 2.5 2 1 4 3 3
1070.5 732.0 -85.1 102 0 55.6 92.1 12.5 0.0 0 1 5 4 4
1090.6 909.4 -85.7 272 0 15.6 15.5 10.0 0.0 0 0 4 2 2
1144.7 889.1 -85.6 267 0 5.5 8.3 2.5 2.5 2 1 1 0 0
1246.2 802.4 -80.9 277 0 11.1 17.8 5.0 2.5 2 1 2 4 4
1319.8 781.5 -81.0 93 0 11.2 8.7 7.5 2.5 2 0 3 1 1
-73.1 460.4 -96.2 99 0 10.3 8.4 7.5 2.5 2 0 3 5 5
-59.5 491.7 -94.4 273 0 10.6 9.9 5.0 2.5 2 0 2 2 2
4.0 376.7 -101.1 10 0 12.1 12.0 5.0 2.5 2 0 2 5 5
-59.0 458.6 -96.0 97 0 11.6 8.0 7.5 2.5 2 0 3 5 5
-74.1 275.5 -99.9 273 0 15.5 13.4 5.0 2.5 2 0 2 5 5
-74.9 245.4 -98.5 97 0 12.0 9.1 2.5 2.5 2 0 1 4 4
-133.2 291.4 -94.6 274 0 14.0 18.6 12.5 2.5 2 1 5 1 1
-123.5 174.3 -89.5 213 0 12.5 11.3 5.0 2.5 2 0 2 3 3
-286.7 92.0 -96.2 180 0 11.8 12.1 7.5 2.5 2 1 3 2 2
-276.5 322.6 -95.5 269 0 8.5 12.9 7.5 2.5 2 1 3 4 4
-264.5 302.3 -93.6 273 0 15.8 16.9 10.0 2.5 2 1 4 0 0
-217.1 370.9 -100.7 277 0 10.9 11.1 2.5 2.5 2 1 1 3 3
-428.2 373.0 -98.3 188 0 12.5 12.5 7.5 2.5 2 0 3 4 4
-426.7 283.5 -99.4 26 0 10.4 11.1 7.5 2.5 2 1 3 3 3
-491.1 256.8 -99.8 128 0 14.7 14.8 7.5 2.5 2 1 3 3 3
-519.4 317.2 -99.4 40 0 12.8 16.9 5.0 2.5 2 1 2 4 4
