2858.1 1711.8 239.0 336 0 21.4 15.6 14.0 3.5 2 0 4 2 2
2764.3 1634.8 249.1 254 0 21.3 17.1 14.0 0.0 0 0 4 0 0
2559.0 469.7 219.5 96 0 22.9 25.5 17.5 3.5 2 1 5 2 2
3322.5 -1310.4 189.8 4 0 10.7 14.7 14.0 3.5 2 1 4 1 1
2413.3 1004.9 261.9 185 0 47.0 53.8 10.0 0.0 0 1 4 5 5
1121.3 4609.0 333.5 198 0 32.8 28.4 14.0 0.0 0 0 4 4 4
2870.3 1719.2 234.9 142 0 22.3 37.6 17.5 0.0 0 1 5 2 2
2856.1 1757.8 234.4 148 0 26.4 16.8 17.5 3.5 2 0 5 1 1
3256.5 1739.5 204.4 65 0 13.2 20.3 14.0 3.5 2 1 4 5 5
2937.3 93.5 201.3 78 0 22.9 35.3 10.0 0.0 0 1 4 2 2
2955.4 115.7 203.7 81 0 8.6 32.9 7.5 2.5 2 1 3 4 4
3024.0 1359.7 220.4 316 0 18.2 16.1 14.0 3.5 2 0 4 4 4
2948.9 1425.1 221.0 198 0 20.9 28.3 14.0 0.0 0 1 4 0 0
2972.5 2140.2 206.3 147 0 39.0 16.1 14.0 3.5 2 0 4 4 4
3065.4 1238.4 213.9 124 0 31.1 8.5 10.5 3.5 2 0 3 5 5
2781.4 582.0 209.4 356 0 13.2 16.3 17.5 3.5 2 1 5 1 1
2839.7 748.4 218.6 355 0 15.3 15.4 17.5 3.5 2 1 5 4 4
2816.3 69.3 200.1 345 0 6.1 4.8 10.5 3.5 2 0 3 4 4
3089.1 1933.9 205.4 300 0 17.8 8.8 10.5 3.5 2 0 3 1 1
3115.2 1916.5 205.2 299 0 19.6 7.8 10.5 3.5 2 0 3 1 1
4246.1 1216.3 249.8 55 0 16.6 17.2 17.5 3.5 2 1 5 5 5
3048.0 462.5 235.6 344 0 15.1 30.9 17.5 3.5 2 1 5 4 4
3008.5 391.1 226.5 66 0 28.8 48.1 17.5 0.0 0 1 5 5 5
3312.6 1112.6 208.0 247 0 64.9 31.4 17.5 0.0 0 0 5 4 4
3062.4 1222.3 210.8 303 0 19.7 10.2 17.5 3.5 2 0 5 2 2
3220.8 1258.3 248.9 71 0 16.3 11.0 17.5 3.5 2 0 5 4 4
1902.3 1898.1 282.7 121 0 16.6 13.2 14.0 3.5 2 0 4 0 0
1291.5 1953.3 320.7 202 0 24.3 13.5 17.5 3.5 2 0 5 0 0
1819.0 2246.6 234.9 238 0 30.3 36.1 14.0 0.0 0 1 4 0 0
3498.3 1244.6 228.2 85 0 11.0 32.1 17.5 3.5 2 1 5 0 0
3357.2 1215.6 228.7 100 0 13.7 26.5 17.5 3.5 2 1 5 5 5
4083.1 1992.2 260.3 257 0 23.3 17.2 14.0 3.5 2 0 4 4 4
3857.3 836.2 200.1 335 0 15.7 13.4 14.0 3.5 2 0 4 2 2
2988.4 1643.6 239.2 89 0 4.1 14.2 10.5 3.5 2 1 3 5 5
2976.8 1611.4 235.4 357 0 6.0 7.8 10.5 3.5 2 1 3 1 1
2645.3 671.7 224.2 308 0 10.0 29.5 14.0 3.5 2 1 4 4 4
2723.0 1596.0 244.4 258 0 17.7 12.3 14.0 3.5 2 0 4 3 3
2754.5 1604.5 243.7 255 0 34.6 18.6 14.0 0.0 0 0 4 4 4
2422.3 1029.9 267.8 89 0 12.0 66.0 17.5 3.5 2 1 5 5 5
2218.9 -1596.3 236.8 275 0 30.6 13.1 14.0 3.5 2 0 4 0 0
2162.3 -1664.3 241.6 286 0 18.2 8.1 10.5 3.5 2 0 3 3 3
2182.0 -1665.4 240.0 271 0 17.9 9.0 10.5 3.5 4 0 3 5 5
2565.5 703.0 234.6 97 0 15.8 36.8 17.5 0.0 0 1 5 4 4
2584.7 718.1 233.2 96 0 14.8 17.9 17.5 3.5 4 1 5 2 2
2678.5 837.1 231.1 184 0 18.0 21.7 17.5 3.5 2 1 5 5 5
2699.9 880.3 232.0 243 0 8.7 35.0 10.5 0.0 0 1 3 2 2
2646.2 964.0 241.6 167 0 13.6 21.2 17.5 3.5 4 1 5 3 3
2608.3 1001.8 248.8 359 0 24.1 21.0 17.5 3.5 2 0 5 1 1
2606.7 1518.9 238.4 267 0 23.4 12.8 14.0 0.0 0 0 4 5 5
2605.8 1504.2 234.9 246 0 12.5 32.9 14.0 3.5 2 1 4 3 3
2648.3 1616.6 245.3 219 0 20.4 29.4 14.0 0.0 0 1 4 2 2
2701.6 1603.9 245.2 270 0 7.9 16.0 10.5 3.5 4 1 3 3 3
2443.2 1235.8 268.5 271 0 24.1 17.3 17.5 3.5 2 0 5 0 0
2377.0 1158.1 277.7 286 0 14.4 24.1 17.5 3.5 4 1 5 5 5
3415.6 734.0 225.2 121 0 44.7 28.6 17.5 0.0 0 0 5 0 0
3351.2 780.9 227.5 209 0 12.0 54.2 17.5 3.5 2 1 5 1 1
3290.0 716.1 244.1 21 0 9.3 10.3 10.5 0.0 0 1 3 3 3
3442.7 769.4 222.5 174 0 40.2 32.4 17.5 0.0 0 0 5 3 3
3368.6 816.9 219.4 188 0 7.7 54.5 10.5 3.5 2 1 3 3 3
2561.3 356.4 216.8 93 0 60.9 13.8 17.5 3.5 2 0 5 3 3
2544.4 734.3 239.2 3 0 8.1 16.8 10.5 3.5 2 1 3 1 1
2421.1 554.2 242.0 154 0 14.3 38.7 17.5 3.5 4 1 5 2 2
2472.4 655.9 243.1 281 0 8.4 12.1 10.5 3.5 2 1 3 4 4
2472.4 626.7 241.6 345 0 13.2 22.7 17.5 3.5 2 0 5 1 1
2541.4 711.7 237.8 5 0 14.3 13.8 17.5 3.5 2 0 5 2 2
2549.1 813.2 243.6 352 0 8.3 21.3 10.5 3.5 2 1 3 5 5
2549.0 760.6 240.2 10 0 10.7 27.6 17.5 3.5 2 1 5 2 2
2887.3 659.4 213.8 229 0 13.9 15.6 17.5 3.5 2 1 5 5 5
3007.1 558.1 238.1 345 0 12.5 15.2 17.5 3.5 2 1 5 2 2
3011.2 536.4 236.5 346 0 21.2 41.2 17.5 3.5 2 1 5 3 3
3040.8 438.8 234.5 337 0 10.1 23.2 17.5 3.5 2 1 5 1 1
3765.0 982.5 195.1 272 0 66.8 33.3 14.0 0.0 0 0 4 2 2
3679.6 919.1 196.0 201 0 27.3 12.5 14.0 0.0 0 0 4 4 4
3748.5 835.8 195.4 197 0 77.2 20.0 14.0 3.5 2 0 4 4 4
2768.7 939.4 235.8 4 0 18.5 12.6 17.5 3.5 2 0 5 0 0
2797.9 746.9 217.7 212 0 29.6 13.2 17.5 3.5 2 0 5 2 2
2730.0 712.5 218.1 89 0 14.0 12.6 17.5 3.5 4 0 5 1 1
3329.5 1227.7 234.4 101 0 9.2 5.7 10.5 3.5 2 0 3 3 3
3283.2 1244.8 236.2 283 0 50.7 15.2 17.5 3.5 2 0 5 0 0
3234.2 1726.8 205.7 66 0 12.9 20.3 14.0 3.5 2 1 4 2 2
3201.0 1716.1 207.1 73 0 20.2 19.0 14.0 3.5 2 0 4 3 3
2842.4 1655.3 246.9 289 0 14.6 17.5 14.0 3.5 2 1 4 1 1
2820.6 1855.6 235.3 179 0 14.5 13.8 17.5 3.5 2 0 5 1 1
2766.9 2156.7 222.0 66 0 32.3 11.7 17.5 3.5 2 0 5 0 0
2815.4 2174.6 219.6 102 0 19.8 8.9 10.5 3.5 4 0 3 0 0
2790.4 2171.5 220.0 54 0 6.7 15.2 10.5 3.5 2 1 3 2 2
2782.7 2187.4 218.1 67 0 6.3 8.5 10.5 3.5 2 1 3 3 3
2723.5 2124.5 225.6 5 0 38.9 17.7 17.5 3.5 2 0 5 4 4
2831.0 2168.6 215.6 98 0 8.2 32.5 10.5 3.5 2 1 3 3 3
2428.6 2325.3 207.2 348 0 17.0 33.5 17.5 3.5 2 1 5 1 1
2253.4 2209.0 220.7 332 0 38.2 18.9 14.0 0.0 0 0 4 1 1
2304.6 2508.5 211.2 15 0 6.4 55.7 10.5 3.5 2 1 3 2 2
2263.0 2545.0 213.9 216 0 30.0 7.5 10.5 3.5 2 0 3 4 4
2091.3 2494.5 219.0 286 0 35.8 6.7 10.5 3.5 2 0 3 5 5
2144.3 2523.8 216.0 309 0 7.4 44.8 10.5 3.5 2 1 3 2 2
1493.9 2387.9 273.7 280 0 21.6 12.5 17.5 3.5 2 0 5 1 1
1835.5 2382.2 231.4 255 0 17.5 7.1 10.5 3.5 2 0 3 1 1
1838.7 2372.8 229.4 255 0 16.8 14.7 17.5 3.5 2 0 5 3 3
1470.1 2366.6 276.4 93 0 27.2 16.8 17.5 3.5 2 0 5 4 4
1920.6 2838.6 254.9 31 0 8.8 10.1 10.5 3.5 4 1 3 3 3
3388.2 1955.5 199.9 225 0 28.6 9.5 10.5 3.5 2 0 3 3 3
2560.3 2624.9 217.8 14 0 43.4 20.6 17.5 3.5 2 0 5 2 2
2611.6 2574.4 224.1 116 0 45.9 12.4 14.0 0.0 0 0 4 3 3
2637.6 2367.0 206.3 48 0 14.7 25.7 17.5 3.5 2 1 5 0 0
2514.5 2441.0 204.2 68 0 19.7 15.0 17.5 0.0 0 0 5 0 0
2562.2 2457.4 206.5 86 0 17.2 14.1 17.5 3.5 2 0 5 3 3
2619.5 2428.6 206.0 223 0 11.7 24.7 17.5 3.5 2 1 5 4 4
2592.1 2343.4 206.7 114 0 6.6 39.8 10.5 3.5 2 1 3 3 3
2601.7 2335.7 208.0 150 0 7.4 45.8 10.5 3.5 2 1 3 1 1
2785.7 2459.5 204.9 237 0 14.6 29.4 14.0 3.5 2 1 4 1 1
2588.9 2432.4 205.3 199 0 21.7 20.4 17.5 3.5 2 0 5 4 4
3048.9 1229.6 211.0 305 0 8.1 6.6 10.5 3.5 4 0 3 2 2
3025.0 1257.5 212.5 140 0 19.3 12.4 14.0 3.5 2 0 4 0 0
2913.7 1634.5 239.7 327 0 15.8 12.3 14.0 3.5 4 0 4 0 0
2990.7 1465.4 228.5 332 0 23.6 15.9 14.0 3.5 2 0 4 2 2
3929.2 763.7 208.8 278 0 15.2 36.5 17.5 0.0 0 1 5 3 3
2939.5 1598.3 233.0 334 0 27.7 7.6 10.5 3.5 2 0 3 4 4
3054.7 1929.8 206.8 319 0 20.6 49.1 17.5 3.5 2 1 5 5 5
2926.6 1566.1 230.5 352 0 15.7 8.2 10.5 3.5 2 0 3 5 5
2959.5 1988.1 217.4 91 0 12.7 21.5 17.5 0.0 0 1 5 3 3
2859.0 2226.8 207.6 304 0 33.9 20.3 17.5 3.5 2 0 5 2 2
2871.3 2240.0 205.4 139 0 24.8 19.5 14.0 0.0 0 0 4 4 4
2889.1 2255.0 204.2 146 0 20.0 39.8 14.0 0.0 0 1 4 0 0
2832.0 825.1 228.7 225 0 12.7 18.4 17.5 3.5 4 1 5 0 0
2863.7 858.5 234.0 255 0 12.2 22.8 17.5 3.5 2 1 5 3 3
3135.3 814.8 234.3 285 0 30.0 12.8 17.5 3.5 2 0 5 1 1
3144.4 614.1 244.5 38 0 44.3 8.5 10.5 3.5 2 0 3 2 2
3191.9 798.0 236.6 12 0 14.8 35.1 17.5 0.0 0 1 5 5 5
3327.4 -1282.6 188.4 173 0 14.6 18.9 10.5 3.5 2 1 3 2 2
2418.5 -1339.5 236.9 19 0 12.9 32.6 14.0 0.0 0 1 4 3 3
2720.3 -562.5 218.6 92 0 11.9 42.4 14.0 3.5 4 1 4 2 2
4295.2 -1507.8 214.6 349 0 11.5 11.3 10.5 3.5 2 0 3 0 0
4305.5 -1492.9 214.3 340 0 17.4 10.0 10.5 3.5 2 0 3 3 3
4300.4 -1539.5 216.8 74 0 13.9 16.2 10.5 3.5 2 0 3 0 0
4294.5 -1545.5 217.3 348 0 8.9 12.3 10.5 3.5 2 0 3 4 4
4280.9 -1545.2 214.6 345 0 14.9 12.7 10.5 3.5 2 0 3 4 4
4334.9 -1511.4 216.1 257 0 12.0 9.4 10.5 3.5 2 0 3 1 1
4342.1 -1502.9 215.7 163 0 15.5 10.5 10.5 3.5 2 0 3 2 2
4221.6 -1301.3 191.2 29 0 22.0 23.0 10.5 0.0 0 1 3 4 4
4279.6 -1307.8 194.4 318 0 19.1 13.4 10.5 3.5 2 0 3 2 2
4237.1 -1306.3 194.4 230 0 21.0 11.2 10.5 3.5 4 0 3 0 0
4133.6 -1679.3 223.3 350 0 39.1 12.3 10.0 0.0 0 0 4 3 3
4151.0 -1646.9 218.2 41 0 37.5 10.5 12.5 2.5 2 0 5 4 4
3065.8 1114.5 206.4 120 0 20.5 18.9 17.5 3.5 2 0 5 3 3
3117.7 1178.8 212.2 110 0 12.2 17.9 17.5 3.5 2 1 5 4 4
3475.9 54.0 205.6 163 0 22.4 14.6 14.0 3.5 2 0 4 2 2
3489.3 25.0 205.9 161 0 23.4 11.1 14.0 3.5 2 0 4 4 4
3476.6 77.9 205.6 178 0 6.0 7.6 10.5 0.0 0 1 3 5 5
3383.5 -53.6 218.5 146 0 25.2 37.2 17.5 0.0 0 1 5 4 4
3696.4 -787.1 208.8 29 0 14.5 8.3 10.5 3.5 2 0 3 0 0
3697.8 -682.8 207.7 119 0 58.2 15.5 14.0 3.5 2 0 4 1 1
3565.4 -800.8 201.7 127 0 11.6 19.4 5.0 2.5 2 1 2 0 0
3321.2 1739.5 200.3 234 0 5.2 26.0 10.5 3.5 2 1 3 3 3
3425.0 1612.0 200.4 134 0 52.1 12.7 14.0 3.5 2 0 4 2 2
3435.2 1623.5 199.9 131 0 52.1 10.1 14.0 0.0 0 0 4 2 2
3450.1 1642.1 199.2 309 0 53.6 10.7 14.0 3.5 4 0 4 4 4
3342.1 1750.0 199.2 39 0 33.0 7.3 10.5 3.5 2 0 3 2 2
3455.4 1684.8 197.4 308 0 39.6 4.8 10.5 3.5 2 0 3 1 1
3423.4 1712.4 197.4 313 0 38.8 4.9 10.5 0.0 0 0 3 1 1
2630.5 13.8 225.7 173 0 19.7 29.4 14.0 3.5 2 1 4 4 4
2647.2 75.1 223.3 185 0 6.8 19.5 10.5 3.5 2 1 3 4 4
2477.0 -707.3 236.5 354 0 30.9 14.2 14.0 3.5 2 0 4 3 3
3373.2 2479.5 251.2 56 0 12.4 33.3 14.0 3.5 4 1 4 4 4
3835.2 1695.7 199.7 135 0 27.2 13.7 14.0 0.0 0 0 4 0 0
3874.2 1721.6 203.3 340 0 12.0 15.4 14.0 3.5 2 1 4 0 0
3867.0 1767.2 205.8 337 0 48.4 16.3 14.0 3.5 2 0 4 0 0
3067.0 2347.6 209.2 215 0 26.6 38.1 14.0 0.0 0 1 4 1 1
3083.3 2843.2 218.2 194 0 17.3 20.7 14.0 0.0 0 1 4 5 5
3293.2 2091.2 203.2 316 0 10.8 20.0 17.5 0.0 0 1 5 2 2
2633.7 1170.8 242.7 359 0 14.9 27.0 17.5 0.0 0 1 5 3 3
2660.1 1084.5 244.5 191 0 7.8 22.2 10.5 3.5 2 1 3 4 4
2673.8 1211.5 232.8 116 0 21.1 22.7 14.0 0.0 0 1 4 3 3
2695.3 1189.0 235.0 17 0 9.0 29.2 10.5 3.5 2 1 3 1 1
2684.8 1179.7 236.6 17 0 9.4 18.9 10.5 0.0 0 1 3 4 4
2711.7 1202.8 230.8 193 0 17.2 16.9 14.0 3.5 2 0 4 4 4
2620.3 1365.2 238.0 1 0 10.9 14.4 17.5 3.5 2 1 5 1 1
2588.9 1341.8 241.7 239 0 13.5 12.2 17.5 3.5 4 0 5 2 2
2641.7 1125.8 245.2 351 0 12.7 19.7 17.5 3.5 2 1 5 4 4
1963.1 1747.7 306.3 70 0 5.1 23.4 10.5 3.5 2 1 3 2 2
2723.2 2059.9 229.2 4 0 30.0 20.4 17.5 3.5 2 0 5 1 1
2667.2 1716.5 244.6 206 0 26.8 20.3 17.5 0.0 0 0 5 3 3
4001.6 1415.2 200.5 280 0 10.3 39.0 17.5 3.5 2 1 5 4 4
3989.7 1432.5 198.8 287 0 8.9 53.0 10.5 3.5 2 1 3 5 5
2849.1 3623.4 371.3 109 0 37.4 17.8 17.5 3.5 4 0 5 2 2
2685.5 1015.9 242.7 72 0 9.4 21.4 10.5 3.5 2 1 3 4 4
3267.5 1851.9 201.8 136 0 16.4 13.9 17.5 3.5 2 0 5 2 2
-5014.1 -182.2 -585.9 93 0 24.3 9.7 7.5 2.5 2 0 3 4 4
-5048.7 -170.2 -586.7 181 0 11.2 13.9 7.5 2.5 2 1 3 4 4
3497.7 6768.5 308.7 245 0 26.8 46.3 12.5 0.0 0 1 5 4 4
2562.8 5575.8 372.9 95 0 9.4 10.9 7.5 2.5 2 1 3 3 3
3739.6 5265.4 581.4 276 0 10.9 11.8 5.0 2.5 2 1 2 5 5
5949.5 -2339.1 138.2 179 0 8.3 6.8 2.5 2.5 2 0 1 4 4
5924.7 -2232.4 134.1 267 0 10.0 19.8 5.0 2.5 2 1 2 2 2
-2171.4 -1043.3 90.7 139 0 6.9 10.8 5.0 2.5 4 1 2 3 3
-2147.5 -1016.2 86.3 263 0 14.7 7.3 7.5 2.5 2 0 3 0 0
-4675.8 -4255.8 -94.0 351 0 22.0 39.5 10.0 0.0 0 1 4 2 2
-1921.6 -5280.4 142.9 312 0 25.5 8.7 2.5 2.5 2 0 1 2 2
-1917.8 -5271.0 139.3 132 0 24.4 10.0 7.5 2.5 4 0 3 5 5
-1940.2 -5247.5 140.6 138 0 28.8 8.5 7.5 2.5 2 0 3 0 0
-1929.8 -5239.6 137.1 130 0 11.6 13.3 7.5 2.5 2 1 3 3 3
-1941.9 -5219.0 134.3 182 0 7.9 30.5 5.0 2.5 2 1 2 4 4
-1978.4 -5186.8 140.7 343 0 26.5 9.2 2.5 2.5 2 0 1 2 2
-1962.0 -5163.3 135.7 279 0 7.2 13.6 7.5 2.5 2 1 3 5 5
-1877.7 -5165.1 120.1 73 0 5.8 22.0 7.5 2.5 4 1 3 5 5
-1927.4 -5112.6 121.8 264 0 10.0 25.8 12.5 2.5 2 1 5 5 5
-1948.2 -5133.9 126.2 174 0 25.3 9.3 7.5 2.5 2 0 3 0 0
-1971.7 -5118.3 127.7 81 0 9.1 27.9 7.5 2.5 2 1 3 4 4
-1913.9 -5046.1 111.8 32 0 9.9 25.6 7.5 2.5 2 1 3 3 3
-1880.0 -4957.5 107.0 151 0 5.8 16.2 7.5 2.5 2 1 3 2 2
-1841.2 -4944.0 108.1 57 0 26.3 9.3 2.5 2.5 4 0 1 5 5
557.0 1441.9 300.9 118 0 15.4 18.0 10.5 3.5 2 1 3 4 4
631.0 1475.1 312.8 159 0 13.1 14.7 14.0 3.5 2 1 4 4 4
369.0 1378.1 286.9 39 0 5.6 10.7 10.5 3.5 2 1 3 1 1
362.9 1375.1 288.9 42 0 4.3 8.3 10.5 3.5 2 1 3 5 5
392.0 1377.3 286.8 88 0 13.8 6.4 10.5 3.5 4 0 3 0 0
445.4 1392.0 286.0 3 0 6.9 8.1 10.5 3.5 4 1 3 4 4
406.7 1387.9 285.6 116 0 17.2 6.5 10.5 3.5 2 0 3 3 3
386.4 1398.0 284.3 53 0 5.0 8.5 10.5 3.5 2 1 3 1 1
395.1 1391.2 285.2 40 0 5.7 8.7 10.5 3.5 2 1 3 4 4
426.5 1346.9 290.3 233 0 9.0 5.2 10.5 3.5 2 0 3 5 5
384.1 1429.7 281.7 268 0 6.2 6.7 10.5 3.5 2 1 3 5 5
274.0 1507.2 281.3 1 0 7.5 12.8 3.5 3.5 2 1 1 4 4
254.7 1500.0 287.3 61 0 9.3 8.4 3.5 3.5 2 0 1 3 3
228.0 1489.9 291.0 151 0 7.9 12.4 3.5 3.5 2 1 1 1 1
221.1 1506.3 288.0 242 0 9.8 6.9 3.5 3.5 2 0 1 5 5
232.7 1512.1 286.9 238 0 11.9 6.8 3.5 3.5 2 0 1 1 1
260.1 1526.9 277.2 266 0 7.6 9.1 3.5 3.5 2 1 1 0 0
245.1 1470.0 295.4 57 0 14.1 12.2 7.0 3.5 2 0 2 4 4
523.2 1510.7 287.3 203 0 7.5 9.8 3.5 3.5 2 1 1 5 5
492.3 1547.7 277.1 45 0 13.1 16.1 10.5 3.5 2 1 3 0 0
525.7 1577.1 279.7 88 0 7.5 10.8 3.5 3.5 2 1 1 1 1
657.5 1637.8 294.8 18 0 7.8 29.8 12.0 3.5 2 1 3 0 0
619.0 1667.3 291.2 200 0 17.2 20.4 14.0 3.5 2 1 4 3 3
3074.5 2390.0 216.0 23 0 20.3 12.3 14.0 0.0 0 0 4 2 2
4020.0 1679.0 209.2 40 0 13.4 24.7 14.0 3.5 2 1 4 3 3
3789.6 2945.3 249.9 338 0 20.6 20.8 14.0 3.5 2 1 4 1 1
