101.8 -762.5 1.7 4 0 30.6 20.5 10.0 0.0 0 0 4 3 3
74.2 -990.0 3.6 274 0 8.6 95.3 7.5 0.0 0 1 3 5 5
21.8 -1070.8 3.5 271 0 17.8 32.7 10.0 2.5 2 1 4 5 5
-24.6 -1097.4 3.4 180 0 11.8 35.9 10.0 2.5 2 1 4 2 2
-24.8 -1105.7 3.5 185 0 7.2 62.9 7.5 2.5 2 1 3 3 3
607.2 477.1 -6.4 155 0 6.2 21.4 10.5 3.5 2 1 3 4 4
705.5 101.3 4.1 183 0 11.4 11.0 14.0 3.5 2 0 4 3 3
-43.1 -20.1 0.9 258 0 6.8 42.6 7.5 2.5 2 1 3 0 0
445.7 34.6 6.3 269 0 64.8 51.1 14.0 0.0 0 0 4 1 1
389.5 35.2 5.7 186 0 7.1 7.6 10.5 3.5 4 1 3 1 1
32.2 -157.4 0.6 333 0 33.4 63.1 12.5 0.0 0 1 5 0 0
-342.6 -195.2 -3.1 338 0 15.1 18.2 10.0 2.5 2 1 4 2 2
596.4 99.4 3.9 88 0 16.4 26.0 14.0 0.0 0 1 4 0 0
64.9 -580.4 -0.1 267 0 30.5 27.8 10.0 0.0 0 0 4 4 4
143.1 -612.8 1.4 182 0 14.9 16.4 15.0 0.0 0 1 6 4 4
-542.7 -318.3 -0.8 89 0 10.7 35.1 10.0 2.5 2 1 4 1 1
