-6381.6 1614.8 -29.3 302 0 15.5 22.5 5.0 2.5 2 1 2 5 5
-6437.5 1600.6 -29.1 177 0 13.1 11.3 5.0 2.5 2 0 2 1 1
-6332.1 1483.0 -30.8 92 0 19.3 19.1 10.0 2.5 2 0 4 5 5
-6381.4 1558.7 -29.7 4 0 18.4 19.8 7.5 2.5 2 1 3 2 2
-2177.3 625.6 -90.3 131 0 5.8 8.5 5.0 0.0 0 1 2 3 3
-2174.3 647.6 -89.8 77 0 7.4 9.2 5.0 2.5 2 1 2 5 5
-769.1 -1668.5 97.3 27 0 11.8 16.8 7.5 2.5 2 1 3 5 5
-2140.4 663.2 -91.8 52 0 8.7 9.0 7.5 2.5 2 1 3 2 2
-2123.8 676.9 -92.6 49 0 8.8 7.1 7.5 2.5 2 0 3 3 3
-2099.8 719.7 -93.1 246 0 9.0 9.9 5.0 2.5 2 1 2 4 4
-2088.0 690.0 -94.3 57 0 8.3 9.4 5.0 2.5 2 1 2 3 3
-2052.4 723.4 -98.0 242 0 8.6 10.1 7.5 2.5 2 1 3 0 0
-2026.2 807.3 -95.6 257 0 7.6 8.1 7.5 2.5 2 0 3 1 1
-1999.2 765.0 -96.5 145 0 8.4 11.5 5.0 2.5 2 1 2 1 1
