6900.5 -6557.4 -11.2 166 0 9.3 8.0 5.0 2.5 2 0 2 5 5
6884.1 -6527.1 -10.7 155 0 7.7 13.0 5.0 2.5 2 1 2 2 2
6868.4 -6414.7 -9.6 252 0 18.5 11.3 7.5 2.5 2 0 3 0 0
6828.7 -6478.3 -13.8 343 0 15.4 16.5 10.0 2.5 2 1 4 5 5
6543.5 -6118.2 6.4 170 0 47.5 10.9 10.0 2.5 4 0 4 3 3
6535.6 -6074.4 4.0 171 0 26.6 9.3 7.5 2.5 2 0 3 2 2
6518.3 -6059.5 -9.0 70 0 13.3 36.7 10.0 2.5 2 1 4 0 0
6533.4 -6051.6 -7.1 71 0 11.9 34.1 17.5 0.0 0 1 7 4 4
6489.2 -6312.5 -4.6 1 0 11.8 10.5 5.0 2.5 2 0 2 5 5
6479.7 -6282.6 -4.7 271 0 11.9 15.2 5.0 2.5 2 1 2 5 5
6591.3 -6275.4 -4.8 275 0 14.2 9.7 5.0 0.0 0 0 2 0 0
6552.6 -6394.0 -8.3 23 0 12.9 10.3 5.0 2.5 2 0 2 4 4
6535.0 -6427.2 -10.7 112 0 10.5 12.7 7.5 2.5 2 1 3 5 5
6782.0 -6289.8 -11.4 152 0 29.4 13.2 10.0 2.5 2 0 4 3 3
6767.1 -6275.3 -10.3 153 0 7.0 8.4 5.0 2.5 2 1 2 2 2
6761.4 -6267.0 -10.6 157 0 8.3 13.2 7.5 2.5 2 1 3 1 1
6810.0 -6278.3 -13.2 332 0 29.7 10.9 10.0 2.5 4 0 4 4 4
6813.0 -6331.4 -9.2 181 0 17.9 15.5 10.0 2.5 2 0 4 2 2
6829.3 -6302.6 -12.0 331 0 8.6 24.6 7.5 2.5 2 1 3 1 1
1398.7 -6270.8 -6.4 183 0 10.5 53.4 7.0 3.5 2 1 2 5 5
1447.2 -6244.3 -5.5 92 0 30.9 8.6 7.0 3.5 4 0 2 1 1
1469.9 -6241.7 -2.9 182 0 9.1 24.6 10.5 3.5 2 1 3 4 4
1548.1 -6154.0 -9.4 66 0 21.2 16.2 10.5 3.5 2 0 3 2 2
1469.2 -6276.2 0.1 96 0 21.9 10.7 3.5 3.5 4 0 1 5 5
1511.4 -6219.1 -5.5 264 0 28.8 8.6 7.0 3.5 2 0 2 5 5
1298.1 -6739.9 -0.6 151 0 52.0 17.0 14.0 3.5 2 0 4 5 5
1314.3 -6721.2 2.3 152 0 19.9 18.8 14.0 0.0 0 0 4 5 5
1362.1 -6614.7 -6.6 22 0 26.2 16.2 14.0 3.5 2 0 4 1 1
1320.1 -6605.6 -2.1 286 0 31.8 21.2 14.0 0.0 0 0 4 5 5
1351.1 -6638.1 -3.4 22 0 22.6 10.3 14.0 3.5 2 0 4 0 0
985.3 -6363.9 -13.2 279 0 15.4 41.6 10.5 3.5 4 1 3 5 5
1063.2 -6330.0 -5.7 129 0 23.9 15.9 10.5 3.5 2 0 3 5 5
1150.1 -6192.3 -2.7 280 0 13.4 22.1 10.5 3.5 2 1 3 0 0
1134.2 -6185.2 -3.1 283 0 9.2 26.5 10.5 3.5 2 1 3 2 2
1242.1 -6157.9 -5.9 184 0 21.0 13.8 10.5 3.5 2 0 3 3 3
1586.1 -6178.9 -6.9 229 0 19.4 22.0 10.5 0.0 0 1 3 0 0
1607.7 -6140.8 -4.0 214 0 28.5 11.5 10.5 0.0 0 0 3 4 4
1012.8 -6520.4 -4.9 196 0 31.8 23.3 14.0 0.0 0 0 4 2 2
1043.8 -6373.3 -9.4 134 0 9.6 18.6 10.5 3.5 2 0 3 5 5
1085.5 -6175.0 -3.9 289 0 11.7 32.5 10.5 3.5 2 0 3 1 1
1066.4 -6133.9 -6.6 192 0 20.3 11.4 10.5 3.5 2 0 3 0 0
1100.0 -6149.5 -6.2 102 0 18.7 14.4 10.5 3.5 2 0 3 2 2
1626.1 -6179.1 -5.2 126 0 10.4 18.0 10.5 3.5 2 1 3 2 2
1118.2 -5904.1 -19.4 287 0 22.0 42.4 14.0 0.0 0 1 4 5 5
1249.9 -6399.4 -14.9 250 0 11.5 19.6 14.0 3.5 2 1 4 3 3
1338.6 -6650.4 -0.9 299 0 21.3 16.5 14.0 3.5 2 0 4 1 1
1346.4 -6681.1 0.2 327 0 24.1 17.2 14.0 3.5 2 0 4 1 1
865.2 -6266.1 -5.2 60 0 9.8 16.6 10.5 3.5 2 0 3 1 1
868.1 -6226.0 -3.3 97 0 19.0 34.4 14.0 0.0 0 1 4 4 4
1296.8 -6187.2 -9.5 199 0 26.5 11.2 14.0 3.5 2 0 4 2 2
1408.6 -6199.0 -13.5 359 0 9.8 25.9 10.5 0.0 0 1 3 4 4
1368.4 -6206.2 -13.6 91 0 21.1 11.1 14.0 3.5 2 0 4 4 4
1411.2 -6190.5 -14.1 172 0 23.6 12.0 14.0 3.5 2 0 4 2 2
1188.7 -6199.0 -2.4 281 0 11.7 26.9 10.5 3.5 2 0 3 1 1
1180.1 -6485.2 -11.1 95 0 24.8 28.6 14.0 0.0 0 1 4 2 2
1547.2 -6183.5 -9.8 347 0 25.4 19.8 10.5 0.0 0 0 3 3 3
1704.9 -6459.0 -31.9 288 0 23.7 15.2 10.5 3.5 2 0 3 2 2
1725.0 -6385.3 -18.6 141 0 26.4 13.7 14.0 3.5 2 0 4 5 5
1202.9 -6200.1 -2.4 282 0 9.4 22.4 10.5 3.5 2 1 3 2 2
1582.7 -6453.8 -25.0 78 0 20.0 17.7 14.0 3.5 2 0 4 0 0
967.2 -6016.7 -4.1 252 0 6.3 35.4 10.5 3.5 2 1 3 3 3
1256.0 -5380.9 -12.6 267 0 41.5 37.9 10.0 0.0 0 0 4 0 0
224.2 -6255.9 -8.6 352 0 38.3 23.2 7.5 0.0 0 0 3 1 1
1028.1 -6214.0 -3.3 289 0 26.4 23.4 14.0 0.0 0 0 4 1 1
966.1 -6235.2 -3.0 78 0 14.1 11.0 14.0 3.5 2 0 4 5 5
1034.9 -6178.2 -3.5 221 0 11.8 15.5 10.5 3.5 2 1 3 5 5
1009.6 -6157.8 -3.9 186 0 22.8 16.6 14.0 3.5 2 0 4 5 5
1014.4 -5934.5 -9.3 277 0 27.5 12.6 14.0 3.5 2 0 4 3 3
999.5 -6054.4 -6.7 167 0 23.8 14.1 14.0 3.5 2 0 4 4 4
991.4 -6003.2 -7.2 169 0 32.5 8.2 10.5 3.5 2 0 3 2 2
984.8 -6067.3 -4.3 358 0 25.0 14.4 14.0 3.5 2 0 4 0 0
724.6 -6296.1 -4.7 265 0 10.7 25.6 14.0 3.5 2 1 4 3 3
572.2 -6288.6 -6.7 351 0 15.3 22.0 14.0 3.5 2 1 4 0 0
493.9 -6312.3 -10.4 268 0 18.2 20.9 14.0 3.5 2 1 4 2 2
491.8 -6299.1 -6.3 91 0 22.0 9.8 10.5 3.5 2 0 3 4 4
1226.7 -6204.8 -4.9 276 0 18.0 11.4 10.5 3.5 2 0 3 0 0
1636.4 -6021.4 3.7 299 0 21.4 11.3 10.5 3.5 2 0 3 3 3
1678.7 -6059.0 3.5 112 0 8.8 16.3 10.5 3.5 2 1 3 2 2
1762.5 -6348.4 -16.0 293 0 17.5 27.3 14.0 3.5 4 1 4 5 5
1705.1 -6333.0 -16.8 200 0 12.9 13.7 14.0 3.5 2 1 4 5 5
1714.5 -6360.5 -18.3 116 0 10.7 29.8 14.0 3.5 2 1 4 5 5
1813.2 -5901.2 -17.2 241 0 10.3 17.0 7.5 2.5 2 1 3 2 2
1688.4 -6003.2 5.3 26 0 14.7 12.8 10.5 3.5 2 0 3 4 4
1054.6 -6092.4 -8.2 2 0 11.5 46.4 14.0 3.5 2 1 4 3 3
825.7 -6279.3 -5.9 93 0 14.3 8.6 10.5 3.5 2 0 3 5 5
1070.8 -6090.1 -9.3 175 0 21.3 9.9 10.5 3.5 2 0 3 2 2
1061.5 -6041.5 -10.5 246 0 9.6 37.1 10.5 3.5 2 1 3 0 0
1308.2 -6204.8 -10.5 108 0 6.3 21.0 10.5 3.5 2 1 3 5 5
1920.0 -6360.0 -14.4 84 0 18.1 11.9 12.5 2.5 2 0 5 1 1
809.2 -6080.1 -1.0 84 0 31.5 26.2 14.0 0.0 0 0 4 3 3
1101.8 -6520.5 -11.4 360 0 46.0 10.1 14.0 3.5 2 0 4 0 0
1108.4 -6400.0 -10.0 295 0 23.4 9.8 10.5 3.5 2 0 3 4 4
1399.6 -6160.9 -16.5 11 1 13.9 11.2 14.0 3.5 2 0 4 4 4
963.7 -6356.0 -13.0 281 0 21.4 19.9 14.0 3.5 2 0 4 2 2
2526.9 -6479.8 -37.7 17 0 7.2 52.4 7.5 2.5 2 1 3 4 4
2524.2 -6492.9 -39.0 18 0 8.9 32.1 7.5 2.5 2 0 3 1 1
2479.1 -6426.2 -34.0 287 0 10.3 30.6 12.5 2.5 4 1 5 5 5
2455.0 -6542.3 -41.4 168 0 17.2 23.1 12.5 2.5 2 1 5 0 0
946.9 -6597.8 -17.0 330 0 24.2 12.2 10.5 3.5 4 0 3 5 5
1120.8 -6506.9 -12.6 190 0 12.5 18.1 10.5 3.5 2 1 3 3 3
1188.0 -6549.8 -8.3 3 0 12.0 9.5 10.5 3.5 2 0 3 5 5
1246.2 -6550.5 -3.9 294 0 9.5 36.1 10.5 3.5 2 1 3 2 2
1211.0 -6620.5 -3.2 117 0 9.3 34.1 10.5 0.0 0 1 3 5 5
1224.8 -6623.9 -1.5 124 0 10.8 33.1 14.0 3.5 2 1 4 3 3
1267.0 -6583.1 -2.0 23 0 31.6 10.2 14.0 0.0 0 0 4 0 0
1307.0 -6491.5 -17.1 351 0 15.4 28.6 14.0 3.5 2 1 4 1 1
1262.0 -6494.7 -14.0 96 0 24.6 9.0 10.5 3.5 2 0 3 0 0
1698.2 -6440.1 -26.5 16 0 11.7 8.0 10.5 0.0 0 0 3 0 0
1714.5 -6437.1 -25.2 281 0 21.0 12.7 10.5 3.5 4 0 3 2 2
1718.5 -6433.1 -23.2 108 0 19.7 10.7 10.5 3.5 2 0 3 3 3
1368.5 -6626.8 -9.3 202 0 31.2 28.4 14.0 0.0 0 0 4 0 0
1089.8 -6438.9 -13.0 148 0 26.2 13.4 14.0 3.5 2 0 4 0 0
1078.4 -6420.3 -11.9 151 0 11.8 13.6 14.0 3.5 2 1 4 1 1
1178.4 -6095.0 -3.5 83 0 29.5 19.1 10.5 3.5 2 0 3 4 4
991.0 -6209.3 -2.2 8 0 11.7 6.5 10.5 3.5 2 0 3 1 1
995.9 -6162.2 -2.7 3 0 16.7 7.8 10.5 3.5 4 0 3 3 3
1050.8 -6397.5 -11.9 320 0 9.3 23.0 10.5 3.5 2 0 3 3 3
1071.3 -6427.3 -11.3 330 0 10.3 10.5 14.0 3.5 2 0 4 2 2
1768.7 -6757.8 -43.1 29 0 10.5 25.1 10.5 3.5 2 1 3 5 5
1588.7 -5979.1 4.5 181 0 28.0 27.2 10.5 0.0 0 0 3 5 5
614.6 -6289.4 -10.2 85 0 11.0 36.1 14.0 3.5 2 0 4 5 5
648.4 -6301.2 -9.3 266 0 12.1 11.3 14.0 3.5 2 0 4 4 4
2077.7 -6338.0 -24.9 282 0 20.3 31.0 12.5 2.5 2 0 5 3 3
2062.5 -6347.8 -23.7 13 0 9.7 23.5 7.5 0.0 0 1 3 4 4
378.8 -6304.6 -9.7 264 0 15.4 44.6 10.5 3.5 2 1 3 5 5
1036.0 -6365.8 -9.1 134 0 11.7 19.0 14.0 3.5 2 0 4 5 5
1025.8 -6342.1 -9.1 231 0 23.6 19.0 14.0 3.5 2 0 4 1 1
859.1 -5675.1 -2.6 110 0 13.5 25.6 10.5 3.5 2 1 3 3 3
-1526.2 -3373.4 33.2 116 0 12.5 18.0 12.5 2.5 2 1 5 5 5
993.1 -6198.4 -2.3 9 0 8.4 6.4 10.5 3.5 2 0 3 0 0
950.6 -6231.4 -3.5 351 0 11.7 31.3 14.0 3.5 2 0 4 3 3
932.3 -6217.8 -3.0 358 0 21.1 14.1 14.0 3.5 2 0 4 4 4
1229.2 -6737.4 -9.1 314 0 30.8 19.2 14.0 3.5 2 0 4 3 3
1224.0 -6647.4 -0.2 201 0 18.0 19.2 14.0 3.5 2 1 4 2 2
1125.6 -3396.1 -49.3 186 0 22.8 25.1 12.5 2.5 2 1 5 0 0
898.2 -3584.0 -28.8 67 0 32.5 66.8 12.5 0.0 0 1 5 5 5
1654.6 -5448.9 -11.1 263 0 42.8 62.1 10.0 0.0 0 1 4 2 2
1614.8 -5498.7 -11.6 174 0 21.1 18.2 10.0 2.5 2 0 4 1 1
1217.1 -5282.1 -16.2 96 0 32.7 21.6 12.5 0.0 0 0 5 3 3
1142.1 -5916.9 -16.4 287 0 16.9 29.7 14.0 0.0 0 1 4 3 3
1486.7 -6073.1 -17.8 357 1 12.3 14.3 14.0 3.5 2 1 4 1 1
-4317.8 -5042.2 52.1 85 0 53.7 62.7 10.0 0.0 0 1 4 2 2
2123.8 -6365.8 -26.0 307 0 46.0 17.8 12.5 2.5 2 0 5 0 0
967.2 -6490.7 -9.9 183 0 13.9 24.9 14.0 3.5 2 1 4 5 5
-4790.2 -1940.3 45.7 102 0 13.5 29.9 12.5 2.5 2 1 5 2 2
663.3 -6288.7 -8.5 90 0 18.3 23.7 14.0 3.5 2 1 4 4 4
5889.5 -6126.8 -10.5 47 0 29.6 126.0 10.0 0.0 0 1 4 5 5
2773.2 -6454.4 -43.9 14 0 18.3 16.0 15.0 0.0 0 0 6 2 2
1266.2 -6751.9 -2.0 106 0 28.1 12.3 14.0 3.5 2 0 4 0 0
-1138.1 2981.3 -55.3 270 0 14.1 7.9 5.0 2.5 4 0 2 3 3
-1122.7 2985.8 -55.5 273 0 9.3 10.8 5.0 0.0 0 1 2 2 2
-1106.1 2988.5 -56.0 264 0 12.6 13.8 7.5 2.5 2 1 3 1 1
-1086.7 2984.5 -56.4 271 0 5.8 10.2 7.5 2.5 2 1 3 0 0
-1331.0 -4400.2 10.1 229 0 44.6 23.4 10.0 0.0 0 0 4 3 3
