3190.1 6713.9 69.2 39 0 54.1 84.8 7.5 0.0 0 1 3 1 1
2819.5 5193.4 56.9 179 0 15.8 26.6 7.5 2.5 2 1 3 5 5
3163.1 -1815.2 -53.1 178 0 25.4 28.5 12.5 0.0 0 1 5 4 4
3388.7 2438.4 -27.8 140 0 16.0 12.6 5.0 2.5 2 0 2 3 3
-2249.9 -5997.5 -66.3 273 0 27.1 32.9 10.0 0.0 0 1 4 0 0
-4239.7 3635.3 38.8 352 0 11.1 9.7 5.0 2.5 2 0 2 4 4
-4255.7 3756.6 38.2 352 0 11.1 9.7 7.5 2.5 2 0 3 1 1
-4247.1 3800.3 34.3 352 0 11.1 9.7 5.0 2.5 2 0 2 0 0
-4215.6 3605.3 32.4 172 0 11.1 9.7 7.5 2.5 4 0 3 3 3
-4139.3 3525.3 16.3 82 0 9.7 11.1 7.5 2.5 2 1 3 1 1
-4085.8 3559.0 18.1 264 0 13.2 11.0 5.0 2.5 2 0 2 3 3
-4219.0 3862.6 27.2 81 0 9.7 11.1 5.0 2.5 2 1 2 5 5
-4023.1 3842.3 19.1 351 0 11.1 9.7 5.0 0.0 0 0 2 4 4
-4006.1 3762.1 17.3 82 0 9.7 11.1 5.0 2.5 2 1 2 4 4
-4038.7 3644.2 17.1 99 0 13.8 10.5 2.5 2.5 2 0 1 4 4
-3969.1 3474.9 21.4 82 0 9.7 11.1 5.0 2.5 2 1 2 2 2
-3929.6 3470.5 26.6 262 0 9.7 11.1 7.5 2.5 2 1 3 3 3
-3825.2 3599.1 26.3 351 0 11.1 9.7 7.5 2.5 2 0 3 4 4
-3917.7 3632.5 20.2 82 0 9.7 11.1 7.5 2.5 2 1 3 5 5
-3903.3 3710.2 24.4 172 0 11.1 9.7 7.5 2.5 2 0 3 4 4
-3801.1 3725.3 35.0 171 0 11.1 9.7 7.5 2.5 2 0 3 3 3
-3693.1 3794.7 47.2 82 0 9.7 11.1 7.5 2.5 2 1 3 4 4
-3577.3 3386.3 28.4 82 0 9.7 11.1 7.5 2.5 2 1 3 3 3
-3602.3 3624.4 34.7 82 0 9.7 11.1 7.5 2.5 2 1 3 1 1
-3497.5 3386.8 11.9 262 0 9.7 11.1 7.5 2.5 2 1 3 5 5
-3419.4 3552.9 32.8 82 0 9.7 11.1 7.5 0.0 0 1 3 3 3
-3258.3 3311.8 3.2 59 0 7.1 18.5 7.5 0.0 0 1 3 3 3
-3267.4 3258.9 -1.0 151 0 14.1 16.6 2.5 2.5 2 1 1 2 2
-3271.9 2991.2 -5.3 82 0 9.7 11.1 7.5 2.5 2 1 3 1 1
-3348.7 2909.3 9.6 82 0 9.7 11.1 7.5 2.5 2 1 3 5 5
-3479.5 3004.6 18.4 262 0 9.7 11.1 7.5 2.5 2 1 3 2 2
-3431.5 2957.5 16.2 351 0 11.1 9.7 5.0 2.5 2 0 2 4 4
-3301.0 2271.0 -15.2 82 0 9.7 11.1 7.5 2.5 4 1 3 3 3
-3250.2 2174.9 -8.4 81 0 9.7 11.1 7.5 2.5 2 1 3 5 5
-3430.2 2085.8 -2.3 76 0 16.7 28.7 17.5 0.0 0 1 7 1 1
-3477.5 2255.2 7.7 82 0 9.7 11.1 5.0 2.5 2 1 2 2 2
-3314.3 1943.7 20.2 351 0 11.1 9.7 7.5 0.0 0 0 3 3 3
-3295.2 1875.4 18.6 172 0 11.1 9.7 7.5 2.5 4 0 3 0 0
-3278.3 1815.0 7.1 352 0 11.1 9.7 7.5 0.0 0 0 3 5 5
-3573.9 1692.8 21.8 262 0 9.7 11.1 7.5 2.5 2 1 3 2 2
-3582.6 1559.5 20.5 82 0 9.7 11.1 5.0 2.5 2 1 2 1 1
-3522.5 1977.1 10.8 82 0 9.7 11.1 2.5 2.5 2 1 1 2 2
-3549.5 1914.7 15.1 172 0 11.1 9.7 7.5 2.5 4 0 3 2 2
-3582.2 1988.1 18.2 262 0 9.7 11.1 2.5 2.5 4 1 1 2 2
-4138.0 1779.3 -13.5 294 0 9.7 28.7 7.5 2.5 2 1 3 4 4
-4182.1 1816.8 -20.5 294 0 10.0 27.8 12.5 2.5 2 1 5 0 0
-3920.1 2034.0 2.8 82 0 9.7 11.1 5.0 2.5 2 1 2 1 1
-3960.9 2225.0 -9.2 352 0 11.1 9.7 5.0 2.5 2 0 2 1 1
-3927.1 2167.5 -10.0 352 0 11.1 9.7 5.0 0.0 0 0 2 1 1
-3931.8 2230.8 -7.6 262 0 9.7 11.1 5.0 0.0 0 1 2 3 3
-3865.0 2089.5 4.5 171 0 11.1 9.7 5.0 2.5 2 0 2 5 5
-4431.4 2313.4 17.1 171 0 11.1 9.7 7.5 2.5 2 0 3 1 1
-4494.5 2355.1 17.5 151 0 10.3 23.4 5.0 2.5 4 1 2 5 5
-4596.1 1878.1 -38.8 353 0 8.3 18.0 5.0 2.5 2 1 2 1 1
-4748.9 2268.3 15.3 136 0 9.5 10.8 5.0 2.5 2 1 2 0 0
-4688.1 2301.9 12.0 74 0 16.1 18.3 10.0 2.5 4 1 4 3 3
2408.4 -3626.1 -75.0 139 0 107.1 122.4 17.5 0.0 0 1 7 3 3
3356.9 -3033.9 -72.8 189 0 15.3 21.4 10.0 2.5 2 1 4 2 2
3003.9 -2832.8 -63.9 237 0 14.3 15.3 5.0 2.5 2 1 2 4 4
