1791.2 -5550.7 139.6 85 0 30.5 27.1 7.5 0.0 0 0 3 1 1
-5532.3 -6710.3 -33.4 181 0 13.1 12.7 7.5 2.5 2 0 3 1 1
-5520.5 -6689.4 -32.2 329 0 9.4 10.2 5.0 2.5 2 1 2 3 3
-5549.1 -6725.7 -33.9 176 0 21.6 10.7 10.0 2.5 2 0 4 3 3
-5570.4 -6696.5 -29.4 89 0 12.2 23.1 12.5 2.5 2 1 5 3 3
-5751.2 -6774.2 -34.3 84 0 10.3 12.1 7.5 2.5 2 1 3 1 1
-5730.0 -6738.1 -31.2 19 0 9.7 7.3 5.0 2.5 2 0 2 3 3
-5780.6 -6690.3 -24.7 275 0 9.1 9.2 7.5 2.5 4 1 3 0 0
-5887.7 -6697.1 -15.9 272 0 9.2 12.6 2.5 2.5 2 1 1 1 1
-5600.2 -6690.8 -28.4 351 0 9.1 11.5 5.0 2.5 2 1 2 3 3
-5610.9 -6801.8 -40.2 111 0 13.5 11.6 5.0 2.5 2 0 2 0 0
-5653.0 -6736.2 -32.8 202 0 8.8 9.1 5.0 2.5 2 1 2 3 3
-5565.1 -6813.8 -43.5 186 0 9.3 34.4 7.5 2.5 2 1 3 2 2
-5569.6 -6771.2 -37.8 2 0 10.5 9.7 2.5 2.5 2 0 1 3 3
-5586.8 -6630.9 -24.9 172 0 12.8 10.4 5.0 2.5 2 0 2 2 2
-5604.1 -6574.9 -19.8 352 0 16.3 10.4 7.5 2.5 4 0 3 3 3
5806.8 -6369.9 -146.5 327 0 9.4 9.1 5.0 2.5 2 0 2 5 5
5789.6 -6384.8 -148.1 45 0 8.6 5.6 5.0 2.5 2 0 2 5 5
5740.8 -6273.6 -141.7 161 0 20.0 16.8 17.5 0.0 0 0 7 4 4
5784.3 -6314.0 -144.2 89 0 14.1 13.0 5.0 2.5 2 0 2 5 5
5830.0 -6301.4 -142.3 349 0 11.1 9.2 7.5 2.5 2 0 3 5 5
5788.4 -6182.4 -135.6 56 0 6.8 8.5 7.5 2.5 2 1 3 3 3
6817.3 -4713.8 98.8 50 0 15.4 9.2 7.5 2.5 2 0 3 1 1
6309.9 -5059.1 12.6 21 0 9.6 5.9 5.0 2.5 2 0 2 1 1
