3490.5 1154.6 5.6 171 0 51.6 11.6 12.5 2.5 2 0 5 0 0
3521.5 1118.1 6.7 89 0 45.6 11.2 10.0 2.5 2 0 4 5 5
3568.4 1164.8 7.2 346 0 68.9 10.7 10.0 0.0 0 0 4 3 3
3526.7 1211.7 6.0 254 0 25.2 11.6 7.5 0.0 0 0 3 2 2
2603.2 379.7 0.9 350 0 87.1 9.0 10.5 3.5 2 0 3 3 3
2666.1 422.9 -0.3 254 0 8.1 25.7 2.5 2.5 2 1 1 3 3
2446.2 395.5 4.9 251 0 9.4 16.8 7.5 0.0 0 1 3 3 3
2484.6 398.5 4.8 335 0 18.2 12.1 10.0 2.5 2 0 4 5 5
2330.1 413.1 1.4 166 0 17.3 17.2 17.5 3.5 2 0 5 0 0
2240.5 324.8 -0.5 249 0 13.9 13.9 17.5 3.5 2 0 5 5 5
1350.0 127.5 -16.4 258 0 12.1 38.2 14.0 3.5 2 1 4 5 5
1347.2 -331.0 -7.1 209 0 33.4 12.3 10.0 2.5 2 0 4 5 5
1517.3 -213.3 -8.2 257 0 48.7 9.1 10.5 3.5 2 0 3 0 0
815.0 -237.2 -24.2 227 0 22.1 30.1 14.0 0.0 0 1 4 0 0
782.9 -211.2 -26.4 324 0 29.6 25.3 14.0 0.0 0 0 4 3 3
2735.2 318.9 -1.7 78 0 10.3 52.2 10.0 2.5 2 1 4 5 5
2770.6 288.6 -2.2 78 0 31.3 11.5 10.0 2.5 4 0 4 2 2
2747.1 393.4 -0.4 345 0 9.9 33.0 7.5 2.5 2 1 3 0 0
1407.2 -295.7 -7.4 135 0 13.0 12.5 5.0 2.5 2 0 2 1 1
6820.1 1893.7 22.4 258 0 7.4 17.5 7.5 2.5 2 0 3 1 1
6843.7 1899.5 20.8 258 0 32.3 9.0 7.5 0.0 0 0 3 1 1
6874.1 1873.5 20.2 77 0 9.6 31.2 7.5 2.5 2 1 3 4 4
1643.7 373.8 -14.8 255 0 19.8 33.4 14.0 0.0 0 1 4 3 3
1157.2 268.9 -19.8 90 0 10.1 28.7 17.5 0.0 0 1 5 1 1
1392.6 -474.1 -11.7 251 0 9.3 14.3 10.5 3.5 2 1 3 3 3
1171.5 271.0 -20.2 89 0 14.6 29.1 17.5 3.5 2 1 5 1 1
771.9 -150.1 -25.0 167 0 46.6 32.1 14.0 0.0 0 0 4 2 2
1441.9 -749.4 -19.2 76 0 14.3 31.8 14.0 3.5 2 1 4 3 3
2731.2 492.7 2.1 67 0 21.3 14.1 7.5 2.5 2 0 3 1 1
