2876.2 5751.5 -132.3 294 0 25.3 41.0 14.0 0.0 0 1 4 3 3
4270.6 4379.2 -122.5 83 0 26.1 39.5 7.5 0.0 0 1 3 2 2
3916.7 4480.8 -125.7 8 0 40.6 23.7 7.5 0.0 0 0 3 2 2
3819.7 4559.6 -131.3 174 0 27.3 17.5 10.0 2.5 2 0 4 3 3
3833.5 4386.4 -125.7 349 0 18.9 13.9 7.5 2.5 2 0 3 2 2
4095.8 4151.7 -138.9 341 0 37.7 56.8 10.0 0.0 0 1 4 1 1
4215.8 4351.8 -128.8 359 0 34.7 42.9 7.5 0.0 0 1 3 2 2
4221.1 4298.9 -129.8 6 0 43.9 39.3 15.0 0.0 0 0 6 0 0
5146.7 3141.2 -140.1 183 0 31.9 23.1 7.5 0.0 0 0 3 0 0
4723.7 2893.7 -129.9 245 0 23.7 42.9 10.0 0.0 0 1 4 4 4
4911.5 3100.8 -129.6 348 0 86.4 46.3 12.5 0.0 0 0 5 1 1
4496.2 3008.5 -141.2 243 0 41.9 71.7 12.5 0.0 0 1 5 2 2
3448.9 3903.0 -135.1 272 0 61.8 67.6 10.0 0.0 0 1 4 2 2
3061.6 4950.1 -131.3 19 0 20.1 17.7 10.0 2.5 2 0 4 3 3
3461.5 4485.1 -141.3 86 0 21.1 84.1 12.5 0.0 0 1 5 4 4
3472.3 5058.1 -135.5 250 0 30.4 54.1 10.0 0.0 0 1 4 0 0
3594.4 5249.1 -125.9 170 0 57.2 65.9 10.0 0.0 0 1 4 5 5
3618.7 4472.6 -131.0 349 0 30.6 16.0 7.5 2.5 2 0 3 3 3
1469.5 6623.9 -131.4 13 0 12.9 45.5 12.5 2.5 2 1 5 3 3
1398.8 6632.2 -131.5 108 0 37.3 28.5 17.5 0.0 0 0 7 2 2
-6909.0 5107.3 -124.5 178 0 16.1 14.5 7.5 2.5 2 0 3 0 0
-6905.9 5163.4 -124.3 318 0 15.0 13.6 10.0 2.5 2 0 4 3 3
-6878.7 5201.6 -125.7 175 0 7.1 7.5 7.5 2.5 2 1 3 2 2
-6878.9 5257.9 -125.6 274 0 7.8 9.8 5.0 2.5 2 1 2 4 4
-6872.1 5133.9 -125.7 313 0 4.7 5.7 5.0 2.5 2 1 2 1 1
-6844.2 5098.4 -126.7 327 0 6.7 6.9 7.5 2.5 2 1 3 0 0
-6802.2 5084.8 -128.5 143 0 7.4 11.7 2.5 2.5 2 1 1 4 4
-6766.2 5154.0 -129.2 348 0 9.4 8.7 5.0 2.5 2 0 2 2 2
-6750.1 5135.0 -129.4 339 0 9.9 6.7 5.0 2.5 2 0 2 1 1
-6743.0 5039.5 -130.3 87 0 15.1 9.0 5.0 2.5 2 0 2 3 3
-6796.7 5164.4 -128.5 257 0 10.1 7.3 7.5 2.5 4 0 3 4 4
-6782.2 5050.3 -128.9 316 0 9.8 9.5 5.0 0.0 0 0 2 3 3
-6609.8 5021.1 -124.9 133 0 7.1 6.2 5.0 2.5 2 0 2 3 3
6839.9 6393.3 -125.4 358 0 16.8 17.4 12.5 2.5 2 1 5 1 1
6850.1 6440.4 -121.5 93 0 9.1 7.5 7.5 2.5 2 0 3 1 1
6640.5 6373.6 -125.5 51 0 9.3 15.4 7.5 2.5 2 1 3 5 5
6403.7 6338.4 -135.9 91 0 9.5 10.7 5.0 2.5 2 1 2 5 5
6308.5 6292.4 -140.8 92 0 11.5 11.4 7.5 2.5 2 0 3 5 5
6117.3 6306.5 -137.3 97 0 13.2 12.6 7.5 2.5 2 0 3 3 3
6025.4 6327.7 -140.4 356 0 11.6 13.0 2.5 2.5 2 1 1 3 3
5960.9 6360.6 -143.2 270 0 6.3 13.1 7.5 2.5 2 1 3 1 1
5906.3 6326.1 -144.1 193 0 9.6 13.1 5.0 0.0 0 1 2 2 2
5464.3 6337.8 -145.4 86 0 9.2 16.5 2.5 2.5 2 1 1 0 0
5088.2 6079.3 -136.8 214 0 21.5 13.5 12.5 2.5 2 0 5 3 3
5091.2 6037.7 -135.9 28 0 12.0 7.1 5.0 2.5 2 0 2 5 5
5233.9 5720.7 -146.2 0 0 14.7 14.6 7.5 2.5 2 0 3 1 1
5103.3 5592.0 -142.0 90 0 8.1 9.6 7.5 2.5 2 1 3 4 4
5245.7 5378.7 -135.4 57 0 11.5 19.6 2.5 2.5 2 1 1 4 4
5213.5 5377.5 -133.8 345 0 10.3 8.6 7.5 2.5 2 0 3 5 5
5137.6 5460.6 -135.5 164 0 10.4 7.8 5.0 2.5 2 0 2 5 5
5134.7 5434.2 -135.7 153 0 16.9 7.9 5.0 2.5 2 0 2 2 2
5267.9 5305.0 -135.4 152 0 12.9 15.2 5.0 2.5 2 1 2 2 2
5281.3 5217.9 -134.3 71 0 15.1 13.8 5.0 2.5 2 0 2 5 5
6388.0 -5559.5 6.3 208 0 7.3 7.7 7.5 2.5 4 1 3 5 5
6419.4 -5644.0 -13.6 85 0 7.5 8.6 5.0 2.5 2 1 2 4 4
5709.9 -5398.7 136.9 247 0 7.7 5.8 2.5 2.5 2 0 1 2 2
5672.6 -5440.2 133.5 273 0 7.9 7.4 5.0 0.0 0 0 2 3 3
5681.3 -5511.4 127.4 180 0 7.5 7.3 7.5 2.5 2 0 3 1 1
5749.0 -5468.0 120.3 270 0 5.7 6.0 7.5 2.5 2 1 3 0 0
5744.9 -5510.4 117.5 85 0 8.7 7.7 5.0 2.5 2 0 2 1 1
5813.5 -5479.0 114.1 276 0 7.5 7.0 7.5 2.5 2 0 3 1 1
6089.8 1239.2 -136.5 169 0 116.1 87.4 10.0 0.0 0 0 4 2 2
-4066.7 4043.2 -123.3 91 0 12.7 13.2 5.0 2.5 4 1 2 0 0
-4084.9 4063.5 -122.1 182 0 7.5 9.7 5.0 2.5 2 1 2 5 5
-4086.1 4053.9 -122.2 182 0 7.4 10.7 7.5 2.5 2 1 3 3 3
-4049.6 4068.9 -124.1 88 0 9.9 10.2 7.5 2.5 2 1 3 4 4
-4023.4 4070.1 -126.1 92 0 14.1 8.7 7.5 2.5 2 0 3 3 3
-4064.2 4124.5 -123.1 171 0 11.2 10.3 5.0 2.5 4 0 2 2 2
-4013.9 4145.3 -125.7 2 0 7.1 8.3 5.0 2.5 2 1 2 5 5
-4032.2 4218.8 -124.3 271 0 12.7 12.7 5.0 2.5 2 1 2 4 4
-4014.8 4179.7 -125.4 1 0 11.9 11.3 2.5 2.5 2 0 1 3 3
-4037.0 4177.9 -124.4 181 0 8.2 8.1 5.0 0.0 0 0 2 1 1
-3962.8 4233.4 -129.0 267 0 10.2 9.7 7.5 2.5 2 0 3 2 2
-3082.5 3928.9 -128.3 180 0 6.7 7.9 2.5 2.5 2 1 1 0 0
-3078.9 3963.7 -129.4 176 0 11.1 6.6 5.0 2.5 2 0 2 1 1
-3044.3 4103.5 -130.2 278 0 8.8 39.8 7.5 2.5 2 1 3 0 0
6713.4 -2449.3 -142.2 216 0 8.3 12.8 5.0 2.5 2 1 2 4 4
6867.6 -2327.5 -144.4 198 0 10.9 14.8 5.0 2.5 2 0 2 0 0
6851.2 -2352.2 -144.2 236 0 8.9 6.8 5.0 2.5 2 0 2 1 1
6869.3 -2335.6 -144.3 209 0 5.0 9.7 2.5 2.5 2 0 1 0 0
6588.7 -2526.3 -137.7 91 0 10.5 15.8 2.5 2.5 2 1 1 2 2
6660.9 -2496.7 -138.1 228 0 7.5 9.4 5.0 2.5 2 1 2 2 2
6677.6 -2392.4 -140.1 205 0 8.1 9.3 5.0 2.5 2 1 2 1 1
6243.7 -2770.3 -123.2 90 0 12.6 9.1 5.0 2.5 2 0 2 5 5
6413.6 -2869.2 -129.7 174 0 9.9 14.6 5.0 2.5 2 1 2 3 3
6478.2 -2879.2 -131.7 196 0 6.5 14.6 7.5 2.5 2 1 3 5 5
6424.1 -2918.8 -129.7 66 0 6.0 6.3 5.0 2.5 2 1 2 0 0
6443.2 -2895.2 -129.9 48 0 4.0 6.4 5.0 2.5 2 1 2 1 1
5786.1 -970.6 -142.9 242 0 8.3 9.7 7.5 2.5 4 1 3 0 0
5886.4 -917.0 -137.1 249 0 11.3 8.2 5.0 2.5 2 0 2 1 1
6084.0 -924.1 -129.7 82 0 7.7 9.8 7.5 2.5 2 1 3 0 0
6157.2 -924.9 -130.7 94 0 7.8 10.1 5.0 2.5 4 1 2 3 3
6181.7 -3159.8 -124.6 21 0 10.1 15.1 2.5 2.5 2 1 1 1 1
6144.1 -3209.2 -119.8 200 0 14.9 16.4 5.0 2.5 2 1 2 2 2
6279.9 -3233.7 -126.2 156 0 13.6 7.3 5.0 0.0 0 0 2 3 3
6271.6 -3202.2 -126.6 182 0 9.0 7.8 7.5 2.5 2 0 3 2 2
6191.8 -2963.4 -122.7 92 0 8.1 12.0 7.5 2.5 2 1 3 3 3
6519.9 -3227.1 -128.2 20 0 7.0 11.1 7.5 0.0 0 1 3 2 2
6912.0 -1862.7 -135.7 119 0 11.1 14.8 5.0 2.5 2 1 2 3 3
6897.1 -1854.8 -134.9 113 0 13.7 11.0 7.5 2.5 2 0 3 5 5
6833.0 -1818.3 -130.9 86 0 9.0 8.5 7.5 0.0 0 0 3 0 0
6800.8 -1861.4 -132.1 208 0 8.2 11.9 7.5 2.5 4 1 3 2 2
6720.4 -1628.9 -140.1 353 0 7.2 6.1 7.5 2.5 2 0 3 0 0
6720.0 -1575.8 -142.5 349 0 9.6 9.7 7.5 2.5 2 1 3 1 1
6667.0 -1293.3 -144.4 145 0 11.4 12.6 2.5 2.5 2 1 1 0 0
6658.4 -1282.4 -144.2 136 0 11.6 11.6 2.5 2.5 2 0 1 2 2
6592.6 -1330.2 -144.8 339 0 9.5 12.4 2.5 2.5 2 1 1 3 3
6894.2 -2250.2 -144.7 7 0 9.5 10.2 7.5 0.0 0 1 3 0 0
6119.7 -1944.5 -121.9 272 0 7.5 8.6 5.0 2.5 2 1 2 4 4
6068.0 -1933.6 -130.5 259 0 9.4 10.4 2.5 2.5 2 1 1 3 3
6223.1 -1984.1 -101.0 227 0 5.6 6.2 2.5 2.5 4 1 1 1 1
5661.3 -1617.0 -137.7 85 0 9.2 11.7 5.0 2.5 2 1 2 1 1
5657.6 -1487.8 -139.4 95 0 8.1 16.0 5.0 2.5 2 1 2 2 2
5649.4 -1499.2 -138.5 282 0 6.7 15.0 2.5 2.5 2 1 1 3 3
5625.7 -1497.5 -137.5 283 0 5.9 14.4 5.0 2.5 2 1 2 0 0
5616.3 -1486.7 -137.7 103 0 6.7 16.4 2.5 2.5 2 1 1 0 0
5595.2 -1514.3 -136.1 287 0 8.4 6.3 2.5 2.5 2 0 1 5 5
5583.7 -1482.0 -136.2 108 0 6.9 11.2 5.0 2.5 2 1 2 1 1
5562.4 -1489.4 -134.9 291 0 5.3 14.4 5.0 2.5 4 1 2 3 3
5551.0 -1486.4 -134.5 288 0 4.7 14.8 5.0 2.5 2 1 2 3 3
5554.6 -1411.2 -136.1 112 0 9.4 18.3 7.5 2.5 4 1 3 1 1
5576.7 -1457.6 -136.2 202 0 12.5 4.9 7.5 2.5 2 0 3 5 5
5829.2 -3055.7 -80.7 108 0 7.0 8.0 7.5 2.5 4 1 3 0 0
2717.5 -2300.3 -111.5 15 0 3.8 12.7 5.0 2.5 2 0 2 1 1
4702.3 -464.2 -143.5 237 0 7.6 11.3 7.5 2.5 2 1 3 3 3
-4450.4 4105.5 -124.5 292 0 10.0 23.3 7.5 2.5 2 1 3 5 5
-4443.8 3973.3 -121.8 342 0 11.7 11.0 7.5 2.5 2 0 3 0 0
-4275.4 3939.5 -135.2 103 0 13.1 8.9 5.0 2.5 2 0 2 4 4
-5997.3 3695.3 -109.8 34 0 12.3 11.1 5.0 0.0 0 0 2 5 5
-5975.8 3709.5 -111.1 39 0 16.8 9.8 5.0 0.0 0 0 2 1 1
-5924.7 3771.4 -116.1 40 0 11.1 10.4 2.5 2.5 2 0 1 3 3
2749.0 -3192.6 -97.9 271 0 8.9 11.0 2.5 2.5 2 1 1 3 3
2467.8 -3196.7 -98.4 332 0 7.4 7.1 5.0 2.5 2 0 2 5 5
-74.3 2492.1 -112.4 100 0 8.3 19.9 7.5 2.5 2 1 3 2 2
-127.5 2557.8 -116.0 88 0 8.7 14.1 2.5 2.5 4 1 1 2 2
-134.3 2387.0 -116.4 179 0 12.2 17.3 2.5 2.5 4 1 1 1 1
-186.5 2577.5 -119.8 179 0 10.6 11.5 2.5 2.5 2 1 1 5 5
4813.5 -632.6 -134.7 217 0 10.9 11.1 7.5 2.5 2 1 3 5 5
4809.5 -674.2 -132.8 112 0 8.6 7.9 5.0 2.5 2 0 2 0 0
4845.6 -759.5 -125.3 114 0 8.5 12.1 5.0 0.0 0 1 2 5 5
4899.7 -706.7 -127.1 32 0 9.4 9.6 5.0 2.5 2 1 2 4 4
5008.6 -669.2 -128.3 20 0 7.5 10.9 5.0 2.5 2 1 2 4 4
5022.0 -551.8 -137.1 90 0 12.3 8.2 5.0 2.5 2 0 2 0 0
-4391.5 3883.3 -130.0 156 0 6.7 10.1 5.0 2.5 2 1 2 2 2
-4361.3 3865.3 -131.5 1 0 9.2 11.9 5.0 2.5 2 1 2 3 3
-4321.0 3677.7 -132.6 330 0 20.2 29.0 12.5 2.5 2 1 5 5 5
-4533.7 4120.8 -116.8 343 0 11.7 18.6 7.5 2.5 4 1 3 2 2
-4502.8 4115.1 -120.9 163 0 28.2 12.5 12.5 2.5 2 0 5 1 1
-4535.3 4185.5 -118.1 349 0 10.3 13.9 5.0 2.5 2 1 2 2 2
-4529.2 4225.4 -119.7 171 0 12.2 17.6 10.0 2.5 2 1 4 0 0
-4529.1 4210.8 -119.6 179 0 13.3 15.2 5.0 2.5 4 1 2 5 5
-4535.2 4259.6 -120.3 157 0 12.2 12.4 7.5 2.5 2 1 3 1 1
-4542.4 4243.0 -118.3 335 0 19.1 16.6 12.5 2.5 4 0 5 0 0
-4560.7 4264.7 -118.3 346 0 15.1 11.7 5.0 2.5 2 0 2 1 1
-4496.7 4341.9 -125.3 255 0 14.4 19.8 10.0 2.5 2 1 4 5 5
-4586.2 4387.3 -123.2 177 0 19.3 24.5 12.5 2.5 2 1 5 3 3
-4558.4 4346.4 -122.8 182 0 16.8 15.7 5.0 2.5 2 0 2 2 2
-4584.5 4448.7 -123.5 182 0 12.2 8.7 2.5 2.5 4 0 1 0 0
-4588.4 4413.4 -121.8 179 0 7.9 7.1 7.5 2.5 2 0 3 1 1
-6047.3 3588.1 -107.1 204 0 9.8 10.1 5.0 2.5 2 1 2 2 2
-6024.9 3568.5 -108.2 84 0 8.2 12.5 7.5 2.5 2 1 3 4 4
-5913.6 3651.9 -110.6 2 0 13.6 12.0 2.5 2.5 2 0 1 0 0
-5718.5 3925.4 -119.6 180 0 10.2 17.1 7.5 2.5 2 1 3 3 3
-5714.3 3822.1 -121.3 155 0 10.3 8.7 7.5 2.5 2 0 3 1 1
-5374.7 3817.6 -111.7 267 0 12.8 12.9 7.5 0.0 0 1 3 0 0
-5319.9 3767.3 -110.9 26 0 17.1 11.7 10.0 2.5 2 0 4 0 0
-5303.5 3718.6 -113.2 240 0 7.7 29.7 7.5 2.5 2 1 3 4 4
-5136.8 3731.2 -116.4 352 0 10.4 22.4 12.5 2.5 2 1 5 5 5
-5218.1 3796.1 -112.4 271 0 4.7 14.5 5.0 2.5 2 1 2 3 3
2412.9 -3215.7 -95.1 215 0 7.6 7.7 7.5 2.5 2 1 3 5 5
1477.1 -2113.9 -74.9 117 0 5.3 15.7 7.5 2.5 2 1 3 4 4
1590.0 -1998.4 -69.1 343 0 10.4 7.8 7.5 2.5 2 0 3 1 1
4831.7 -567.0 -135.0 15 0 8.1 8.3 5.0 2.5 2 1 2 2 2
2426.8 213.6 -132.3 63 0 8.3 15.1 2.5 2.5 2 1 1 0 0
-71.6 2349.5 -115.8 52 0 8.9 8.2 2.5 2.5 2 0 1 1 1
-136.0 2273.6 -124.9 258 0 9.0 36.2 7.5 2.5 2 1 3 1 1
-64.4 2322.2 -119.3 338 0 17.9 15.2 12.5 2.5 2 0 5 3 3
-106.5 2159.5 -130.4 65 0 27.7 30.0 10.0 0.0 0 1 4 0 0
-156.7 2204.9 -127.8 244 0 15.9 22.2 12.5 2.5 2 1 5 5 5
-150.2 2139.8 -130.5 55 0 15.1 18.0 12.5 2.5 2 1 5 4 4
-64.0 2129.6 -125.1 359 0 13.9 14.5 5.0 2.5 2 1 2 2 2
-183.4 2088.6 -133.0 326 0 10.5 15.6 2.5 2.5 2 1 1 5 5
-196.2 2105.0 -131.8 333 0 14.4 19.3 12.5 0.0 0 1 5 0 0
-212.5 2143.5 -130.2 355 0 23.1 20.2 10.0 2.5 4 0 4 0 0
-251.4 2146.6 -132.1 176 0 11.5 15.2 7.5 2.5 2 1 3 2 2
-223.3 2020.8 -135.7 358 0 11.2 11.3 10.0 2.5 2 1 4 5 5
-141.8 1965.6 -127.1 84 0 20.4 13.3 10.0 2.5 2 0 4 1 1
-92.7 2015.1 -123.7 6 0 12.9 19.3 5.0 2.5 2 1 2 5 5
-217.1 2255.9 -125.9 188 0 15.2 10.0 5.0 2.5 2 0 2 4 4
-237.6 2444.0 -124.0 270 0 12.7 15.5 5.0 2.5 2 1 2 0 0
-242.3 2372.7 -125.4 3 0 11.5 11.2 5.0 2.5 4 0 2 1 1
-205.4 2306.0 -123.0 89 0 9.6 10.4 5.0 2.5 2 1 2 3 3
72.0 2276.7 -127.6 56 0 11.8 27.1 7.5 2.5 2 1 3 1 1
97.7 2465.9 -119.1 93 0 9.9 10.6 5.0 2.5 2 1 2 2 2
110.7 2545.9 -115.0 275 0 10.9 10.0 5.0 2.5 2 0 2 4 4
31.1 2530.9 -117.2 12 0 17.6 18.9 12.5 2.5 2 1 5 5 5
224.7 2485.2 -116.7 28 0 15.4 12.3 7.5 2.5 2 0 3 2 2
230.6 2464.9 -117.8 198 0 12.5 19.3 5.0 2.5 2 1 2 3 3
205.3 2344.8 -119.1 108 0 9.5 9.6 5.0 2.5 2 1 2 5 5
201.0 2367.0 -118.5 181 0 16.6 15.7 10.0 2.5 2 0 4 1 1
237.9 2484.7 -117.8 200 0 17.9 10.3 7.5 2.5 4 0 3 0 0
276.4 2495.2 -119.3 271 0 12.4 14.0 5.0 0.0 0 1 2 5 5
-6145.9 3608.7 -99.5 277 0 13.0 17.6 2.5 2.5 2 1 1 3 3
-6216.7 3611.6 -93.0 272 0 10.4 16.6 7.5 2.5 2 1 3 2 2
-6302.2 3517.7 -83.4 179 0 22.5 14.6 10.0 2.5 2 0 4 5 5
-6553.5 3488.0 -61.9 93 0 9.1 31.0 7.5 0.0 0 1 3 1 1
-6515.6 3467.1 -61.3 253 0 11.3 13.1 7.5 2.5 2 1 3 2 2
-6026.0 3263.6 -112.6 93 0 8.8 17.3 5.0 2.5 2 1 2 0 0
-5641.6 2720.8 -51.5 107 0 14.5 15.5 5.0 2.5 2 1 2 3 3
-4693.9 1790.6 -3.2 337 0 13.8 13.2 2.5 0.0 0 0 1 5 5
-4273.9 2596.2 -107.5 80 0 13.4 14.3 5.0 2.5 4 1 2 3 3
-4665.4 2616.9 -86.1 200 0 13.4 8.0 5.0 2.5 2 0 2 4 4
-4635.1 2732.6 -105.0 204 0 17.0 13.7 2.5 2.5 2 0 1 2 2
-4757.0 3038.0 -119.9 270 0 10.8 20.4 12.5 2.5 4 1 5 4 4
-5165.7 3042.9 -115.0 273 0 9.6 21.4 7.5 0.0 0 1 3 5 5
-5665.7 3357.9 -122.8 286 0 8.3 16.7 7.5 2.5 2 1 3 3 3
-5745.0 3553.6 -119.7 103 0 15.2 17.5 7.5 2.5 2 1 3 1 1
5249.0 -548.6 -132.6 29 0 8.2 11.4 5.0 2.5 2 1 2 4 4
253.7 2511.3 -118.4 108 0 9.1 8.3 2.5 2.5 2 0 1 1 1
256.2 2527.6 -118.6 201 0 9.7 8.4 7.5 2.5 2 0 3 4 4
377.2 2386.4 -124.7 269 0 11.9 12.9 7.5 2.5 2 1 3 2 2
398.7 2399.2 -126.1 273 0 12.2 17.2 5.0 2.5 2 1 2 2 2
-6773.7 3151.3 -27.6 54 0 8.4 8.4 5.0 2.5 2 1 2 5 5
-6741.4 3338.7 -36.8 248 0 11.6 6.3 5.0 2.5 2 0 2 3 3
-6740.4 3594.8 -51.0 164 0 8.5 9.9 5.0 2.5 2 1 2 2 2
-6499.2 3986.3 -100.7 234 0 12.9 15.8 10.0 2.5 2 1 4 4 4
-6512.7 3943.6 -95.8 135 0 12.1 16.8 5.0 2.5 2 1 2 4 4
-6448.7 4020.7 -99.0 237 0 16.7 16.2 10.0 2.5 2 0 4 1 1
-6408.9 3965.2 -98.7 351 0 9.3 8.0 2.5 2.5 2 0 1 0 0
-6368.1 4034.3 -102.0 25 0 16.9 11.5 5.0 2.5 2 0 2 4 4
-6294.2 4092.0 -105.6 321 0 14.5 13.3 5.0 0.0 0 0 2 1 1
-6392.2 4095.5 -104.3 36 0 16.9 15.9 7.5 2.5 2 0 3 3 3
-6473.8 4069.4 -104.7 294 0 11.2 15.4 10.0 2.5 2 1 4 2 2
-6251.1 4142.8 -107.6 258 0 14.3 10.5 5.0 2.5 2 0 2 2 2
-6229.7 4164.8 -109.0 227 0 11.5 18.1 7.5 2.5 2 1 3 4 4
-6171.6 4231.9 -110.7 83 0 14.2 22.0 10.0 2.5 2 1 4 2 2
-6161.2 4333.1 -115.5 88 0 13.9 18.5 12.5 2.5 4 1 5 3 3
-6531.2 4386.9 -128.2 52 0 14.1 17.4 10.0 2.5 2 1 4 0 0
-6495.0 4490.3 -130.9 173 0 14.7 18.2 10.0 2.5 2 1 4 5 5
-6506.2 4528.5 -128.7 50 0 15.7 16.0 12.5 2.5 2 1 5 4 4
-6476.3 4515.4 -131.9 234 0 13.7 17.3 2.5 2.5 2 1 1 3 3
-6449.3 4558.7 -132.4 64 0 14.1 27.2 10.0 2.5 4 1 4 5 5
-6434.0 4614.5 -132.3 341 0 16.1 15.4 5.0 2.5 2 0 2 1 1
-6482.3 4635.9 -131.4 169 0 19.7 17.5 10.0 2.5 4 0 4 0 0
-6435.5 4705.5 -131.9 115 0 19.4 15.8 10.0 0.0 0 0 4 4 4
-6522.9 4725.0 -127.5 102 0 27.8 20.5 10.0 2.5 2 0 4 2 2
-6489.2 4771.0 -128.7 358 0 15.0 18.7 15.0 0.0 0 1 6 4 4
-6486.8 4814.7 -128.8 359 0 18.0 21.2 15.0 0.0 0 1 6 1 1
-6478.9 4856.9 -130.7 359 0 53.8 36.0 15.0 0.0 0 0 6 2 2
-6349.2 4676.8 -131.3 194 0 12.0 12.3 10.0 2.5 2 1 4 5 5
-6336.2 4652.5 -131.3 98 0 10.0 10.0 7.5 2.5 2 1 3 0 0
-6302.0 4713.2 -130.9 271 0 13.0 17.5 7.5 2.5 2 1 3 5 5
-6298.1 4686.9 -131.0 358 0 12.0 16.7 2.5 2.5 2 1 1 4 4
-6305.2 4583.9 -131.3 249 0 10.7 16.2 5.0 2.5 2 1 2 3 3
-6243.8 4604.5 -130.8 259 0 17.1 11.6 7.5 2.5 2 0 3 1 1
-6232.9 4640.7 -130.5 258 0 10.5 15.2 7.5 2.5 2 1 3 4 4
-6165.4 4596.4 -130.1 81 0 9.6 19.7 5.0 2.5 4 1 2 5 5
-6202.5 4684.9 -129.8 185 0 15.0 14.8 2.5 2.5 2 0 1 3 3
-6195.3 4729.3 -128.1 199 0 14.0 10.8 5.0 2.5 4 0 2 4 4
-6133.7 4707.2 -127.0 24 0 18.4 17.6 15.0 0.0 0 0 6 1 1
-6152.9 4764.9 -126.2 295 0 26.4 18.5 17.5 0.0 0 0 7 4 4
-6161.8 4854.1 -122.0 135 0 17.3 12.4 10.0 2.5 2 0 4 2 2
-6092.0 4383.2 -120.4 112 0 11.0 10.5 7.5 2.5 2 0 3 2 2
-6063.5 4415.9 -123.1 263 0 11.7 13.1 7.5 2.5 2 1 3 3 3
-6023.3 4411.1 -124.7 275 0 18.0 25.4 10.0 2.5 2 1 4 5 5
-5984.2 4349.3 -123.4 66 0 12.7 13.9 5.0 2.5 2 1 2 2 2
-5967.1 4370.2 -124.6 326 0 17.6 14.3 12.5 2.5 2 0 5 0 0
-6030.8 4145.6 -119.5 185 0 15.6 13.7 5.0 2.5 2 0 2 0 0
-5970.2 4184.7 -121.5 182 0 18.1 15.2 10.0 2.5 2 0 4 4 4
-5925.6 4223.7 -122.0 3 0 16.8 26.3 12.5 2.5 2 1 5 5 5
-5969.6 4334.0 -122.6 250 0 12.4 21.5 10.0 2.5 2 1 4 0 0
-6077.3 4477.0 -126.0 278 0 15.7 14.4 10.0 2.5 4 0 4 0 0
-5978.1 4475.1 -128.5 283 0 18.4 23.6 7.5 2.5 2 1 3 1 1
-5963.3 4414.0 -128.1 112 0 19.1 21.1 10.0 2.5 2 1 4 1 1
-5943.3 4400.8 -127.7 178 0 13.5 18.6 7.5 2.5 2 1 3 0 0
-5869.1 4416.4 -127.5 270 0 23.7 18.1 7.5 0.0 0 0 3 1 1
-5851.7 4352.9 -127.0 90 0 15.6 16.3 10.0 2.5 2 1 4 0 0
-5819.5 4401.0 -127.1 273 0 18.8 24.5 10.0 0.0 0 1 4 3 3
-5784.9 4349.3 -126.6 88 0 14.4 20.9 12.5 2.5 2 1 5 1 1
-5791.7 4426.8 -127.0 268 0 14.7 21.0 7.5 2.5 2 1 3 0 0
-5902.5 4300.5 -124.6 167 0 17.3 16.1 10.0 2.5 4 0 4 0 0
-5888.0 4219.8 -125.4 184 0 21.3 33.6 10.0 0.0 0 1 4 4 4
-5903.1 4173.1 -124.8 178 0 15.0 16.9 10.0 2.5 2 1 4 5 5
-5935.5 4136.9 -123.3 0 0 17.8 21.5 10.0 2.5 2 1 4 3 3
-5909.5 4120.8 -124.9 176 0 17.1 18.3 10.0 2.5 2 1 4 5 5
-5907.8 4153.9 -124.9 185 0 17.3 23.1 7.5 2.5 2 1 3 3 3
-5902.8 4079.4 -125.0 128 0 13.0 18.1 5.0 2.5 2 1 2 4 4
-5929.3 4093.3 -124.2 355 0 20.9 19.5 10.0 2.5 2 0 4 4 4
-5840.3 3980.8 -126.5 180 0 18.4 17.0 10.0 2.5 2 0 4 5 5
-5872.6 3950.2 -125.5 359 0 20.7 22.0 12.5 2.5 2 1 5 4 4
-5922.8 3923.9 -123.4 215 0 17.1 26.2 10.0 2.5 2 1 4 2 2
-5877.0 3904.6 -124.0 358 0 12.6 16.4 5.0 2.5 2 1 2 0 0
-5854.0 3899.3 -125.4 182 0 11.0 17.4 2.5 2.5 2 1 1 2 2
-5857.9 3915.7 -125.9 177 0 13.6 15.4 10.0 2.5 2 0 4 1 1
-5854.4 3927.2 -126.3 169 0 9.3 16.9 2.5 2.5 2 0 1 4 4
-5673.4 4130.7 -116.1 90 0 12.9 20.8 7.5 2.5 2 1 3 5 5
-5631.4 4200.3 -112.9 275 0 19.5 17.2 12.5 2.5 2 0 5 0 0
-5506.5 4072.5 -115.4 31 0 21.0 25.8 10.0 2.5 2 1 4 0 0
-5461.5 4098.0 -119.6 214 0 27.9 9.3 7.5 2.5 2 0 3 1 1
-5346.2 3634.5 -115.6 166 0 13.3 26.1 7.5 2.5 4 1 3 5 5
-5492.6 3671.7 -123.4 159 0 12.4 11.1 5.0 2.5 2 0 2 3 3
-5427.2 3644.3 -121.2 86 0 14.1 15.1 7.5 2.5 2 1 3 0 0
-1234.3 3334.7 -114.0 274 0 7.0 13.6 7.5 2.5 4 1 3 3 3
31.2 2545.4 -116.7 7 0 6.0 15.2 2.5 0.0 0 1 1 5 5
-27.0 2536.8 -113.2 101 0 6.3 11.3 2.5 2.5 2 1 1 0 0
33.5 2556.7 -116.6 10 0 12.4 15.4 7.5 2.5 2 1 3 2 2
-41.2 2636.7 -110.1 90 0 11.4 13.0 5.0 2.5 2 1 2 4 4
4.8 2552.0 -115.0 89 0 10.7 15.2 7.5 2.5 2 1 3 5 5
-5472.8 4116.6 -116.5 27 0 19.3 14.7 10.0 2.5 2 0 4 3 3
-5457.8 4136.7 -117.2 22 0 16.8 17.9 12.5 2.5 2 1 5 2 2
-5482.2 4165.0 -114.6 294 0 20.1 20.8 12.5 2.5 2 1 5 5 5
-5368.2 4288.6 -125.1 190 0 16.6 16.3 12.5 2.5 2 0 5 0 0
-5362.0 4349.0 -123.1 16 0 20.4 18.4 10.0 2.5 2 0 4 4 4
-5360.9 4393.4 -122.5 276 0 18.2 17.9 10.0 2.5 2 0 4 2 2
-5487.4 4422.2 -113.3 110 0 18.6 18.7 10.0 2.5 2 1 4 4 4
-5466.6 4416.3 -115.5 107 0 16.1 27.1 7.5 2.5 2 1 3 0 0
-5428.7 4412.2 -117.5 26 0 21.7 17.2 12.5 0.0 0 0 5 5 5
-5433.2 4483.3 -117.0 195 0 22.6 19.7 10.0 0.0 0 0 4 0 0
-5354.5 4455.8 -122.5 109 0 22.2 28.1 15.0 0.0 0 1 6 2 2
-5293.2 4421.2 -127.0 206 0 19.7 15.1 10.0 2.5 2 0 4 0 0
-5685.6 4664.1 -130.0 90 0 20.1 25.6 10.0 2.5 2 0 4 1 1
-5669.6 4725.6 -129.7 277 0 22.5 19.2 10.0 2.5 2 0 4 4 4
-5627.8 4718.8 -125.6 268 0 14.6 10.7 5.0 2.5 2 0 2 0 0
3828.7 6550.9 -120.0 305 0 9.7 18.2 7.5 2.5 2 1 3 0 0
3822.0 6470.7 -122.5 36 0 17.3 13.7 12.5 2.5 2 0 5 5 5
3913.1 6339.5 -113.0 308 0 12.6 12.6 7.5 2.5 2 1 3 1 1
3644.3 6442.9 -124.8 97 0 7.9 9.8 5.0 2.5 2 1 2 4 4
3673.8 6437.4 -123.6 7 0 9.0 11.0 7.5 2.5 2 1 3 3 3
3550.8 6323.5 -118.4 269 0 15.4 16.3 12.5 2.5 2 1 5 1 1
3517.8 6244.1 -122.6 31 0 18.2 14.3 5.0 2.5 2 0 2 1 1
3618.5 6220.4 -118.2 8 0 12.4 12.2 5.0 2.5 2 0 2 4 4
3585.5 5927.0 -130.3 177 0 7.6 10.9 5.0 2.5 2 1 2 5 5
3594.1 5906.8 -129.3 176 0 10.0 10.9 5.0 2.5 4 1 2 1 1
3615.6 5936.0 -130.2 359 0 10.1 13.5 5.0 0.0 0 1 2 4 4
3366.9 6490.3 -130.3 261 0 15.9 15.5 5.0 2.5 4 0 2 5 5
3269.6 6501.0 -130.4 337 0 11.6 15.0 2.5 2.5 4 1 1 1 1
3224.9 6515.2 -129.9 158 0 14.3 18.9 7.5 2.5 2 1 3 4 4
3233.5 6542.9 -129.4 334 0 12.5 21.3 7.5 2.5 2 1 3 5 5
3190.8 6604.8 -127.4 250 0 9.8 12.6 2.5 2.5 2 1 1 4 4
3194.4 6627.3 -126.7 253 0 14.3 14.0 10.0 2.5 2 0 4 3 3
3157.9 6574.6 -128.2 179 0 7.7 10.9 7.5 2.5 2 1 3 5 5
3177.4 6570.9 -128.1 84 0 11.7 8.8 5.0 2.5 2 0 2 0 0
3160.5 6642.0 -125.9 91 0 11.7 15.4 5.0 2.5 2 1 2 5 5
2964.4 6692.9 -124.9 77 0 9.0 17.6 5.0 2.5 2 1 2 4 4
2977.9 6816.4 -122.1 259 0 12.7 10.7 7.5 2.5 2 0 3 2 2
-5111.1 4321.1 -111.8 92 0 15.1 33.0 10.0 2.5 2 1 4 5 5
-5236.5 4257.2 -116.7 105 0 15.3 11.7 5.0 2.5 2 0 2 3 3
-5221.0 4298.9 -119.1 297 0 15.0 11.7 5.0 2.5 2 0 2 5 5
-5369.5 4060.8 -114.9 140 0 13.4 26.2 10.0 2.5 2 1 4 5 5
-5310.6 4021.6 -108.8 147 0 10.7 17.0 10.0 2.5 2 1 4 3 3
-5285.4 3908.2 -108.5 269 0 13.2 15.5 2.5 2.5 2 1 1 0 0
-5281.5 3880.5 -108.7 0 0 10.8 9.3 5.0 2.5 4 0 2 1 1
-5315.8 3892.2 -107.8 184 0 12.5 16.5 5.0 2.5 2 1 2 1 1
-5263.2 3832.9 -110.5 236 0 10.1 20.6 2.5 2.5 2 1 1 4 4
-5281.9 3733.4 -112.0 262 0 9.8 10.1 2.5 2.5 2 1 1 3 3
-5110.2 3873.2 -114.7 206 0 14.5 16.2 5.0 0.0 0 1 2 4 4
-4928.6 3905.4 -114.9 90 0 17.5 23.9 10.0 2.5 2 1 4 2 2
-4905.1 3950.2 -117.7 6 0 16.2 15.8 10.0 2.5 2 0 4 5 5
-4782.4 3984.7 -111.3 8 0 11.1 8.5 7.5 2.5 4 0 3 1 1
-4784.8 3969.9 -110.5 294 0 9.9 18.1 7.5 0.0 0 1 3 4 4
-3903.3 3838.9 -137.3 122 0 9.5 11.0 7.5 2.5 2 1 3 4 4
-3927.7 3763.8 -137.2 90 0 15.0 13.3 2.5 2.5 2 0 1 3 3
-3855.6 3701.3 -126.4 291 0 12.8 15.5 7.5 2.5 4 1 3 2 2
-3686.5 3575.7 -113.8 340 0 7.7 11.0 2.5 2.5 2 1 1 2 2
-3625.5 3412.5 -110.4 326 0 12.7 18.0 5.0 2.5 4 1 2 4 4
-3649.6 3430.3 -110.3 347 0 17.1 10.3 5.0 2.5 2 0 2 2 2
-3682.1 3319.9 -119.4 119 0 8.8 12.6 2.5 2.5 2 1 1 2 2
-3583.0 3322.4 -112.1 343 0 9.7 15.3 2.5 2.5 4 1 1 3 3
-3581.4 3299.4 -113.2 330 0 10.0 11.8 5.0 2.5 2 1 2 5 5
-3578.7 3279.7 -114.3 353 0 13.8 10.4 5.0 2.5 2 0 2 3 3
-3615.1 3146.5 -117.8 83 0 12.2 12.4 2.5 0.0 0 1 1 5 5
-3590.6 3131.5 -115.3 265 0 11.2 13.3 5.0 2.5 2 1 2 2 2
-3571.9 3078.1 -112.7 23 0 14.9 14.3 5.0 2.5 2 0 2 4 4
-3710.0 3103.7 -120.2 268 0 13.4 14.6 5.0 2.5 2 1 2 1 1
-3737.3 3151.1 -123.8 260 0 19.6 11.4 7.5 0.0 0 0 3 4 4
-3769.7 3115.6 -124.4 87 0 13.5 13.2 5.0 2.5 2 0 2 4 4
-3849.0 3125.3 -128.3 178 0 21.3 16.5 7.5 2.5 2 0 3 1 1
-3859.4 3026.8 -124.2 139 0 6.9 8.0 7.5 2.5 2 1 3 3 3
-3690.4 2934.1 -111.7 298 0 10.3 12.8 7.5 2.5 2 1 3 4 4
-3768.0 2964.5 -117.2 292 0 18.8 19.0 7.5 2.5 2 1 3 5 5
-3756.8 2995.3 -118.0 114 0 10.1 11.1 10.0 2.5 2 0 4 2 2
-3746.8 2990.4 -117.2 118 0 11.4 10.7 5.0 2.5 2 0 2 2 2
-3734.7 3004.4 -117.2 113 0 11.0 8.8 5.0 2.5 2 0 2 3 3
-3804.5 3029.0 -122.4 33 0 14.4 15.2 10.0 2.5 2 1 4 3 3
-3857.5 3076.9 -126.2 236 0 8.3 11.2 2.5 2.5 2 1 1 3 3
-3814.7 3190.7 -129.4 274 0 12.6 12.6 5.0 2.5 2 1 2 0 0
-3772.9 2984.1 -118.3 116 0 11.2 12.4 5.0 2.5 2 1 2 5 5
-3858.7 3000.5 -123.9 137 0 34.2 13.3 12.5 2.5 2 0 5 0 0
-3924.7 2916.7 -125.8 261 0 11.5 10.6 2.5 2.5 2 0 1 2 2
-3925.3 2935.6 -126.1 260 0 15.4 12.9 5.0 0.0 0 0 2 4 4
-3904.1 2937.8 -124.4 249 0 12.2 15.3 10.0 2.5 2 1 4 0 0
-3889.1 2939.5 -122.0 262 0 14.2 13.8 5.0 2.5 2 0 2 4 4
-3975.0 2934.8 -123.4 57 0 15.9 12.7 5.0 0.0 0 0 2 1 1
-3966.8 2902.3 -121.3 241 0 10.4 14.0 7.5 2.5 2 1 3 2 2
-3885.2 2893.7 -124.7 359 0 15.2 15.3 7.5 2.5 2 1 3 0 0
-4072.3 2889.0 -124.7 76 0 16.9 17.6 7.5 0.0 0 1 3 2 2
-4166.7 2916.8 -125.3 275 0 13.2 15.7 5.0 2.5 2 1 2 1 1
-4198.0 2925.3 -126.7 300 0 15.1 9.4 7.5 2.5 2 0 3 1 1
-4346.7 3001.1 -121.3 290 0 9.3 12.8 7.5 2.5 2 1 3 2 2
-4391.7 3134.7 -113.5 284 0 8.8 15.1 5.0 2.5 2 1 2 0 0
-4426.1 3099.0 -111.9 108 0 11.9 25.6 17.5 0.0 0 1 7 5 5
-4462.3 3039.7 -112.4 283 0 15.4 18.4 15.0 0.0 0 1 6 2 2
-4492.0 3054.7 -109.3 104 0 22.9 20.4 15.0 0.0 0 0 6 4 4
-4586.3 2851.6 -109.5 47 0 14.8 14.5 10.0 2.5 2 0 4 4 4
-4576.7 2780.1 -113.8 10 0 13.5 16.5 2.5 2.5 2 1 1 4 4
-4779.1 2730.8 -93.1 94 0 17.9 14.6 5.0 2.5 2 0 2 4 4
-4666.7 2708.2 -98.8 22 0 5.9 7.6 2.5 2.5 2 1 1 4 4
-4429.4 2354.8 -27.9 26 0 10.3 11.4 2.5 2.5 2 1 1 1 1
-5593.0 3170.9 -115.1 92 0 15.9 10.2 7.5 0.0 0 0 3 0 0
-5647.4 3294.0 -123.4 17 0 17.7 10.4 5.0 2.5 2 0 2 0 0
-5758.0 3323.3 -121.6 77 0 17.3 18.9 7.5 2.5 2 1 3 3 3
-5898.5 3542.5 -114.5 263 0 10.5 21.5 10.0 2.5 2 1 4 2 2
-5788.5 3774.3 -116.7 309 0 12.6 10.9 2.5 2.5 2 0 1 1 1
-5823.2 3785.8 -117.1 281 0 16.1 13.3 5.0 2.5 2 0 2 1 1
-5836.5 3755.5 -115.3 186 0 16.3 13.7 5.0 0.0 0 0 2 2 2
-5872.0 3872.8 -122.9 3 0 11.7 11.2 7.5 2.5 2 0 3 2 2
-5906.8 3787.8 -117.9 36 0 16.8 17.7 10.0 0.0 0 1 4 4 4
-6122.1 3606.9 -103.3 274 0 15.3 19.1 10.0 2.5 2 1 4 1 1
-6104.9 3609.8 -104.2 102 0 14.1 13.9 5.0 2.5 2 0 2 1 1
-6140.3 3667.3 -101.9 17 0 12.0 12.4 2.5 2.5 2 1 1 2 2
-6213.4 3698.7 -99.2 215 0 19.0 18.3 10.0 2.5 2 0 4 2 2
-6175.9 3760.3 -104.7 150 0 19.5 15.2 10.0 2.5 2 0 4 0 0
-6328.4 3493.4 -77.5 1 0 21.4 15.1 12.5 2.5 2 0 5 4 4
-6318.4 3570.3 -83.8 62 0 12.3 15.5 7.5 2.5 2 1 3 3 3
-6284.0 3596.0 -88.0 61 0 15.7 16.8 12.5 2.5 2 1 5 4 4
-6239.3 3623.3 -92.8 93 0 11.2 13.7 7.5 0.0 0 1 3 1 1
-6218.7 3552.7 -93.6 183 0 12.0 11.7 2.5 2.5 2 0 1 5 5
-6075.8 3531.3 -107.7 103 0 14.5 16.7 5.0 2.5 2 1 2 0 0
-6041.3 3290.8 -113.0 210 0 16.2 10.8 5.0 2.5 2 0 2 5 5
-5703.8 2770.1 -56.2 15 0 23.9 15.7 15.0 0.0 0 0 6 2 2
-5730.1 2730.4 -48.2 98 0 16.7 18.9 10.0 0.0 0 1 4 3 3
-5848.3 2843.1 -72.2 91 0 12.4 11.5 7.5 2.5 2 0 3 1 1
-6492.1 3825.9 -85.8 228 0 16.0 18.9 10.0 2.5 2 1 4 3 3
-6428.0 3856.5 -91.5 359 0 13.4 14.8 7.5 2.5 2 1 3 5 5
-6907.9 4006.5 -114.6 177 0 17.2 19.0 12.5 0.0 0 1 5 5 5
-5853.0 6731.1 -96.8 123 0 13.1 12.8 7.5 2.5 2 0 3 4 4
-5825.3 6717.2 -103.6 113 0 10.8 17.2 7.5 2.5 2 1 3 0 0
-5796.1 6730.6 -104.9 307 0 11.5 7.9 5.0 2.5 4 0 2 4 4
-5694.2 6686.7 -108.9 240 0 14.6 21.1 10.0 2.5 2 1 4 5 5
-5626.4 6340.5 -126.0 134 0 8.9 9.1 7.5 2.5 2 1 3 2 2
-5584.2 6325.9 -128.2 118 0 10.6 12.7 5.0 0.0 0 1 2 0 0
-5648.3 6365.8 -124.6 163 0 11.2 12.1 7.5 2.5 4 1 3 5 5
-5660.5 6490.9 -121.8 163 0 14.7 13.7 7.5 2.5 2 0 3 4 4
-937.5 3941.4 -126.0 65 0 11.3 9.6 5.0 2.5 2 0 2 3 3
-885.0 3900.3 -124.2 65 0 19.8 17.4 12.5 2.5 2 0 5 0 0
-452.1 4013.1 -125.5 168 0 11.2 7.0 7.5 2.5 4 0 3 0 0
-233.7 4050.2 -136.1 111 0 12.8 11.3 5.0 2.5 2 0 2 2 2
-186.3 3949.0 -136.6 45 0 7.4 8.0 5.0 2.5 2 1 2 2 2
500.4 5307.6 -132.5 124 0 8.9 11.9 7.5 2.5 4 1 3 3 3
-1351.0 4353.0 -135.9 263 0 15.3 19.7 12.5 2.5 4 1 5 3 3
-1332.4 4238.6 -125.5 86 0 23.4 19.9 12.5 2.5 2 0 5 0 0
-1358.9 4281.9 -129.9 173 0 25.4 11.6 10.0 2.5 2 0 4 1 1
-1320.7 4288.6 -129.7 352 0 25.1 18.8 10.0 2.5 2 0 4 5 5
-1312.4 4368.8 -138.1 88 0 15.3 28.6 12.5 2.5 2 1 5 5 5
-1409.5 4357.3 -135.1 273 0 14.0 18.1 10.0 2.5 2 1 4 4 4
-1060.8 4590.4 -128.5 88 0 21.0 14.2 10.0 2.5 2 0 4 0 0
-476.7 4591.2 -125.4 94 0 8.0 8.2 7.5 2.5 2 1 3 5 5
-1055.4 4440.7 -131.5 94 0 10.5 11.8 2.5 2.5 2 1 1 5 5
-1148.8 4439.9 -138.3 182 0 10.2 8.8 7.5 2.5 2 0 3 3 3
-1120.6 4403.6 -136.9 86 0 12.6 8.7 5.0 2.5 2 0 2 0 0
-1273.3 4372.0 -136.6 92 0 9.1 12.2 2.5 0.0 0 1 1 2 2
-1364.5 4381.9 -136.9 96 0 16.0 12.8 10.0 2.5 2 0 4 4 4
-1375.9 4420.4 -137.3 177 0 8.0 7.1 5.0 2.5 4 0 2 0 0
-1428.1 4366.7 -134.8 270 0 7.3 10.9 5.0 2.5 2 1 2 2 2
-1341.6 4310.9 -131.4 176 0 8.2 17.4 2.5 0.0 0 1 1 4 4
-1070.9 4957.5 -126.8 168 0 7.4 17.8 7.5 2.5 2 1 3 4 4
-1028.9 5033.6 -131.2 354 0 14.7 7.7 2.5 2.5 2 0 1 1 1
-1439.3 4092.3 -131.6 355 0 14.3 15.6 7.5 2.5 4 1 3 2 2
-970.0 3937.3 -123.7 358 0 23.7 14.1 12.5 2.5 4 0 5 4 4
-480.7 4198.7 -125.2 269 0 8.5 10.8 5.0 2.5 2 1 2 5 5
-386.5 4151.8 -127.3 252 0 6.0 9.0 7.5 0.0 0 1 3 1 1
-118.2 3902.7 -124.2 49 0 9.8 6.0 2.5 2.5 2 0 1 1 1
-65.7 3942.3 -124.7 357 0 7.9 9.7 7.5 2.5 2 1 3 0 0
-5154.4 6662.9 -119.7 268 0 12.7 19.9 10.0 2.5 2 1 4 5 5
-5127.1 6673.6 -118.0 180 0 9.5 9.5 5.0 2.5 2 0 2 5 5
494.5 4059.0 -122.7 355 0 7.2 6.3 7.5 2.5 2 0 3 3 3
500.0 4043.7 -125.1 329 0 6.6 6.7 7.5 2.5 4 1 3 3 3
-1613.1 5033.2 -135.3 87 0 13.8 33.9 10.0 2.5 2 1 4 4 4
2829.2 -3672.7 -92.4 101 0 7.8 8.9 7.5 0.0 0 1 3 4 4
2597.2 -3589.9 -69.3 198 0 7.7 8.3 2.5 2.5 2 1 1 4 4
2641.6 -3874.5 -40.8 292 0 6.4 6.5 7.5 2.5 4 1 3 0 0
-1412.7 1692.1 -121.6 78 0 13.0 9.6 5.0 2.5 2 0 2 1 1
-848.5 2202.3 -113.0 67 0 10.6 17.6 5.0 2.5 2 1 2 3 3
-834.2 2216.8 -113.9 337 0 13.6 10.4 5.0 2.5 2 0 2 2 2
-954.5 2162.9 -110.0 68 0 9.4 13.8 5.0 2.5 2 1 2 3 3
-1237.7 1936.0 -124.7 90 0 16.7 11.1 5.0 2.5 2 0 2 1 1
-1222.4 1952.7 -124.5 0 0 5.2 8.6 7.5 2.5 4 1 3 1 1
-1407.6 1754.7 -121.6 164 0 8.2 11.5 5.0 2.5 2 1 2 2 2
5241.5 6393.4 -137.4 178 0 12.2 10.6 5.0 2.5 2 0 2 0 0
5250.7 6481.6 -139.5 275 0 8.8 10.0 7.5 0.0 0 1 3 3 3
5257.6 6497.3 -139.8 105 0 10.9 9.4 7.5 2.5 2 0 3 4 4
5266.8 6519.0 -139.9 358 0 11.6 5.1 7.5 2.5 2 0 3 5 5
5272.7 6518.8 -139.5 357 0 10.8 4.6 2.5 2.5 2 0 1 0 0
5286.2 6548.3 -141.0 174 0 8.8 7.8 2.5 2.5 2 0 1 4 4
5249.5 6372.7 -136.6 78 0 7.6 7.0 5.0 2.5 2 0 2 3 3
5211.9 6729.7 -139.8 117 0 6.9 10.9 7.5 2.5 2 1 3 2 2
5216.4 6751.9 -135.3 283 0 13.0 4.9 5.0 2.5 2 0 2 0 0
5200.5 6814.6 -131.3 281 0 7.5 9.4 7.5 2.5 2 1 3 3 3
5168.9 6720.0 -137.5 26 0 6.9 9.4 5.0 2.5 2 1 2 4 4
5158.8 6672.7 -137.6 88 0 5.4 6.7 7.5 2.5 2 1 3 3 3
5163.2 6518.3 -144.8 291 0 8.3 5.7 2.5 2.5 2 0 1 5 5
5165.5 6532.2 -144.2 96 0 11.0 8.6 5.0 2.5 2 0 2 1 1
5139.3 6527.5 -143.2 268 0 4.3 10.8 5.0 2.5 2 1 2 1 1
5118.9 6507.5 -143.1 267 0 9.1 9.6 5.0 0.0 0 1 2 3 3
5866.2 -4544.8 91.6 241 0 18.0 9.3 5.0 2.5 2 0 2 4 4
5743.8 -3932.3 -42.2 286 0 10.2 79.4 12.5 0.0 0 1 5 1 1
5739.2 -4040.0 -32.4 130 0 21.1 9.1 7.5 2.5 2 0 3 3 3
-2665.2 3007.5 -136.2 116 0 12.7 14.3 2.5 2.5 2 1 1 3 3
4082.9 4367.9 -132.4 72 0 26.9 13.7 10.0 2.5 2 0 4 5 5
135.2 2382.8 -122.1 285 0 9.7 17.3 5.0 2.5 2 1 2 4 4
-110.1 2550.6 -115.0 101 0 12.2 30.4 7.5 2.5 4 1 3 1 1
0.0 2744.1 -109.8 133 0 14.4 31.4 12.5 0.0 0 1 5 4 4
-23.9 2765.1 -109.0 107 0 19.5 11.2 7.5 2.5 2 0 3 4 4
45.4 2746.2 -109.2 107 0 11.8 14.5 5.0 2.5 2 1 2 5 5
-74.8 2580.8 -112.1 172 0 10.0 11.5 7.5 2.5 2 1 3 4 4
-72.6 2593.8 -112.0 187 0 7.6 8.3 7.5 2.5 2 1 3 1 1
-132.8 2705.8 -116.7 13 0 8.6 11.1 7.5 2.5 2 1 3 1 1
-217.6 2809.5 -125.2 275 0 11.0 13.8 10.0 2.5 2 1 4 0 0
-200.1 2598.3 -121.6 357 0 11.9 12.3 2.5 0.0 0 1 1 2 2
-60.0 2636.2 -111.4 92 0 12.3 9.5 7.5 2.5 2 0 3 3 3
-94.8 2509.0 -113.6 193 0 13.0 15.8 2.5 2.5 2 1 1 2 2
46.2 2352.4 -123.3 35 0 13.0 8.7 5.0 2.5 2 0 2 5 5
164.9 2327.7 -123.0 51 0 28.1 12.1 10.0 2.5 4 0 4 4 4
234.4 2307.2 -120.1 319 0 7.5 12.2 7.5 2.5 2 1 3 0 0
375.5 2251.7 -122.5 171 0 10.5 8.2 2.5 2.5 4 0 1 0 0
