4923.3 -808.6 -74.9 188 0 27.2 34.5 12.5 0.0 0 1 5 5 5
4934.4 -859.8 -73.8 191 0 21.0 19.2 12.5 2.5 2 0 5 3 3
4982.6 -779.3 -76.2 91 0 24.0 25.9 12.5 0.0 0 1 5 4 4
-6237.6 -6814.8 -57.5 51 0 12.8 34.9 14.0 3.5 2 1 4 4 4
-6217.4 -6796.8 -56.1 48 0 15.5 35.2 14.0 3.5 2 1 4 1 1
-6302.0 -6777.8 -60.1 126 0 14.3 27.8 14.0 3.5 2 1 4 1 1
4660.0 -1200.3 -74.4 280 0 30.6 22.3 10.0 0.0 0 0 4 3 3
3421.0 -2397.9 -84.9 255 0 37.9 38.0 12.5 0.0 0 1 5 2 2
2813.3 -2928.6 -76.0 41 0 13.1 24.9 10.0 2.5 2 1 4 5 5
-2351.6 -1558.0 -78.5 268 0 15.0 15.7 2.5 2.5 2 1 1 1 1
-306.5 -5316.2 -95.6 5 0 24.4 21.4 12.5 2.5 2 0 5 1 1
-2460.3 -6341.7 -79.1 179 0 30.5 17.8 12.5 0.0 0 0 5 3 3
-2796.6 -6291.4 -57.9 194 0 13.1 33.1 10.0 2.5 2 1 4 5 5
-4128.5 -3832.8 -75.1 305 0 11.6 9.7 7.5 2.5 2 0 3 1 1
-4284.4 -3851.0 -64.3 270 0 9.5 9.5 7.5 0.0 0 1 3 2 2
-4234.6 -3919.2 -76.7 273 0 11.9 8.4 5.0 2.5 2 0 2 1 1
-4177.4 -3910.1 -79.3 272 0 8.8 13.8 5.0 2.5 2 1 2 2 2
-4041.7 -3939.4 -86.8 0 0 7.1 11.7 7.5 2.5 2 1 3 0 0
-4049.5 -3924.2 -85.9 0 0 9.3 9.5 2.5 0.0 0 1 1 0 0
-4080.0 -3745.6 -63.1 95 0 12.3 9.4 5.0 0.0 0 0 2 1 1
-4052.4 -3390.5 -43.2 187 0 11.4 8.3 7.5 2.5 2 0 3 4 4
-4436.6 -3176.3 -75.1 272 0 11.9 9.2 7.5 2.5 2 0 3 3 3
-4496.5 -3067.4 -86.6 278 0 9.1 8.4 7.5 2.5 2 0 3 3 3
-4458.5 -3194.2 -76.4 74 0 9.5 10.4 2.5 2.5 2 1 1 1 1
-4492.5 -3211.6 -77.7 95 0 8.9 6.9 7.5 2.5 2 0 3 5 5
-4350.8 -3117.6 -70.4 337 0 9.5 10.3 7.5 2.5 2 1 3 4 4
-4381.5 -3181.8 -70.9 92 0 10.8 8.8 7.5 2.5 2 0 3 3 3
-4362.2 -3188.2 -68.9 104 0 8.9 10.6 7.5 2.5 2 1 3 1 1
-4475.8 -2976.6 -87.7 256 0 9.2 9.2 2.5 2.5 2 0 1 1 1
-5099.1 -911.0 -61.5 99 0 12.5 6.0 7.5 2.5 2 0 3 3 3
-6477.7 -2435.1 -62.0 219 0 10.1 8.9 7.5 2.5 2 0 3 4 4
-6412.7 -2442.9 -66.6 277 0 10.3 25.4 7.5 2.5 2 1 3 5 5
6749.7 1698.2 -59.6 107 0 18.3 24.4 10.0 2.5 2 1 4 0 0
-4879.3 95.5 -88.9 273 0 23.1 19.8 12.5 2.5 2 0 5 4 4
-4836.4 46.9 -90.1 18 0 11.6 10.9 5.0 2.5 2 0 2 2 2
-4836.0 -18.4 -89.6 320 0 14.1 18.4 10.0 2.5 2 1 4 1 1
-4744.5 -17.9 -90.6 299 0 15.9 12.0 5.0 0.0 0 0 2 1 1
-6858.8 4989.4 -62.7 94 0 10.9 10.9 5.0 0.0 0 0 2 3 3
-6847.7 4984.2 -62.3 98 0 8.1 12.6 2.5 2.5 2 0 1 5 5
-6848.6 4977.9 -62.5 98 0 7.9 6.3 7.5 2.5 2 0 3 0 0
-6860.3 5043.2 -61.3 174 0 15.0 10.5 2.5 0.0 0 0 1 0 0
-6843.4 5052.2 -60.7 263 0 9.3 12.5 5.0 2.5 2 1 2 5 5
-6838.3 4981.1 -61.9 99 0 6.5 12.2 2.5 2.5 2 1 1 0 0
-6842.6 5017.8 -61.3 90 0 9.8 11.9 5.0 2.5 2 1 2 5 5
-6881.3 5011.3 -62.8 90 0 6.2 8.6 7.5 2.5 4 1 3 5 5
-6904.7 5011.3 -63.5 191 0 7.7 6.9 2.5 2.5 4 0 1 3 3
-6866.4 5078.8 -61.2 268 0 14.9 18.9 7.5 2.5 2 1 3 4 4
-6888.2 5132.5 -59.9 178 0 9.2 6.0 7.5 2.5 2 0 3 3 3
-6783.2 5091.8 -57.6 182 0 9.5 16.8 7.5 0.0 0 1 3 3 3
-6821.7 5119.6 -57.9 181 0 9.1 8.9 2.5 2.5 2 0 1 0 0
-6888.9 5201.7 -59.0 270 0 8.5 12.8 7.5 2.5 2 1 3 3 3
-4716.2 -14.4 -90.4 269 0 14.4 9.8 5.0 0.0 0 0 2 2 2
-4690.2 -47.8 -88.5 3 0 12.7 16.2 5.0 0.0 0 1 2 5 5
-4760.4 -110.1 -84.3 53 0 11.3 9.0 2.5 2.5 2 0 1 4 4
-4827.0 -124.0 -83.9 28 0 16.6 14.3 7.5 2.5 2 0 3 0 0
-4836.6 -166.6 -81.5 13 0 13.6 22.9 12.5 2.5 2 0 5 5 5
-4630.6 -75.3 -77.6 236 0 13.7 13.2 7.5 2.5 4 0 3 4 4
-4720.4 -130.2 -80.3 237 0 13.7 13.2 5.0 2.5 4 0 2 5 5
-4899.9 -92.0 -85.6 8 0 9.2 12.3 2.5 2.5 2 1 1 4 4
-4899.8 -122.6 -84.2 14 0 10.9 16.8 7.5 2.5 2 1 3 5 5
-4967.4 -88.4 -82.4 185 0 17.1 13.6 5.0 2.5 4 0 2 0 0
-4971.3 25.4 -83.2 323 0 17.1 16.1 12.5 2.5 2 0 5 3 3
-5024.9 88.5 -81.1 277 0 12.3 21.1 7.5 2.5 2 1 3 3 3
-5052.4 -6.6 -78.2 168 0 10.2 7.4 7.5 2.5 2 0 3 5 5
-5077.9 -29.0 -76.5 194 0 17.5 10.3 5.0 0.0 0 0 2 0 0
-5059.7 -54.7 -77.1 186 0 10.0 12.8 7.5 2.5 2 1 3 2 2
-5020.9 -73.4 -79.9 191 0 12.7 23.0 7.5 2.5 2 1 3 3 3
-6740.5 4964.2 -60.1 94 0 5.5 9.8 5.0 0.0 0 1 2 5 5
-6730.0 4973.7 -60.4 92 0 8.6 7.9 7.5 2.5 2 0 3 0 0
-6709.4 4988.9 -61.0 90 0 11.5 8.1 7.5 2.5 2 0 3 2 2
-6721.8 4965.6 -60.6 94 0 4.8 12.1 5.0 2.5 2 1 2 3 3
-6666.4 4954.3 -61.4 84 0 15.3 29.6 10.0 2.5 2 1 4 5 5
-6748.4 5002.4 -59.4 88 0 9.3 19.8 7.5 2.5 2 1 3 4 4
-4937.4 -210.0 -77.5 9 0 12.4 15.4 2.5 2.5 2 1 1 5 5
-4955.7 -205.6 -77.1 10 0 10.0 5.5 7.5 2.5 2 0 3 5 5
-5001.3 -210.8 -75.8 124 0 10.2 12.0 5.0 0.0 0 1 2 3 3
-5021.8 -203.0 -75.4 184 0 12.5 9.9 7.5 2.5 2 0 3 3 3
-4939.3 -350.8 -71.9 107 0 19.0 17.3 12.5 2.5 2 0 5 0 0
-4931.2 -321.5 -72.9 13 0 19.2 22.1 12.5 2.5 2 1 5 0 0
-4887.0 -270.9 -75.8 16 0 17.7 21.0 10.0 2.5 2 1 4 1 1
-4900.2 -323.4 -73.8 16 0 16.9 19.6 12.5 2.5 2 1 5 2 2
-4895.8 -304.3 -74.5 13 0 17.3 8.6 5.0 2.5 4 0 2 4 4
-4884.3 -210.4 -79.4 10 0 18.2 13.0 2.5 2.5 2 0 1 0 0
-4841.8 -190.4 -80.4 60 0 11.4 16.9 7.5 2.5 2 0 3 5 5
-4799.6 -159.7 -81.9 54 0 13.8 10.3 5.0 0.0 0 0 2 1 1
-6667.2 5006.7 -62.2 344 0 16.8 8.2 7.5 2.5 2 0 3 2 2
-6681.2 5051.9 -61.1 341 0 12.9 10.7 5.0 0.0 0 0 2 3 3
-6714.9 5100.0 -59.1 359 0 9.7 10.2 2.5 2.5 4 1 1 5 5
-6731.2 5137.0 -58.0 352 0 10.3 10.6 5.0 2.5 2 1 2 2 2
-6783.9 5157.4 -56.0 176 0 8.1 6.4 5.0 2.5 2 0 2 1 1
-6789.7 5212.3 -55.2 176 0 11.0 10.4 2.5 2.5 2 0 1 1 1
-6684.2 5188.3 -59.0 87 0 6.4 6.1 5.0 2.5 2 0 2 3 3
-6658.3 5196.5 -59.9 83 0 12.2 13.4 5.0 2.5 2 1 2 1 1
-5072.9 -158.4 -74.2 178 0 8.7 11.4 5.0 2.5 2 1 2 2 2
-5062.0 -203.9 -74.2 182 0 10.9 15.1 5.0 2.5 2 1 2 0 0
-5046.2 -218.6 -73.4 201 0 11.6 12.8 10.0 2.5 2 1 4 2 2
-5056.8 -244.3 -71.8 179 0 9.6 16.9 5.0 2.5 2 1 2 5 5
-5022.9 -158.2 -77.4 201 0 13.0 11.8 10.0 2.5 2 0 4 5 5
-5072.7 -81.2 -75.8 186 0 12.5 13.3 5.0 2.5 2 1 2 0 0
-5078.9 -111.0 -75.0 207 0 14.9 15.5 2.5 0.0 0 1 1 3 3
-5041.6 -307.2 -69.7 103 0 12.0 14.3 7.5 2.5 2 1 3 5 5
-6561.4 5174.2 -64.5 91 0 12.2 10.0 5.0 2.5 2 0 2 3 3
-6366.0 5054.3 -71.3 86 0 9.6 13.2 7.5 2.5 2 1 3 1 1
-6295.4 4976.7 -68.7 274 0 18.6 26.0 10.0 2.5 4 1 4 2 2
-6279.9 5038.5 -65.1 96 0 10.8 11.2 7.5 2.5 2 1 3 2 2
-6237.2 5057.4 -62.3 4 0 10.6 10.9 5.0 2.5 2 1 2 2 2
-6306.2 5111.6 -66.9 183 0 20.1 10.0 2.5 2.5 2 0 1 5 5
-5004.3 -359.1 -68.0 181 0 8.7 7.5 7.5 2.5 2 0 3 3 3
-5058.0 -408.0 -62.8 5 0 9.8 7.7 7.5 2.5 2 0 3 2 2
-4917.2 -367.3 -71.2 15 0 11.3 8.6 7.5 2.5 2 0 3 3 3
-4907.6 -396.8 -71.3 18 0 15.1 18.7 12.5 0.0 0 1 5 5 5
-4924.9 -427.4 -70.1 13 0 12.7 9.4 5.0 2.5 2 0 2 2 2
-5059.5 -502.0 -64.1 205 0 13.0 14.9 10.0 2.5 4 1 4 4 4
-5013.3 -632.6 -73.1 68 0 14.2 27.3 10.0 0.0 0 1 4 2 2
-5038.0 -613.7 -70.4 30 0 13.3 12.4 5.0 2.5 2 0 2 4 4
-3780.6 1552.3 -81.8 295 0 13.0 13.9 10.0 2.5 2 1 4 0 0
-3719.6 1643.6 -83.1 103 0 13.8 9.1 7.5 2.5 2 0 3 1 1
-3691.8 1585.9 -85.6 203 0 10.1 13.5 2.5 2.5 2 1 1 1 1
-3686.3 1611.0 -85.4 198 0 11.9 11.9 2.5 2.5 2 1 1 4 4
-3659.8 1680.7 -84.9 189 0 11.2 11.8 10.0 0.0 0 1 4 2 2
-3661.8 1698.4 -85.3 183 0 17.7 13.6 2.5 2.5 2 0 1 0 0
-3650.6 1726.2 -85.9 190 0 15.3 20.3 7.5 2.5 2 1 3 1 1
-3593.2 1690.4 -85.4 105 0 13.3 12.8 5.0 2.5 2 0 2 2 2
-3617.5 1579.1 -86.1 276 0 12.7 35.5 12.5 2.5 2 1 5 4 4
-3565.2 1720.6 -86.3 2 0 7.6 14.7 2.5 2.5 2 1 1 2 2
-3556.8 1697.4 -85.1 281 0 12.0 22.6 7.5 2.5 2 1 3 5 5
-3580.5 1659.9 -84.4 100 0 13.4 18.9 7.5 2.5 2 1 3 2 2
-3501.1 1639.8 -82.9 358 0 11.0 11.1 7.5 2.5 4 1 3 2 2
-3576.8 1634.4 -83.5 106 0 10.5 14.0 2.5 2.5 4 1 1 5 5
-3571.0 1924.1 -87.0 83 0 15.7 16.5 12.5 2.5 2 1 5 1 1
-3604.6 1935.6 -86.1 84 0 9.5 11.8 5.0 2.5 2 1 2 4 4
-3488.2 2049.6 -87.1 6 0 5.4 12.9 5.0 0.0 0 1 2 5 5
-3662.9 1859.8 -85.6 172 0 14.9 9.5 7.5 2.5 4 0 3 2 2
-3671.1 1942.7 -84.6 175 0 9.2 6.9 7.5 0.0 0 0 3 3 3
-3695.9 2010.1 -83.0 153 0 13.2 28.6 7.5 2.5 2 1 3 5 5
-3675.9 2071.3 -81.5 179 0 9.2 10.8 5.0 2.5 2 1 2 3 3
-3412.1 1504.2 -83.4 79 0 3.2 9.8 5.0 2.5 2 1 2 5 5
-3838.9 1570.5 -75.9 279 0 6.6 11.4 5.0 2.5 4 1 2 2 2
-3900.5 1607.9 -70.3 286 0 9.7 15.1 5.0 2.5 2 1 2 1 1
-3887.6 1674.3 -72.5 13 0 17.6 14.3 12.5 2.5 4 0 5 5 5
-3861.6 1771.1 -76.6 97 0 12.2 15.5 7.5 2.5 2 1 3 5 5
-3752.3 1920.2 -83.5 182 0 12.2 28.6 15.0 0.0 0 1 6 1 1
-3749.8 1932.3 -82.5 88 0 11.1 24.1 10.0 2.5 2 1 4 1 1
-3730.8 1947.9 -82.9 86 0 24.7 9.4 5.0 2.5 2 0 2 4 4
-3734.6 1986.8 -82.4 265 0 11.0 28.6 10.0 2.5 2 1 4 2 2
-3735.5 2008.6 -81.4 76 0 11.2 7.8 5.0 2.5 2 0 2 3 3
-3779.6 1987.9 -80.5 272 0 7.8 19.0 7.5 2.5 2 1 3 2 2
-3778.2 1947.3 -81.2 357 0 15.0 15.8 7.5 2.5 2 1 3 5 5
-3538.3 2086.6 -84.9 256 0 7.8 8.5 7.5 2.5 2 1 3 1 1
-3712.4 2147.4 -79.0 181 0 18.0 11.1 10.0 2.5 2 0 4 0 0
-3762.1 2183.1 -79.4 351 0 9.4 9.5 5.0 0.0 0 1 2 1 1
-4068.4 2125.4 -65.3 77 0 12.2 24.8 10.0 2.5 2 1 4 4 4
-4024.9 2220.3 -63.9 187 0 19.3 12.8 2.5 2.5 2 0 1 2 2
-3982.5 2213.4 -66.0 281 0 8.7 25.6 7.5 2.5 2 1 3 1 1
-3987.2 2248.2 -63.8 353 0 21.8 8.2 2.5 2.5 2 0 1 4 4
-3978.8 2139.0 -68.5 284 0 7.8 8.7 5.0 2.5 2 1 2 0 0
-4020.8 2163.8 -65.7 8 0 11.8 40.5 12.5 2.5 2 1 5 2 2
-4056.9 2185.8 -64.9 185 0 10.7 36.5 15.0 0.0 0 1 6 2 2
-3995.9 1701.4 -69.5 226 0 7.9 17.2 7.5 2.5 2 1 3 5 5
-4001.5 1765.6 -71.5 89 0 8.0 14.1 2.5 2.5 2 1 1 4 4
-3982.7 1761.5 -71.9 87 0 9.8 10.6 5.0 2.5 2 1 2 5 5
-3966.3 1786.8 -73.1 55 0 7.1 11.6 5.0 2.5 2 1 2 4 4
-3697.5 1702.1 -83.2 4 0 8.8 8.6 7.5 0.0 0 0 3 3 3
-3870.2 2143.8 -72.9 259 0 13.9 10.9 5.0 2.5 2 0 2 3 3
-3726.3 2258.0 -76.1 179 0 14.6 15.0 7.5 2.5 2 1 3 4 4
-3720.1 2271.1 -75.1 178 0 6.8 6.3 7.5 2.5 2 0 3 1 1
-3727.0 2324.7 -75.4 333 0 7.1 10.9 2.5 2.5 2 1 1 2 2
-3733.0 2428.9 -80.0 262 0 8.4 27.3 7.5 0.0 0 1 3 5 5
-3812.5 2478.6 -80.5 264 0 15.2 16.5 10.0 2.5 2 1 4 1 1
-3763.0 2458.4 -81.0 177 0 8.9 8.2 7.5 2.5 2 0 3 4 4
-3742.6 2536.4 -85.1 198 0 9.9 23.7 7.5 2.5 2 1 3 4 4
849.0 6828.3 -76.8 96 0 8.5 9.9 5.0 2.5 2 1 2 2 2
950.9 6808.4 -76.3 272 0 8.9 7.6 7.5 2.5 2 0 3 4 4
1109.4 6582.3 -63.3 268 0 5.6 14.2 2.5 2.5 2 1 1 2 2
1240.7 6597.0 -62.0 336 0 6.3 7.4 2.5 2.5 2 1 1 3 3
1267.5 6566.5 -58.9 324 0 13.8 12.3 5.0 2.5 2 0 2 3 3
1269.1 6553.1 -57.3 268 0 8.0 6.9 7.5 2.5 2 0 3 5 5
1260.9 6621.5 -62.9 171 0 15.5 10.6 5.0 2.5 2 0 2 1 1
1386.2 6465.7 -53.5 270 0 11.8 11.8 2.5 2.5 2 0 1 4 4
1375.0 6428.4 -52.6 89 0 8.6 6.6 2.5 2.5 4 0 1 3 3
1482.5 6474.7 -58.4 277 0 9.7 15.0 7.5 2.5 2 1 3 1 1
1480.9 6419.7 -56.8 94 0 8.9 13.5 7.5 0.0 0 1 3 3 3
1479.4 6404.3 -56.0 98 0 5.3 13.0 5.0 2.5 2 1 2 3 3
1515.8 6402.0 -57.8 23 0 12.5 13.0 7.5 2.5 2 1 3 0 0
1699.7 6482.1 -72.0 259 0 8.6 8.0 2.5 2.5 2 0 1 5 5
1695.3 6556.6 -67.7 174 0 7.2 8.9 2.5 2.5 2 1 1 0 0
1648.4 6506.8 -69.6 266 0 10.3 9.2 7.5 2.5 2 0 3 2 2
-4001.4 1534.8 -67.2 94 0 8.7 13.3 5.0 2.5 2 1 2 1 1
-4186.0 1524.3 -70.7 336 0 10.6 10.4 7.5 2.5 2 0 3 2 2
-4216.1 1540.7 -70.0 349 0 10.3 15.8 7.5 2.5 2 1 3 1 1
-4385.0 1524.3 -65.6 89 0 10.7 12.9 5.0 2.5 2 1 2 1 1
-3574.1 2345.6 -69.7 282 0 6.2 14.6 7.5 2.5 2 1 3 1 1
-3554.2 2281.3 -67.1 108 0 15.6 13.4 5.0 2.5 2 0 2 2 2
-3539.4 2352.3 -68.8 251 0 6.7 9.2 2.5 2.5 4 1 1 4 4
-3477.0 2511.8 -82.2 181 0 12.8 18.0 7.5 2.5 2 1 3 5 5
-3462.2 2407.7 -73.5 93 0 15.4 16.8 10.0 0.0 0 1 4 0 0
-3419.3 2456.7 -77.5 95 0 16.8 13.6 12.5 2.5 2 0 5 5 5
-3367.9 2378.6 -71.4 180 0 12.6 13.4 5.0 2.5 4 1 2 1 1
-3318.4 2558.5 -84.1 259 0 10.0 33.7 7.5 2.5 2 1 3 2 2
-3310.9 2419.3 -77.1 275 0 13.7 10.2 5.0 2.5 2 0 2 3 3
-3293.4 2507.3 -83.3 8 0 11.2 9.8 5.0 2.5 2 0 2 3 3
-3513.5 2712.6 -90.1 24 0 10.8 37.6 10.0 2.5 2 1 4 4 4
-4611.7 1506.2 -67.3 90 0 15.5 15.4 7.5 2.5 4 0 3 5 5
-4600.1 1641.4 -67.6 264 0 10.6 10.5 5.0 2.5 2 0 2 0 0
-4568.1 1564.1 -64.4 7 0 14.5 21.0 7.5 2.5 2 1 3 5 5
-4585.7 1518.5 -63.2 90 0 5.1 11.6 5.0 2.5 2 1 2 4 4
-4029.7 2972.2 -72.8 90 0 12.2 14.8 5.0 2.5 2 1 2 1 1
-4001.5 3000.2 -71.4 1 0 15.0 15.9 5.0 2.5 2 1 2 5 5
-4042.7 3076.4 -70.6 259 0 10.1 13.9 5.0 2.5 4 1 2 1 1
-4452.7 2855.2 -55.4 84 0 15.9 11.6 2.5 2.5 2 0 1 2 2
-4529.5 2860.5 -52.4 92 0 11.4 12.3 7.5 2.5 2 1 3 5 5
-4565.1 2865.4 -51.0 87 0 13.4 12.2 5.0 2.5 2 0 2 0 0
-4392.4 2787.5 -58.1 79 0 15.8 13.9 5.0 2.5 2 0 2 3 3
-4336.3 2918.6 -63.3 82 0 14.3 11.4 5.0 2.5 2 0 2 5 5
-4305.8 2962.5 -66.3 170 0 8.4 14.6 5.0 2.5 2 0 2 0 0
-3659.5 2728.9 -89.6 22 0 20.3 19.7 12.5 2.5 2 0 5 2 2
-3580.0 2695.5 -91.5 103 0 12.4 17.5 7.5 2.5 2 1 3 4 4
-3575.0 2717.8 -91.3 103 0 11.9 18.8 7.5 2.5 2 1 3 0 0
-3852.1 2502.6 -81.4 95 0 9.7 12.3 5.0 2.5 2 1 2 2 2
-3843.0 2537.6 -82.6 269 0 8.7 12.8 2.5 2.5 4 1 1 4 4
-3853.3 2567.2 -84.4 351 0 15.6 11.2 5.0 2.5 2 0 2 4 4
-3892.0 2464.8 -78.0 254 0 12.0 10.6 7.5 0.0 0 0 3 5 5
-3893.7 2490.6 -80.2 91 0 7.0 17.0 5.0 2.5 2 1 2 4 4
-3758.5 2703.8 -84.2 151 0 9.9 20.1 2.5 2.5 2 1 1 0 0
-3787.4 2765.0 -80.0 272 0 15.2 13.7 7.5 2.5 2 0 3 0 0
-3579.6 2762.0 -91.2 201 0 13.4 11.3 5.0 2.5 2 0 2 3 3
-3529.0 2802.6 -91.3 95 0 19.2 16.2 7.5 2.5 2 0 3 4 4
-3376.8 2734.8 -90.1 89 0 14.0 16.3 5.0 2.5 2 1 2 4 4
-3463.2 2910.0 -89.4 189 0 10.1 20.0 7.5 2.5 4 1 3 1 1
-3421.6 3013.1 -92.8 186 0 32.0 12.1 12.5 2.5 2 0 5 1 1
-3483.0 2980.2 -90.3 182 0 11.8 10.0 5.0 2.5 2 0 2 2 2
-3466.3 2999.2 -90.9 6 0 14.8 8.4 7.5 2.5 2 0 3 5 5
-3499.2 3041.4 -91.2 181 0 16.8 8.1 7.5 2.5 2 0 3 1 1
-3487.1 3020.7 -91.0 185 0 14.0 9.2 7.5 2.5 2 0 3 5 5
-3462.9 3073.8 -92.6 260 0 9.3 15.9 5.0 2.5 2 1 2 5 5
-3595.7 3173.0 -89.0 186 0 12.6 20.2 10.0 2.5 2 1 4 1 1
-3589.6 2815.4 -91.1 7 0 18.6 14.1 5.0 2.5 2 0 2 1 1
-3657.3 2909.9 -84.6 265 0 19.0 18.3 12.5 2.5 2 0 5 5 5
-3615.6 2971.2 -85.7 349 0 14.0 18.4 12.5 2.5 2 1 5 5 5
-3652.2 2995.6 -84.2 179 0 27.7 13.5 7.5 2.5 2 0 3 3 3
-3628.5 3109.9 -85.7 90 0 9.0 12.9 5.0 2.5 2 1 2 1 1
-3619.4 3154.4 -86.6 1 0 5.8 9.7 5.0 2.5 2 1 2 0 0
-3635.2 3255.5 -84.9 353 0 13.4 12.2 5.0 2.5 2 0 2 4 4
-3658.5 3268.0 -84.0 89 0 15.0 22.5 12.5 2.5 2 1 5 2 2
-3658.7 3336.1 -83.5 272 0 6.6 11.4 7.5 2.5 2 1 3 4 4
-3620.0 3351.9 -86.5 181 0 10.5 10.4 2.5 2.5 2 0 1 2 2
-3571.8 3353.0 -88.6 0 0 12.6 30.2 12.5 2.5 2 1 5 0 0
-3569.5 3268.2 -89.4 202 0 15.5 10.9 2.5 2.5 2 0 1 5 5
-3543.7 3280.6 -90.6 205 0 11.2 15.7 7.5 2.5 2 1 3 1 1
-3547.0 3317.8 -90.0 188 0 19.8 9.6 7.5 2.5 2 0 3 5 5
-3557.3 3378.0 -89.8 176 0 24.0 8.6 7.5 2.5 2 0 3 0 0
-3564.3 3404.4 -90.5 175 0 9.3 25.0 5.0 2.5 2 1 2 1 1
-3746.0 3303.2 -79.8 87 0 11.9 33.4 10.0 2.5 2 1 4 4 4
-3719.6 3335.9 -80.7 186 0 7.9 7.1 7.5 2.5 2 0 3 2 2
-3716.3 3299.6 -80.3 99 0 17.1 20.3 7.5 2.5 2 1 3 0 0
-3723.1 2877.2 -80.1 279 0 11.1 12.7 7.5 2.5 2 1 3 1 1
-3765.4 3098.4 -76.5 79 0 15.2 11.7 7.5 2.5 2 0 3 1 1
-3801.4 3149.6 -74.4 271 0 13.5 11.7 5.0 2.5 2 0 2 1 1
-3829.6 3090.5 -72.8 82 0 21.3 19.5 10.0 2.5 2 0 4 4 4
-3855.0 3089.9 -71.0 90 0 16.3 18.6 10.0 2.5 2 1 4 4 4
-3861.8 3186.9 -71.2 282 0 21.0 17.0 12.5 0.0 0 0 5 3 3
-2362.7 -6752.7 -98.7 270 0 6.3 6.9 5.0 2.5 2 1 2 3 3
-2405.9 -6802.8 -97.9 70 0 7.5 8.7 7.5 2.5 2 0 3 0 0
-2422.7 -6823.6 -97.9 79 0 17.8 13.7 7.5 2.5 2 0 3 4 4
-2419.2 -6770.4 -97.4 254 0 10.8 19.2 5.0 2.5 2 1 2 0 0
-6673.6 5617.5 -56.6 82 0 10.0 16.9 7.5 2.5 2 1 3 2 2
2560.7 -3292.5 -78.2 28 0 17.7 17.2 10.0 2.5 2 0 4 5 5
2562.3 -3213.9 -77.4 274 0 11.7 12.6 5.0 2.5 2 1 2 0 0
2592.8 -3212.0 -78.7 272 0 14.4 10.4 7.5 2.5 2 0 3 1 1
2637.3 -3222.1 -78.1 33 0 12.2 14.2 5.0 2.5 2 1 2 3 3
2540.6 -3098.1 -75.3 106 0 9.5 13.3 7.5 2.5 2 1 3 0 0
2694.6 -3183.0 -76.9 209 0 12.5 12.5 5.0 2.5 2 1 2 3 3
2708.0 -3165.7 -76.6 185 0 10.7 11.0 5.0 2.5 2 1 2 0 0
2733.9 -3238.1 -80.7 197 0 13.0 11.9 5.0 2.5 4 0 2 3 3
2717.3 -3181.7 -76.7 193 0 13.5 12.8 10.0 2.5 2 0 4 1 1
2718.8 -3137.1 -77.6 200 0 11.5 10.1 7.5 2.5 2 0 3 0 0
2798.1 -3122.6 -81.6 282 0 10.2 12.6 7.5 2.5 2 1 3 4 4
2839.5 -3142.6 -85.8 272 0 8.7 11.4 5.0 2.5 2 1 2 4 4
3064.4 -3027.9 -84.4 276 0 9.7 12.0 5.0 2.5 2 1 2 1 1
2814.7 -3263.5 -83.2 85 0 22.2 14.1 10.0 2.5 2 0 4 4 4
2854.0 -3244.2 -85.3 3 0 10.3 15.4 5.0 2.5 2 1 2 3 3
-4850.0 -416.8 -68.7 89 0 13.8 11.3 5.0 2.5 2 0 2 2 2
-4910.3 -492.5 -73.4 188 0 14.4 8.0 7.5 2.5 2 0 3 4 4
-4805.8 -477.9 -75.2 278 0 10.6 26.1 12.5 2.5 4 1 5 0 0
-4614.3 -464.5 -68.4 358 0 12.3 17.3 5.0 0.0 0 1 2 4 4
-4553.3 -505.0 -74.1 76 0 11.7 11.9 7.5 0.0 0 1 3 3 3
-4573.0 -539.9 -76.6 84 0 7.0 4.4 2.5 2.5 4 0 1 0 0
3142.3 -3070.7 -87.1 125 0 13.2 9.8 5.0 2.5 2 0 2 5 5
3086.1 -3128.1 -88.1 111 0 11.3 11.2 10.0 2.5 4 0 4 3 3
3032.2 -2874.3 -77.2 170 0 7.3 9.6 7.5 2.5 2 1 3 5 5
3116.3 -2767.9 -79.2 21 0 12.5 11.8 2.5 0.0 0 0 1 1 1
3162.5 -2867.6 -81.2 88 0 6.1 9.4 5.0 2.5 4 1 2 4 4
3050.3 -2739.0 -76.9 83 0 6.4 9.3 5.0 2.5 2 1 2 5 5
3270.1 -2761.1 -82.2 5 0 11.5 7.2 2.5 2.5 2 0 1 4 4
3284.6 -2701.4 -81.9 76 0 13.2 12.8 2.5 2.5 2 0 1 3 3
3325.2 -2617.2 -82.2 270 0 10.3 9.6 7.5 2.5 2 0 3 0 0
3357.5 -2713.9 -84.4 96 0 9.8 8.1 7.5 2.5 2 0 3 2 2
3422.1 -2718.3 -86.8 134 0 11.1 12.0 2.5 2.5 2 1 1 3 3
3540.0 -2990.6 -93.9 354 0 14.9 8.4 5.0 2.5 2 0 2 4 4
3517.1 -2934.6 -92.6 350 0 11.8 10.5 5.0 0.0 0 0 2 2 2
-4779.4 -636.5 -83.4 88 0 8.2 6.7 7.5 2.5 2 0 3 3 3
-4931.6 -680.0 -79.7 177 0 8.9 7.0 5.0 2.5 2 0 2 5 5
-4930.4 -744.0 -80.1 176 0 14.1 9.8 5.0 0.0 0 0 2 1 1
-4930.1 -721.5 -80.3 181 0 14.7 8.7 5.0 2.5 2 0 2 2 2
-4876.7 -677.6 -81.7 96 0 7.0 8.4 7.5 2.5 2 1 3 4 4
-4842.4 -737.8 -83.6 281 0 10.9 7.8 5.0 2.5 2 0 2 3 3
-4767.7 -776.4 -86.4 311 0 10.0 15.4 5.0 2.5 2 1 2 4 4
-4755.3 -813.0 -86.3 61 0 8.2 15.6 5.0 2.5 2 1 2 2 2
-4737.2 -847.0 -86.4 113 0 13.1 10.2 7.5 2.5 2 0 3 5 5
-4924.5 -841.7 -79.9 188 0 14.3 8.9 5.0 2.5 2 0 2 2 2
-4977.8 -844.7 -75.2 271 0 13.0 10.2 2.5 2.5 2 0 1 2 2
-4955.1 -895.0 -77.0 6 0 10.8 15.8 2.5 2.5 2 1 1 4 4
-4982.1 -897.5 -74.9 95 0 15.3 11.0 2.5 2.5 2 0 1 1 1
-5045.9 -880.3 -66.8 16 0 5.0 10.2 5.0 0.0 0 1 2 2 2
-5059.6 -702.1 -74.9 268 0 18.8 11.8 7.5 2.5 2 0 3 2 2
-6901.5 270.4 -95.1 199 0 17.3 18.2 15.0 0.0 0 1 6 5 5
-6784.3 237.2 -91.8 193 0 12.9 10.4 5.0 2.5 2 0 2 4 4
-6878.5 -274.7 -92.6 51 0 21.9 12.1 10.0 2.5 2 0 4 4 4
525.3 -4521.7 -86.8 163 0 14.1 12.5 7.5 2.5 2 0 3 2 2
446.7 -4477.8 -71.6 303 0 10.1 21.6 2.5 2.5 2 1 1 5 5
522.4 -4109.5 -73.8 180 0 8.1 10.6 5.0 2.5 2 1 2 3 3
-5132.0 -683.8 -70.2 84 0 8.4 8.1 7.5 2.5 2 0 3 0 0
-5216.7 -677.2 -67.7 300 0 13.7 11.9 5.0 2.5 2 0 2 1 1
-5373.1 -683.7 -60.3 183 0 11.5 8.5 5.0 2.5 2 0 2 3 3
-5389.5 -661.3 -60.2 182 0 7.7 11.1 2.5 0.0 0 1 1 0 0
-5341.4 -780.4 -60.7 11 0 11.5 8.9 7.5 2.5 2 0 3 2 2
-5353.5 -821.2 -59.4 197 0 12.6 5.2 2.5 2.5 2 0 1 4 4
-5359.3 -890.7 -59.3 186 0 9.8 9.9 2.5 2.5 2 1 1 3 3
-5267.1 -886.8 -62.3 92 0 6.5 11.7 2.5 2.5 4 1 1 3 3
-5269.1 -831.0 -64.5 226 0 11.8 13.4 2.5 2.5 2 1 1 1 1
-5153.1 -558.2 -64.5 270 0 6.9 13.4 5.0 2.5 2 1 2 1 1
-5177.4 -589.6 -65.5 191 0 6.1 10.7 7.5 2.5 2 1 3 0 0
-5148.0 -712.6 -72.0 268 0 10.3 11.5 7.5 2.5 4 1 3 3 3
-5093.3 -761.6 -71.0 8 0 9.2 42.4 7.5 2.5 2 1 3 5 5
568.1 -4322.8 -84.4 86 0 9.4 10.0 7.5 0.0 0 1 3 2 2
344.0 -4660.6 -70.7 122 0 9.0 14.5 2.5 2.5 2 1 1 0 0
273.0 -4769.4 -79.6 87 0 12.3 10.2 7.5 2.5 4 0 3 3 3
159.8 -4784.8 -73.7 140 0 8.6 11.4 5.0 2.5 2 1 2 2 2
-842.2 -1336.8 -79.5 12 0 14.1 9.9 2.5 2.5 2 0 1 5 5
204.7 -2719.8 88.3 70 0 11.4 13.3 5.0 2.5 2 1 2 5 5
454.9 -2490.2 96.3 265 0 16.1 25.9 7.5 2.5 2 1 3 4 4
412.3 -2539.0 87.2 97 0 13.9 21.0 12.5 2.5 2 1 5 1 1
1321.7 -2697.6 -9.2 3 0 17.3 16.6 10.0 2.5 2 0 4 1 1
905.5 -3265.2 -17.7 107 0 11.6 11.6 5.0 2.5 2 0 2 0 0
749.1 -3241.1 -14.0 285 0 14.0 17.0 7.5 2.5 2 1 3 1 1
641.9 -3277.8 -9.7 175 0 12.3 17.0 5.0 2.5 2 1 2 1 1
319.1 -2941.2 30.1 330 0 11.5 18.1 7.5 2.5 4 1 3 2 2
-536.4 -2037.6 -37.5 113 0 14.6 13.9 7.5 2.5 2 0 3 4 4
-408.4 -1975.1 -27.1 33 0 38.0 19.0 12.5 0.0 0 0 5 2 2
-395.4 -2003.8 -24.8 206 0 15.9 12.6 10.0 2.5 2 0 4 2 2
-148.2 -1966.6 -22.2 358 0 21.8 18.4 12.5 2.5 2 0 5 4 4
-171.5 -2174.6 -14.4 4 0 16.0 15.7 12.5 2.5 2 0 5 3 3
-195.8 -2143.9 -17.7 172 0 16.7 12.7 5.0 2.5 2 0 2 0 0
23.7 -1923.9 -30.0 297 0 16.5 34.7 12.5 0.0 0 1 5 5 5
-16.6 -1934.0 -28.0 211 0 26.0 13.0 10.0 2.5 4 0 4 2 2
153.1 -1898.2 -25.7 191 0 18.4 13.0 5.0 0.0 0 0 2 4 4
5043.1 237.2 -62.5 185 0 10.0 8.7 7.5 2.5 2 0 3 1 1
5051.9 252.6 -62.0 190 0 8.6 8.3 2.5 0.0 0 0 1 4 4
5066.1 266.2 -60.5 21 0 11.0 6.9 5.0 2.5 2 0 2 5 5
4981.7 215.8 -66.7 284 0 12.0 11.4 2.5 2.5 4 0 1 1 1
5091.6 304.5 -55.9 0 0 7.7 6.2 5.0 2.5 2 0 2 2 2
5012.7 335.3 -60.3 270 0 6.8 30.0 2.5 2.5 2 1 1 1 1
4830.4 221.0 -56.5 133 0 9.7 10.6 5.0 2.5 2 1 2 1 1
4897.9 189.5 -63.8 75 0 5.5 9.8 7.5 2.5 4 1 3 3 3
4972.0 183.7 -66.9 180 0 11.1 5.9 5.0 2.5 2 0 2 1 1
4990.0 93.4 -66.2 258 0 6.8 18.8 5.0 0.0 0 1 2 1 1
5028.8 80.0 -63.9 271 0 12.5 11.4 7.5 2.5 2 0 3 4 4
5078.1 75.4 -61.3 266 0 12.0 18.5 7.5 2.5 2 1 3 5 5
5046.7 47.2 -63.4 279 0 11.3 10.8 10.0 2.5 2 0 4 1 1
5064.1 20.0 -62.8 276 0 9.5 8.0 5.0 2.5 2 0 2 2 2
4927.4 6.4 -70.0 178 0 10.0 9.6 2.5 2.5 4 0 1 4 4
5040.0 31.8 -63.9 274 0 8.9 9.3 7.5 0.0 0 1 3 3 3
5046.0 -10.9 -64.3 279 0 8.1 14.1 2.5 2.5 2 1 1 5 5
5083.7 4.8 -62.4 314 0 9.7 15.8 5.0 0.0 0 1 2 4 4
5063.1 -51.4 -64.0 273 0 10.0 12.0 7.5 2.5 2 1 3 3 3
5098.4 -50.0 -61.9 322 0 7.0 8.0 5.0 2.5 2 1 2 5 5
5139.5 -27.9 -59.8 297 0 14.6 16.6 2.5 2.5 2 1 1 2 2
5190.8 22.9 -55.6 270 0 5.1 6.9 5.0 2.5 2 1 2 1 1
5261.0 145.8 -54.3 293 0 9.8 13.0 2.5 0.0 0 1 1 2 2
5338.4 143.6 -59.7 241 0 14.0 6.2 5.0 2.5 2 0 2 3 3
5381.5 153.7 -60.0 66 0 9.7 8.5 5.0 2.5 2 0 2 2 2
5407.8 166.5 -59.9 87 0 11.4 10.1 7.5 2.5 2 0 3 2 2
5467.6 175.6 -61.9 90 0 11.6 10.5 2.5 2.5 2 0 1 1 1
5566.2 245.1 -57.7 68 0 12.1 8.7 2.5 2.5 2 0 1 2 2
5656.3 92.5 -59.9 110 0 11.2 12.3 5.0 2.5 2 1 2 2 2
5662.5 128.7 -59.0 285 0 6.9 17.2 7.5 2.5 2 1 3 5 5
5595.2 -4.0 -66.6 186 0 12.6 11.5 10.0 0.0 0 0 4 2 2
5611.4 8.3 -65.6 266 0 5.5 14.3 2.5 2.5 4 1 1 5 5
5418.7 68.1 -74.1 269 0 12.5 17.7 5.0 2.5 4 1 2 2 2
5398.7 28.5 -75.7 94 0 14.0 17.7 10.0 2.5 2 1 4 3 3
5357.7 68.0 -70.4 281 0 11.3 13.8 5.0 2.5 2 1 2 2 2
5355.6 43.8 -72.1 2 0 16.4 19.6 12.5 2.5 2 1 5 3 3
5301.0 13.6 -68.9 355 0 10.7 16.7 5.0 2.5 2 1 2 4 4
5326.4 -71.3 -66.7 356 0 10.4 32.2 15.0 0.0 0 1 6 3 3
5341.5 -102.4 -65.5 356 0 32.8 10.9 10.0 2.5 2 0 4 3 3
5283.8 -216.0 -68.8 19 0 10.4 14.6 7.5 2.5 2 1 3 0 0
5309.1 -245.5 -71.2 31 0 18.8 11.0 5.0 2.5 2 0 2 3 3
5249.6 -258.1 -70.1 23 0 13.3 10.0 7.5 0.0 0 0 3 0 0
5284.8 -288.7 -72.5 84 0 9.3 13.8 7.5 2.5 2 0 3 3 3
5241.8 -302.2 -73.1 96 0 8.8 12.9 2.5 2.5 4 1 1 2 2
5189.6 -329.6 -76.1 105 0 11.9 15.1 7.5 2.5 2 1 3 5 5
5186.7 -278.9 -72.5 82 0 14.3 11.9 7.5 2.5 2 0 3 1 1
5168.1 -362.5 -79.0 94 0 6.3 8.3 7.5 2.5 2 1 3 3 3
5215.1 -265.2 -70.9 86 0 14.1 17.5 7.5 2.5 2 1 3 2 2
5133.3 -166.2 -64.9 97 0 12.8 16.2 5.0 0.0 0 1 2 0 0
86.6 -4683.3 -48.1 313 0 10.0 14.1 7.5 0.0 0 1 3 5 5
-16.6 -4643.4 -42.2 94 0 8.5 10.8 7.5 2.5 4 1 3 1 1
-29.6 -4743.5 -46.7 211 0 10.0 9.8 7.5 2.5 2 0 3 1 1
293.1 -1936.4 -2.4 100 0 18.9 15.8 12.5 0.0 0 0 5 5 5
-447.4 -1760.8 -36.3 95 0 11.8 13.1 5.0 2.5 2 1 2 5 5
211.8 -1549.6 11.7 70 0 17.4 12.4 12.5 2.5 2 0 5 2 2
183.4 -1821.4 -22.5 91 0 19.6 15.4 15.0 0.0 0 0 6 2 2
141.8 -1745.2 -24.2 279 0 11.2 18.3 5.0 2.5 2 1 2 2 2
-14.8 -1413.4 -12.6 80 0 17.0 15.9 5.0 2.5 2 0 2 0 0
-201.2 -1322.3 -29.9 83 0 15.6 19.2 10.0 2.5 4 1 4 2 2
-60.3 -5115.1 -85.9 92 0 12.7 12.1 7.5 2.5 4 0 3 3 3
107.3 -5100.5 -93.0 236 0 12.8 16.5 5.0 2.5 2 1 2 3 3
-177.4 -5201.7 -90.1 86 0 14.8 16.3 5.0 2.5 2 1 2 2 2
-255.5 -5171.4 -82.8 6 0 10.5 12.7 2.5 2.5 2 1 1 4 4
-236.9 -5055.4 -71.3 178 0 12.2 11.6 7.5 2.5 2 0 3 4 4
-200.1 -5189.6 -88.4 184 0 10.8 8.6 7.5 2.5 2 0 3 5 5
-180.5 -4993.7 -65.1 101 0 7.3 12.3 7.5 2.5 2 1 3 1 1
-465.0 -5347.2 -96.2 252 0 14.3 14.3 7.5 2.5 2 1 3 1 1
-451.5 -5236.2 -91.8 267 0 9.3 10.5 5.0 2.5 2 1 2 4 4
-424.9 -5290.5 -93.2 83 0 11.1 10.8 2.5 0.0 0 0 1 4 4
-4242.7 -6698.2 -74.9 184 0 12.9 15.9 10.0 2.5 2 1 4 3 3
-4207.8 -6692.4 -78.1 57 0 16.4 13.2 5.0 2.5 2 0 2 2 2
-4603.7 -6709.2 -72.9 222 0 15.2 13.8 7.5 2.5 4 0 3 0 0
-4490.0 -6781.1 -78.1 90 0 11.1 17.0 7.5 2.5 2 1 3 0 0
-4533.7 -6668.3 -77.2 277 0 10.5 10.6 7.5 2.5 4 1 3 1 1
-4403.5 -6534.3 -54.1 316 0 13.2 15.5 7.5 2.5 2 1 3 1 1
-4431.5 -6447.8 -52.1 245 0 9.0 9.7 5.0 2.5 2 1 2 2 2
-4435.5 -6486.4 -51.9 171 0 17.9 8.5 7.5 2.5 2 0 3 5 5
-4368.8 -6439.4 -54.8 85 0 11.5 10.7 2.5 2.5 2 0 1 3 3
-4510.9 -6484.3 -49.1 81 0 7.8 16.7 7.5 2.5 2 1 3 5 5
-4431.1 -6566.1 -54.8 24 0 10.1 13.2 7.5 2.5 2 1 3 4 4
-4426.4 -6247.7 -39.3 200 0 11.9 11.1 5.0 2.5 2 0 2 3 3
-4399.6 -6282.7 -43.3 11 0 13.0 9.3 5.0 2.5 2 0 2 0 0
-4533.4 -6233.5 -29.6 180 0 18.0 16.3 10.0 2.5 2 0 4 5 5
-4460.2 -6086.9 -25.0 186 0 17.0 12.5 10.0 2.5 2 0 4 3 3
-4475.4 -6112.6 -24.9 197 0 10.8 9.7 5.0 2.5 2 0 2 5 5
-867.5 -5563.6 -64.3 176 0 9.2 8.3 5.0 2.5 2 0 2 5 5
-864.5 -5498.7 -74.2 80 0 8.7 13.2 7.5 2.5 2 1 3 3 3
-848.5 -5489.7 -74.5 91 0 11.8 9.5 2.5 2.5 2 0 1 1 1
-818.4 -5565.1 -67.1 352 0 7.6 11.1 5.0 2.5 2 1 2 2 2
-751.8 -5682.6 -89.8 16 0 22.9 17.3 10.0 2.5 2 0 4 4 4
-702.3 -5652.9 -92.3 220 0 9.5 5.8 7.5 2.5 2 0 3 4 4
-662.2 -5524.8 -95.9 14 0 12.4 10.4 7.5 2.5 4 0 3 3 3
-804.4 -5295.3 -80.7 270 0 9.9 8.2 2.5 2.5 2 0 1 0 0
-4442.5 -5209.4 -18.6 263 0 16.0 16.8 10.0 2.5 2 1 4 0 0
-4481.5 -5241.9 -13.8 282 0 18.2 20.5 10.0 2.5 2 1 4 0 0
-4533.6 -5292.3 -8.6 165 0 19.1 16.8 10.0 2.5 2 0 4 5 5
-4609.9 -4922.8 -17.0 88 0 15.1 21.1 10.0 2.5 2 1 4 2 2
-4578.5 -4995.1 -18.4 183 0 21.6 10.2 7.5 2.5 2 0 3 2 2
-4555.7 -5069.2 -17.3 92 0 12.3 27.8 12.5 2.5 2 1 5 4 4
-4559.3 -5000.7 -20.0 183 0 13.5 17.0 7.5 2.5 2 1 3 2 2
-4654.3 -5016.4 -10.6 266 0 11.6 10.3 7.5 2.5 2 0 3 3 3
-4808.5 -5191.7 -4.2 90 0 13.7 12.0 7.5 2.5 2 0 3 2 2
-4668.8 -5115.0 -8.4 94 0 8.8 9.1 7.5 2.5 2 1 3 0 0
-4620.2 -5348.4 -4.7 6 0 6.4 8.2 5.0 2.5 2 1 2 3 3
-4706.1 -5681.3 -7.1 352 0 12.5 7.9 7.5 2.5 2 0 3 1 1
-4634.6 -5687.1 -5.0 90 0 9.9 9.6 5.0 2.5 2 0 2 5 5
-6846.1 1425.2 -86.3 233 0 15.5 9.6 5.0 2.5 2 0 2 0 0
-6758.4 1447.4 -89.4 0 0 8.1 9.6 7.5 2.5 2 1 3 2 2
-6773.8 1419.4 -90.9 92 0 8.7 7.5 5.0 2.5 2 0 2 5 5
-5383.1 -633.5 -62.1 279 0 13.2 14.7 2.5 2.5 2 1 1 3 3
-5388.8 -578.0 -65.6 282 0 9.5 12.4 2.5 2.5 2 1 1 1 1
-5261.0 -631.1 -72.6 90 0 9.0 10.6 5.0 2.5 2 1 2 1 1
-5139.5 -536.5 -63.6 207 0 11.4 14.3 5.0 2.5 2 1 2 4 4
-5133.3 -503.9 -64.1 215 0 13.8 10.3 2.5 2.5 4 0 1 2 2
-5127.7 -530.7 -62.7 204 0 7.6 8.9 5.0 2.5 2 1 2 4 4
-5114.7 -404.2 -64.5 6 0 9.5 11.3 7.5 2.5 2 1 3 1 1
-5172.0 -391.8 -69.4 93 0 7.8 26.0 2.5 2.5 2 1 1 4 4
-5228.4 -338.0 -74.6 277 0 8.0 11.3 5.0 2.5 2 1 2 0 0
-5247.7 -400.5 -77.3 117 0 9.0 9.4 7.5 2.5 2 1 3 3 3
-5287.5 -311.6 -79.2 314 0 8.8 11.1 7.5 2.5 2 1 3 1 1
-5312.0 -328.6 -81.7 211 0 8.8 14.8 7.5 2.5 2 1 3 2 2
-5356.6 -244.2 -80.2 188 0 6.3 11.1 5.0 2.5 2 1 2 4 4
-5315.7 -207.4 -77.7 275 0 9.1 6.9 7.5 2.5 2 0 3 4 4
-5424.3 -263.3 -85.2 178 0 14.5 7.3 7.5 2.5 2 0 3 5 5
-5412.8 -455.3 -76.0 276 0 8.6 10.0 2.5 2.5 2 1 1 2 2
-5438.0 -453.4 -76.4 103 0 9.2 12.7 7.5 2.5 2 1 3 4 4
-5447.6 -528.6 -68.5 14 0 13.1 7.8 7.5 2.5 2 0 3 4 4
-5609.8 -649.9 -74.0 17 0 13.3 7.9 7.5 2.5 2 0 3 2 2
-5748.5 -598.5 -81.8 297 0 8.0 4.8 7.5 2.5 2 0 3 5 5
-5777.1 -578.8 -83.6 288 0 12.2 12.9 7.5 2.5 2 1 3 0 0
-5960.4 -624.7 -81.4 226 0 10.4 7.0 2.5 2.5 2 0 1 1 1
-5958.2 -676.9 -78.8 343 0 8.6 13.9 5.0 2.5 2 1 2 0 0
-5950.1 -710.0 -74.9 356 0 14.9 8.0 2.5 2.5 2 0 1 5 5
-5990.7 -885.7 -72.7 174 0 17.3 6.1 7.5 2.5 2 0 3 5 5
-5992.2 -1037.4 -75.0 8 0 9.4 13.2 5.0 2.5 2 1 2 5 5
-6310.8 -1162.1 -78.0 175 0 5.8 10.7 5.0 2.5 2 1 2 2 2
-6472.7 -1197.5 -73.7 93 0 7.3 8.2 7.5 0.0 0 1 3 2 2
-6494.3 -1192.6 -73.3 94 0 8.0 7.0 5.0 2.5 2 0 2 3 3
-6448.5 -1134.7 -73.7 7 0 6.4 10.3 2.5 2.5 2 1 1 5 5
-6611.6 -1118.5 -59.3 90 0 10.3 19.1 2.5 0.0 0 1 1 1 1
-6818.4 -1140.0 -70.9 360 0 20.4 11.3 5.0 2.5 4 0 2 1 1
-4741.0 -5549.7 -6.0 174 0 10.9 13.0 7.5 2.5 2 1 3 2 2
-4767.7 -5353.9 -0.9 275 0 9.3 9.2 7.5 2.5 2 0 3 3 3
-4953.1 -5379.3 1.6 97 0 12.7 11.3 7.5 2.5 2 0 3 1 1
-5045.6 -5196.6 -4.6 195 0 22.4 20.7 12.5 2.5 2 0 5 3 3
-5028.8 -5152.3 -11.5 32 0 11.7 40.4 12.5 2.5 2 1 5 2 2
-5086.9 -5117.8 -14.2 148 0 16.2 40.3 15.0 2.5 2 1 6 2 2
-4992.2 -5126.8 -9.7 141 0 13.6 16.2 7.5 2.5 2 1 3 1 1
-5286.4 -5393.9 13.7 170 0 44.4 28.3 10.0 0.0 0 0 4 5 5
-5227.2 -5469.9 13.1 107 0 32.0 22.9 10.0 0.0 0 0 4 5 5
-6605.5 1403.1 -80.9 86 0 8.7 18.7 2.5 0.0 0 1 1 2 2
-6515.2 1464.2 -80.2 265 0 10.2 12.7 5.0 0.0 0 1 2 2 2
-6526.6 1401.3 -76.2 340 0 15.6 13.4 2.5 2.5 2 0 1 4 4
-6564.2 1333.1 -74.4 169 0 12.5 9.5 5.0 0.0 0 0 2 5 5
-6496.9 1406.9 -74.2 287 0 8.7 23.0 5.0 2.5 2 1 2 0 0
-6492.8 1325.5 -71.1 336 0 14.0 9.7 7.5 2.5 2 0 3 1 1
-6017.7 1386.0 -49.0 88 0 11.8 8.8 5.0 2.5 4 0 2 0 0
-5853.0 1471.7 -61.7 92 0 14.9 15.1 2.5 2.5 2 1 1 5 5
-5894.9 1253.2 -38.6 92 0 18.6 11.0 7.5 2.5 2 0 3 3 3
-5841.1 1205.0 -45.2 90 0 7.4 12.6 7.5 2.5 2 1 3 3 3
-663.6 -5594.3 -95.5 188 0 6.1 5.7 2.5 2.5 2 0 1 3 3
-711.3 -5375.4 -93.9 7 0 8.4 8.9 7.5 2.5 2 1 3 3 3
-496.1 -5219.1 -89.2 270 0 7.3 14.5 7.5 2.5 2 1 3 0 0
-536.7 -5243.4 -85.8 261 0 13.4 9.4 7.5 2.5 2 0 3 4 4
-560.2 -5310.4 -91.5 92 0 8.6 8.1 2.5 2.5 2 0 1 0 0
-595.0 -5257.7 -83.7 174 0 6.3 7.7 5.0 2.5 2 1 2 4 4
-788.8 -3981.0 -32.1 266 0 5.4 11.2 5.0 2.5 4 1 2 2 2
-678.0 -3687.2 16.2 185 0 9.2 11.5 5.0 2.5 2 1 2 0 0
-579.0 -3683.7 27.5 51 0 11.8 9.6 7.5 2.5 2 0 3 4 4
-424.8 -3630.8 38.2 320 0 6.1 13.2 5.0 2.5 2 1 2 3 3
152.7 -3644.9 -18.6 342 0 14.4 10.6 7.5 2.5 2 0 3 0 0
1092.5 -3588.3 -53.9 97 0 12.7 12.0 7.5 2.5 2 0 3 4 4
1432.3 -3444.2 -78.6 93 0 9.2 10.2 2.5 0.0 0 1 1 2 2
1447.6 -3624.9 -75.9 81 0 12.9 11.3 7.5 0.0 0 0 3 4 4
1480.4 -3696.5 -74.0 110 0 12.6 32.9 12.5 2.5 2 1 5 3 3
1414.7 -3969.0 -78.3 56 0 11.3 16.2 2.5 0.0 0 1 1 2 2
-4234.9 -5018.2 -37.0 77 0 12.5 13.2 10.0 2.5 2 1 4 4 4
-4295.4 -4932.6 -38.6 91 0 10.7 14.2 5.0 2.5 2 1 2 2 2
-4141.8 -4761.6 -44.8 114 0 13.1 13.4 5.0 2.5 2 1 2 5 5
-4074.3 -4712.2 -46.6 198 0 12.6 9.3 5.0 2.5 2 0 2 0 0
-3990.9 -4492.3 -59.6 43 0 16.3 16.2 10.0 2.5 2 0 4 5 5
-4080.4 -4297.1 -81.6 90 0 23.0 14.4 10.0 2.5 2 0 4 0 0
-4008.2 -4225.1 -85.2 80 0 14.5 12.2 7.5 2.5 2 0 3 4 4
-3867.3 -4068.8 -81.8 130 0 11.5 13.9 7.5 2.5 2 1 3 0 0
-3784.5 -4106.7 -82.9 76 0 10.5 8.1 7.5 2.5 2 0 3 4 4
-5718.4 809.6 -28.1 85 0 7.7 15.8 2.5 2.5 2 1 1 0 0
-5795.9 591.0 -57.4 272 0 15.7 15.3 7.5 2.5 2 0 3 4 4
-5726.1 605.7 -46.0 276 0 12.2 21.1 10.0 2.5 2 1 4 1 1
-5698.3 479.0 -60.0 176 0 13.2 13.6 5.0 0.0 0 1 2 4 4
-5684.6 520.7 -56.6 267 0 11.2 21.9 5.0 2.5 2 1 2 0 0
-5673.0 458.9 -61.1 313 0 13.7 12.1 5.0 2.5 2 0 2 4 4
-5823.1 408.1 -61.1 94 0 9.0 13.9 5.0 2.5 2 1 2 3 3
6345.7 6823.5 -62.5 273 0 21.7 23.9 10.0 2.5 2 1 4 4 4
6267.7 6703.2 -72.8 103 0 14.5 17.8 10.0 2.5 2 1 4 5 5
6300.3 6658.2 -66.4 279 0 11.0 14.2 7.5 2.5 2 1 3 1 1
6255.4 6578.3 -69.9 187 0 18.5 20.3 10.0 2.5 2 1 4 0 0
1400.4 -4183.2 -92.6 280 0 12.2 12.0 7.5 2.5 2 0 3 5 5
1433.1 -4223.9 -95.3 280 0 18.4 24.8 10.0 2.5 4 1 4 3 3
1486.7 -4113.8 -87.5 4 0 14.2 5.5 7.5 2.5 4 0 3 2 2
1356.8 -4205.8 -92.7 11 0 8.4 13.1 5.0 2.5 2 1 2 3 3
1200.6 -4015.0 -80.1 3 0 4.6 10.3 5.0 2.5 2 1 2 3 3
1344.4 -4428.1 -89.4 231 0 8.8 41.0 7.5 2.5 2 1 3 5 5
1381.5 -4527.1 -87.8 13 0 17.2 16.9 10.0 2.5 2 0 4 1 1
1350.8 -4673.0 -79.8 1 0 9.1 11.0 7.5 0.0 0 1 3 5 5
1346.0 -4757.9 -76.5 0 0 15.4 12.3 2.5 2.5 2 0 1 2 2
1303.4 -4753.2 -74.6 102 0 15.3 16.0 7.5 2.5 2 1 3 0 0
1216.4 -4355.3 -96.7 168 0 4.3 8.3 5.0 0.0 0 1 2 1 1
1220.3 -4612.9 -74.0 93 0 9.5 15.3 2.5 2.5 2 0 1 5 5
1244.7 -4549.0 -78.7 5 0 24.4 8.2 5.0 2.5 2 0 2 4 4
1232.3 -4490.9 -83.7 271 0 22.0 7.4 5.0 2.5 2 0 2 2 2
-4706.8 -3285.1 -86.4 356 0 11.7 12.0 2.5 2.5 2 1 1 3 3
-4707.8 -3252.5 -86.5 13 0 12.2 12.3 5.0 2.5 2 1 2 4 4
-4683.1 -3180.4 -87.6 48 0 13.0 16.1 2.5 2.5 2 1 1 5 5
-4682.9 -3204.5 -86.4 44 0 11.5 10.8 7.5 2.5 2 0 3 5 5
-4601.5 -3134.9 -88.2 3 0 15.0 13.9 5.0 2.5 2 0 2 3 3
-4725.4 -3588.0 -87.1 194 0 10.2 16.1 10.0 2.5 2 1 4 0 0
-5924.1 -454.6 -93.6 114 0 11.8 19.1 5.0 2.5 2 1 2 3 3
-5955.4 -468.1 -93.3 217 0 10.9 10.9 5.0 2.5 2 1 2 4 4
-5932.0 -479.4 -92.8 308 0 13.7 18.0 5.0 0.0 0 1 2 2 2
-6141.4 -342.5 -84.9 1 0 13.0 16.0 5.0 2.5 2 1 2 0 0
-6256.2 -389.6 -78.0 98 0 13.6 12.5 5.0 2.5 2 0 2 4 4
-5062.0 -3567.9 -93.6 237 0 11.8 17.6 5.0 2.5 2 1 2 3 3
-5117.1 -3544.8 -93.2 115 0 19.1 12.5 7.5 0.0 0 0 3 0 0
-5033.4 -3640.6 -93.8 54 0 10.7 14.0 2.5 2.5 2 1 1 0 0
-4924.7 -3620.1 -88.1 46 0 10.3 8.7 7.5 2.5 2 0 3 1 1
-6306.1 -200.9 -85.8 290 0 8.2 10.7 2.5 2.5 2 1 1 2 2
5152.9 -171.8 -64.9 101 0 12.2 16.5 7.5 2.5 2 1 3 3 3
5158.4 -204.5 -67.3 115 0 12.8 17.5 2.5 0.0 0 1 1 1 1
5117.8 -192.8 -67.6 177 0 14.6 15.6 5.0 2.5 2 1 2 2 2
5078.3 -285.8 -75.3 179 0 12.7 15.2 7.5 2.5 2 1 3 1 1
5066.1 -260.4 -73.8 180 0 17.5 19.0 12.5 2.5 2 1 5 4 4
5063.2 -222.8 -71.0 199 0 15.4 13.8 7.5 2.5 2 0 3 5 5
5053.1 -309.3 -77.5 194 0 9.8 11.5 5.0 2.5 2 1 2 2 2
5074.2 -109.7 -64.7 84 0 6.7 15.1 2.5 0.0 0 1 1 4 4
5020.2 -181.0 -70.6 104 0 16.2 24.6 10.0 2.5 4 1 4 3 3
5028.7 -204.5 -70.8 98 0 12.9 12.1 10.0 2.5 2 0 4 5 5
4905.0 -36.7 -72.6 181 0 13.8 11.5 7.5 2.5 4 0 3 5 5
4943.0 -72.1 -71.4 179 0 9.3 12.3 7.5 2.5 2 1 3 1 1
4947.0 -39.5 -70.1 180 0 13.9 10.2 2.5 2.5 2 0 1 4 4
4898.5 47.1 -71.5 297 0 7.6 10.3 5.0 2.5 2 1 2 2 2
4924.9 -78.7 -72.8 189 0 10.0 7.7 7.5 2.5 2 0 3 5 5
4877.2 -39.9 -74.0 283 0 4.6 10.8 2.5 2.5 2 1 1 4 4
4894.8 -164.5 -77.5 103 0 10.5 9.0 2.5 2.5 2 0 1 1 1
4925.0 -186.7 -76.5 184 0 24.0 13.5 10.0 2.5 2 0 4 1 1
4950.7 -178.3 -74.6 186 0 16.8 15.9 12.5 2.5 2 0 5 1 1
4979.0 -166.6 -72.5 92 0 12.7 19.7 12.5 2.5 4 1 5 1 1
4978.1 -197.3 -73.4 90 0 6.8 15.8 2.5 2.5 2 1 1 2 2
4987.8 -245.2 -74.4 81 0 6.1 12.0 7.5 2.5 2 1 3 1 1
4847.1 -158.0 -77.5 106 0 13.3 13.2 10.0 0.0 0 0 4 0 0
4874.8 -239.0 -80.4 185 0 11.1 12.7 5.0 2.5 2 1 2 0 0
4930.2 -262.8 -78.8 86 0 15.7 10.7 7.5 2.5 2 0 3 4 4
4968.5 -241.3 -75.5 107 0 9.6 12.6 2.5 2.5 2 1 1 4 4
5028.3 -325.4 -80.3 275 0 16.3 18.5 10.0 2.5 4 1 4 0 0
5030.8 -381.6 -83.1 89 0 13.0 13.5 5.0 2.5 2 1 2 1 1
5010.8 -407.2 -84.0 96 0 10.3 12.2 5.0 2.5 4 1 2 4 4
5104.4 -386.4 -82.8 312 0 7.6 12.6 5.0 2.5 2 1 2 2 2
5069.2 -491.5 -83.9 167 0 22.1 14.8 10.0 2.5 4 0 4 0 0
5326.2 -511.4 -78.7 274 0 6.7 7.1 7.5 2.5 2 1 3 2 2
5329.0 -555.5 -74.4 185 0 12.4 9.1 2.5 2.5 2 0 1 2 2
5368.6 -557.8 -72.2 0 0 11.8 7.3 2.5 2.5 2 0 1 1 1
5341.7 -597.6 -69.4 183 0 10.5 7.9 2.5 2.5 2 0 1 5 5
5418.5 -629.3 -64.1 179 0 10.2 9.2 7.5 2.5 2 0 3 1 1
5449.4 -653.4 -61.6 2 0 11.5 10.4 10.0 2.5 2 0 4 1 1
5494.9 -588.7 -70.8 185 0 16.6 15.2 15.0 0.0 0 0 6 2 2
5512.9 -633.1 -66.0 108 0 13.0 12.3 7.5 2.5 2 0 3 1 1
5520.4 -488.1 -77.9 193 0 11.5 20.0 10.0 2.5 2 1 4 3 3
5630.8 -549.0 -77.0 347 0 11.1 11.7 5.0 2.5 2 1 2 2 2
5584.0 -608.8 -70.4 93 0 9.9 12.7 7.5 2.5 2 1 3 1 1
5641.8 -615.7 -72.8 92 0 11.3 20.7 2.5 2.5 2 1 1 1 1
5630.9 -587.9 -74.2 26 0 8.1 18.2 5.0 2.5 4 1 2 2 2
5604.3 -662.8 -67.3 17 0 9.3 15.8 2.5 2.5 2 1 1 0 0
5584.7 -685.7 -65.0 97 0 12.0 13.8 7.5 2.5 2 1 3 1 1
5559.9 -600.4 -70.4 96 0 12.6 8.4 2.5 2.5 2 0 1 3 3
5613.4 -762.9 -61.1 24 0 15.5 12.9 7.5 2.5 2 0 3 0 0
5761.1 -778.5 -54.5 47 0 11.3 10.7 5.0 2.5 2 0 2 3 3
5797.2 -707.4 -59.0 356 0 12.4 15.3 7.5 2.5 2 1 3 0 0
5848.5 -752.5 -54.7 263 0 12.5 9.2 7.5 2.5 2 0 3 3 3
5932.9 -754.4 -56.0 71 0 17.3 11.6 5.0 2.5 2 0 2 5 5
5987.6 -768.8 -57.9 112 0 14.5 22.8 10.0 0.0 0 1 4 5 5
5981.6 -677.3 -47.1 49 0 14.1 8.4 2.5 2.5 2 0 1 1 1
6031.8 -887.3 -68.1 170 0 13.8 13.1 7.5 2.5 2 0 3 3 3
6063.4 -903.5 -70.1 69 0 10.7 15.7 7.5 2.5 2 1 3 0 0
5691.5 -878.8 -51.9 217 0 32.1 11.2 10.0 2.5 2 0 4 3 3
5734.3 -849.0 -53.5 288 0 12.5 21.7 10.0 2.5 2 1 4 3 3
5785.4 -842.8 -53.5 307 0 18.3 18.8 12.5 2.5 2 1 5 3 3
5817.0 -774.2 -53.6 246 0 6.6 10.7 5.0 2.5 2 1 2 1 1
5826.5 -433.7 -62.3 93 0 12.2 31.8 12.5 2.5 2 1 5 1 1
5832.8 -338.8 -54.5 270 0 21.7 8.5 7.5 2.5 2 0 3 3 3
5784.8 -352.8 -58.3 282 0 13.0 14.3 7.5 2.5 2 1 3 4 4
5738.3 -394.9 -63.0 180 0 9.9 17.2 7.5 2.5 2 1 3 0 0
5485.4 -277.8 -70.9 4 0 12.2 12.5 5.0 2.5 2 1 2 0 0
5486.3 -335.9 -68.1 17 0 9.6 13.5 2.5 2.5 2 1 1 1 1
5506.8 -382.8 -66.5 99 0 12.1 18.4 2.5 2.5 2 1 1 4 4
5142.6 129.8 -56.6 190 0 11.0 11.2 7.5 2.5 2 1 3 4 4
5210.4 292.8 -47.4 274 0 7.6 13.1 7.5 2.5 2 1 3 5 5
5218.0 166.5 -52.4 282 0 11.2 11.9 2.5 2.5 2 1 1 4 4
5201.0 201.9 -53.2 283 0 7.2 10.3 5.0 2.5 2 1 2 0 0
5195.3 148.9 -53.9 291 0 9.4 10.4 7.5 2.5 2 1 3 1 1
5214.2 147.0 -52.8 288 0 9.0 7.7 7.5 2.5 2 0 3 1 1
5209.2 137.0 -53.5 286 0 10.8 16.2 5.0 2.5 2 1 2 0 0
4793.1 255.6 -51.6 283 0 6.9 11.5 5.0 2.5 2 1 2 3 3
4633.4 306.7 -66.6 52 0 12.3 14.2 7.5 2.5 2 1 3 5 5
4597.2 367.7 -73.7 62 0 14.3 16.7 5.0 2.5 2 1 2 4 4
4574.8 387.7 -71.9 157 0 11.4 15.8 2.5 2.5 2 1 1 2 2
4632.4 435.6 -69.0 16 0 13.6 15.6 10.0 2.5 2 1 4 5 5
4641.1 468.0 -66.8 277 0 12.2 11.4 5.0 2.5 2 0 2 2 2
4665.0 477.9 -65.7 264 0 9.8 10.2 5.0 2.5 2 1 2 3 3
4627.5 477.6 -66.4 287 0 11.3 15.1 5.0 2.5 2 1 2 1 1
4701.3 478.5 -66.0 224 0 12.9 8.6 5.0 2.5 2 0 2 1 1
4703.6 584.3 -60.9 209 0 11.2 14.2 10.0 0.0 0 1 4 0 0
4628.6 583.7 -64.1 304 0 15.2 13.6 2.5 2.5 2 0 1 4 4
4671.4 658.1 -62.1 188 0 14.4 9.8 5.0 2.5 2 0 2 2 2
4673.5 689.4 -60.6 125 0 13.5 20.4 10.0 2.5 2 1 4 3 3
4753.6 570.0 -55.0 224 0 12.3 11.7 2.5 2.5 2 0 1 2 2
4737.5 506.4 -59.6 208 0 11.0 18.5 2.5 2.5 2 1 1 4 4
4773.7 463.2 -55.7 89 0 7.2 11.7 2.5 2.5 2 1 1 0 0
4799.0 509.0 -52.0 32 0 12.7 8.1 2.5 2.5 2 0 1 3 3
4795.3 462.3 -51.6 103 0 8.7 11.3 5.0 2.5 2 1 2 0 0
4714.0 699.3 -58.0 56 0 16.2 11.3 2.5 2.5 2 0 1 0 0
5976.7 6310.8 -77.3 270 0 10.0 11.2 7.5 2.5 2 1 3 3 3
6060.2 6353.9 -73.3 178 0 17.8 16.9 12.5 2.5 2 0 5 3 3
6060.0 6369.3 -73.7 172 0 8.6 17.2 7.5 2.5 2 1 3 3 3
6102.3 6301.8 -70.9 83 0 15.2 17.8 12.5 2.5 2 1 5 0 0
6157.6 6364.8 -70.9 17 0 13.7 14.0 5.0 2.5 2 1 2 2 2
4888.4 777.4 -48.9 117 0 10.3 9.5 5.0 2.5 4 0 2 2 2
4933.3 863.3 -52.2 357 0 11.5 14.0 5.0 2.5 2 1 2 2 2
4959.5 854.4 -48.6 195 0 21.5 10.3 2.5 2.5 2 0 1 0 0
5041.0 859.6 -42.6 24 0 16.0 17.3 12.5 2.5 2 1 5 3 3
5030.9 956.9 -47.2 87 0 11.9 9.8 2.5 2.5 2 0 1 5 5
5003.4 1044.0 -51.9 258 0 14.2 20.6 12.5 2.5 2 1 5 2 2
5159.4 1053.8 -33.9 208 0 11.6 17.7 2.5 2.5 2 1 1 1 1
5359.8 936.3 -14.3 91 0 4.7 11.2 5.0 2.5 2 1 2 5 5
1423.1 -4860.1 -78.9 89 0 15.9 13.7 10.0 2.5 4 0 4 0 0
1299.2 -4956.2 -70.5 182 0 11.9 13.7 5.0 2.5 4 1 2 5 5
1239.2 -4763.0 -71.9 14 0 9.6 18.4 7.5 2.5 2 0 3 5 5
1229.7 -4733.5 -70.6 192 0 22.9 8.7 5.0 2.5 2 0 2 3 3
1250.5 -4732.6 -71.6 14 0 34.8 10.9 10.0 2.5 2 0 4 3 3
1256.6 -4813.8 -71.1 26 0 8.1 10.4 5.0 2.5 2 1 2 0 0
1308.4 -4908.3 -68.5 347 0 7.7 5.6 5.0 2.5 2 0 2 2 2
1119.4 -4882.6 -85.8 148 0 9.3 16.6 7.5 2.5 2 1 3 5 5
1087.0 -4817.2 -88.1 356 0 12.0 10.6 7.5 2.5 2 0 3 5 5
1303.6 -5065.5 -74.9 269 0 11.4 12.1 5.0 2.5 2 1 2 2 2
1442.2 -5186.7 -71.5 294 0 12.5 13.5 7.5 2.5 2 1 3 0 0
1467.9 -5311.2 -58.6 167 0 16.6 9.2 5.0 2.5 2 0 2 1 1
1483.5 -5380.3 -55.2 268 0 8.5 19.4 7.5 2.5 2 1 3 1 1
1419.1 -5269.3 -66.1 290 0 10.7 13.4 5.0 0.0 0 1 2 1 1
1350.3 -5375.9 -72.6 344 0 9.0 12.3 7.5 2.5 2 1 3 4 4
1283.5 -5099.0 -78.9 8 0 7.6 10.4 7.5 0.0 0 1 3 0 0
1049.0 -5699.7 -49.5 93 0 12.5 16.6 5.0 2.5 2 0 2 1 1
1030.3 -5704.8 -52.0 100 0 13.3 15.8 5.0 2.5 2 0 2 4 4
1028.7 -5354.0 -58.1 187 0 6.0 11.1 7.5 2.5 2 1 3 1 1
1021.1 -5285.6 -68.7 171 0 5.7 14.4 5.0 2.5 4 1 2 1 1
522.4 -5449.5 -85.8 274 0 16.4 15.7 12.5 2.5 2 0 5 5 5
552.4 -5475.7 -83.2 274 0 6.6 12.9 7.5 2.5 2 1 3 3 3
254.8 -5266.8 -90.1 275 0 18.8 12.4 7.5 2.5 2 0 3 0 0
266.4 -5524.9 -80.3 36 0 12.6 12.3 2.5 2.5 2 0 1 0 0
21.7 -5396.6 -92.8 268 0 13.4 13.9 10.0 2.5 2 1 4 4 4
8.2 -5455.6 -88.1 174 0 17.3 11.5 2.5 2.5 2 0 1 1 1
-537.2 -5716.7 -92.7 55 0 11.4 17.8 7.5 2.5 2 1 3 5 5
-5274.7 -3585.8 -93.7 270 0 12.4 32.8 7.5 2.5 2 1 3 5 5
-5352.2 -3603.0 -89.0 201 0 10.4 13.1 7.5 2.5 4 1 3 2 2
-5295.7 -3688.2 -91.8 21 0 8.9 19.0 7.5 2.5 2 1 3 2 2
-5358.4 -3714.4 -86.0 270 0 10.8 11.7 7.5 0.0 0 1 3 4 4
-5368.5 -3754.9 -85.2 2 0 10.3 9.1 7.5 2.5 2 0 3 3 3
-5289.7 -3717.5 -91.8 0 0 16.0 7.3 2.5 2.5 4 0 1 1 1
-5466.3 -3775.9 -81.3 286 0 12.4 11.7 5.0 2.5 2 0 2 3 3
-5405.5 -3698.6 -82.1 275 0 14.6 16.4 2.5 2.5 2 1 1 1 1
-5480.0 -3889.7 -88.5 138 0 10.7 14.5 7.5 2.5 2 1 3 1 1
-5485.9 -3626.9 -84.3 102 0 13.2 11.9 5.0 2.5 2 0 2 4 4
-5445.1 -3670.8 -81.6 89 0 12.2 16.0 10.0 0.0 0 1 4 1 1
-5266.6 -3563.7 -93.3 63 0 8.8 21.7 7.5 2.5 2 1 3 5 5
-5513.9 -3541.5 -88.4 82 0 11.4 9.6 5.0 2.5 2 0 2 5 5
-5895.7 -3621.4 -86.3 91 0 14.7 16.0 2.5 2.5 2 1 1 1 1
-5918.0 -3706.4 -78.2 178 0 13.8 14.0 7.5 2.5 2 1 3 2 2
-5942.1 -3870.5 -75.7 84 0 14.7 13.1 5.0 2.5 2 0 2 0 0
-6025.4 -3855.7 -73.0 94 0 13.8 13.8 7.5 2.5 2 0 3 1 1
-6105.6 -3738.9 -72.9 268 0 20.8 19.5 10.0 2.5 2 0 4 0 0
-6203.4 -3756.9 -70.2 85 0 18.4 12.5 2.5 2.5 2 0 1 3 3
-6157.1 -3486.8 -73.6 342 0 25.1 16.0 7.5 2.5 2 0 3 1 1
-6253.9 -3331.3 -69.7 93 0 14.2 13.1 2.5 2.5 2 0 1 2 2
-6460.5 -3426.5 -64.6 107 0 24.3 14.4 7.5 2.5 2 0 3 3 3
-6413.6 -3427.7 -65.5 355 0 19.0 10.3 7.5 2.5 2 0 3 5 5
-6570.3 -3122.7 -56.0 334 0 22.3 9.5 5.0 2.5 2 0 2 2 2
-3337.9 3238.9 -92.2 241 0 9.6 7.8 5.0 2.5 2 0 2 2 2
-3313.4 3244.8 -91.1 242 0 9.0 16.1 7.5 2.5 4 1 3 4 4
-3357.7 3373.8 -90.5 86 0 8.0 15.4 7.5 2.5 2 1 3 2 2
-3340.1 3523.7 -84.8 262 0 7.9 27.4 5.0 2.5 2 1 2 0 0
-3372.5 3516.0 -87.2 273 0 12.9 17.3 7.5 0.0 0 1 3 0 0
-3460.6 3561.8 -90.5 34 0 8.9 14.5 7.5 2.5 2 1 3 2 2
-3459.0 3671.9 -80.3 288 0 27.9 13.0 10.0 2.5 2 0 4 0 0
-3431.7 3642.1 -81.0 99 0 20.4 16.0 10.0 2.5 2 0 4 3 3
-3390.4 3670.0 -76.9 19 0 17.7 16.2 12.5 2.5 2 0 5 0 0
-3498.8 3736.1 -77.6 359 0 14.6 23.1 10.0 2.5 2 1 4 5 5
-3425.8 3829.3 -77.8 189 0 12.3 17.5 10.0 2.5 2 1 4 1 1
-3400.3 3796.6 -75.0 106 0 13.5 9.8 7.5 2.5 2 0 3 3 3
-3393.7 3840.4 -76.8 266 0 9.7 12.5 5.0 2.5 2 1 2 0 0
-3322.3 3803.0 -71.3 12 0 14.6 19.4 12.5 2.5 2 1 5 4 4
-3326.0 3840.4 -73.5 0 0 14.1 18.1 12.5 2.5 2 1 5 3 3
-3281.2 3733.9 -64.7 85 0 19.3 13.2 10.0 2.5 2 0 4 4 4
-3279.8 3766.1 -65.7 263 0 22.7 10.5 15.0 0.0 0 0 6 5 5
-3252.6 3754.3 -64.7 39 0 13.8 17.7 10.0 2.5 2 1 4 4 4
-3682.0 3595.1 -90.7 176 0 17.3 26.1 10.0 2.5 2 1 4 1 1
-3607.9 3584.3 -90.1 3 0 14.4 26.0 7.5 2.5 2 1 3 1 1
-3629.0 3632.7 -88.8 1 0 25.0 21.8 10.0 2.5 2 0 4 0 0
-3730.8 3657.4 -90.4 196 0 39.7 20.0 10.0 0.0 0 0 4 0 0
-3652.4 3758.4 -85.0 341 0 20.4 42.8 12.5 2.5 4 1 5 2 2
-3724.3 3844.6 -82.4 257 0 24.9 23.9 12.5 2.5 4 0 5 1 1
-5079.0 810.3 -76.0 176 0 10.0 8.3 5.0 2.5 2 0 2 0 0
-5043.2 770.7 -79.7 89 0 6.5 6.6 7.5 0.0 0 1 3 3 3
-5024.4 771.7 -79.4 87 0 5.2 15.3 7.5 2.5 2 1 3 0 0
-5077.7 834.0 -74.3 182 0 9.2 12.0 7.5 2.5 2 1 3 0 0
-5078.0 867.0 -70.9 180 0 14.6 10.2 7.5 2.5 2 0 3 3 3
-4987.1 882.5 -70.6 271 0 8.9 10.5 7.5 0.0 0 1 3 3 3
-4972.2 782.7 -78.7 2 0 11.9 14.3 2.5 2.5 2 1 1 3 3
-5010.2 808.6 -76.6 354 0 9.7 6.7 5.0 2.5 2 0 2 4 4
-5020.4 865.6 -72.2 268 0 10.6 9.0 5.0 2.5 2 0 2 3 3
-5013.2 760.2 -80.3 87 0 8.2 10.3 2.5 2.5 2 1 1 1 1
-4825.3 804.9 -82.5 175 0 22.4 10.9 5.0 2.5 2 0 2 4 4
-4807.9 809.2 -82.3 260 0 8.7 16.7 5.0 2.5 2 1 2 5 5
-4832.4 772.9 -82.7 197 0 12.4 30.1 7.5 2.5 2 1 3 0 0
-4783.9 776.9 -83.3 282 0 11.9 15.4 7.5 0.0 0 1 3 2 2
-4782.9 664.0 -78.9 353 0 8.6 27.6 7.5 2.5 2 1 3 3 3
-4676.3 698.5 -85.6 93 0 10.7 19.4 5.0 2.5 2 1 2 3 3
-4663.2 762.3 -86.4 281 0 12.3 14.5 5.0 2.5 2 1 2 2 2
-4700.9 779.0 -85.5 175 0 14.6 22.2 7.5 2.5 2 1 3 1 1
-4616.2 692.5 -85.3 356 0 14.2 13.8 5.0 2.5 2 0 2 2 2
-4613.3 710.7 -87.0 355 0 15.2 13.0 5.0 0.0 0 0 2 5 5
-4540.0 697.6 -87.6 176 0 6.1 12.1 5.0 2.5 2 0 2 4 4
-4507.6 750.2 -90.2 353 0 11.2 17.9 5.0 2.5 2 1 2 2 2
-4512.0 708.7 -90.3 85 0 11.7 16.7 7.5 2.5 2 1 3 4 4
-4350.2 670.0 -93.2 100 0 18.9 10.9 5.0 2.5 2 0 2 5 5
-4621.0 815.2 -86.5 175 0 10.0 19.5 5.0 2.5 2 1 2 5 5
-4618.9 801.0 -86.8 172 0 9.5 17.6 7.5 2.5 2 1 3 0 0
-3618.7 976.6 -86.2 90 0 6.4 16.0 7.5 2.5 2 1 3 3 3
-3607.2 1008.8 -86.5 357 0 16.1 15.1 2.5 2.5 2 0 1 3 3
-3637.9 1040.8 -86.0 176 0 13.2 13.0 7.5 2.5 2 0 3 5 5
-3656.7 1061.8 -84.8 86 0 9.1 9.2 5.0 2.5 2 1 2 4 4
-3609.0 1085.1 -86.3 1 0 10.7 12.4 7.5 2.5 2 1 3 1 1
-3578.1 927.6 -85.2 218 0 11.6 13.9 7.5 0.0 0 1 3 1 1
-3535.7 893.6 -82.6 108 0 11.5 10.0 2.5 2.5 2 0 1 1 1
-3565.4 904.9 -83.9 129 0 11.1 13.4 5.0 2.5 2 1 2 4 4
433.5 -4538.4 -73.4 110 0 19.8 22.4 12.5 2.5 2 1 5 1 1
374.7 -4590.3 -68.8 110 0 14.4 15.0 2.5 2.5 2 1 1 1 1
349.8 -4588.4 -64.4 96 0 12.3 20.1 5.0 2.5 2 1 2 1 1
370.2 -4547.2 -65.4 270 0 9.5 9.7 7.5 2.5 2 1 3 5 5
-3922.9 3120.7 -66.6 87 0 10.3 14.5 7.5 2.5 2 1 3 0 0
-3945.9 3182.0 -65.5 181 0 20.3 10.7 2.5 2.5 2 0 1 5 5
-3926.4 3326.3 -72.7 282 0 9.1 13.0 5.0 2.5 2 1 2 0 0
-3890.2 3367.0 -76.5 250 0 12.7 12.1 2.5 0.0 0 0 1 5 5
-3977.1 3284.9 -69.2 187 0 9.9 17.3 7.5 2.5 2 1 3 3 3
-3857.9 3342.2 -76.6 20 0 10.1 14.0 5.0 2.5 2 1 2 2 2
-3854.1 3380.6 -78.5 260 0 12.6 13.8 2.5 2.5 2 1 1 4 4
225.6 6681.6 -86.4 81 0 10.9 12.7 2.5 2.5 2 1 1 0 0
164.3 6419.6 -70.1 102 0 14.1 15.1 7.5 2.5 2 1 3 1 1
-68.6 6710.1 -87.2 94 0 16.4 15.5 10.0 2.5 2 0 4 1 1
5051.6 -2066.5 -10.5 3 0 15.5 16.6 12.5 2.5 2 1 5 2 2
5313.1 -2145.3 2.3 16 0 12.5 15.0 7.5 2.5 2 1 3 1 1
5554.1 -2129.8 7.3 358 0 18.4 20.7 12.5 2.5 2 1 5 5 5
5528.3 -2206.1 12.5 357 0 14.0 11.8 2.5 2.5 2 0 1 5 5
-4896.6 -6778.1 -49.7 345 0 5.7 6.6 5.0 0.0 0 1 2 2 2
-4892.1 -6743.4 -43.4 356 0 10.5 12.2 7.5 2.5 2 1 3 2 2
-4898.5 -6683.5 -32.8 262 0 14.6 14.5 10.0 2.5 2 0 4 5 5
-4944.9 -6725.1 -36.9 264 0 8.6 11.2 5.0 2.5 2 1 2 3 3
-4967.2 -6732.8 -36.6 174 0 14.0 14.1 7.5 2.5 4 1 3 5 5
-4951.9 -6790.3 -48.8 170 0 12.0 10.9 7.5 2.5 2 0 3 4 4
-4954.1 -6651.2 -37.4 26 0 13.2 15.3 5.0 2.5 2 1 2 4 4
-4909.2 -6619.7 -33.9 38 0 28.7 14.8 12.5 2.5 2 0 5 4 4
-5053.8 -6560.1 -65.1 302 0 8.9 10.7 5.0 2.5 2 1 2 4 4
-5033.5 -6465.9 -55.2 356 0 11.1 12.9 5.0 2.5 2 1 2 2 2
-5140.2 -6471.4 -67.0 85 0 10.2 6.6 5.0 2.5 2 0 2 1 1
-4951.9 -6490.1 -35.4 180 0 9.9 10.4 7.5 2.5 2 1 3 2 2
-5027.3 -6661.3 -45.9 124 0 11.6 17.2 5.0 2.5 2 1 2 3 3
-5021.6 -6552.8 -57.4 82 0 15.1 16.9 12.5 2.5 2 1 5 2 2
-5159.1 -6596.5 -58.8 186 0 10.3 10.6 5.0 2.5 2 1 2 5 5
-5056.7 -6793.6 -41.2 51 0 36.5 27.8 10.0 0.0 0 0 4 1 1
-5247.5 -6554.9 -67.8 189 0 12.7 15.6 7.5 2.5 2 1 3 4 4
-5075.6 -6447.8 -59.7 86 0 9.8 10.9 7.5 2.5 2 1 3 5 5
-5186.2 -6464.6 -67.3 82 0 15.4 13.5 7.5 0.0 0 0 3 0 0
-5281.3 -6569.0 -69.3 269 0 11.9 20.5 5.0 2.5 2 1 2 5 5
-5253.4 -6475.5 -68.3 93 0 9.2 6.2 7.5 2.5 2 0 3 3 3
-5276.1 -6467.2 -66.8 161 0 7.2 10.7 7.5 2.5 2 1 3 5 5
-5251.4 -6433.7 -60.3 270 0 12.5 6.8 5.0 2.5 2 0 2 0 0
-5227.6 -6482.5 -70.5 75 0 11.5 6.8 7.5 2.5 2 0 3 1 1
-5327.5 -6405.5 -59.5 77 0 13.6 11.9 5.0 2.5 2 0 2 1 1
-5313.6 -6670.5 -64.1 179 0 19.1 24.2 10.0 2.5 2 1 4 0 0
-5255.5 -6729.5 -56.5 357 0 31.4 12.1 10.0 0.0 0 0 4 1 1
-5368.0 -6737.0 -67.4 260 0 32.0 27.0 15.0 0.0 0 0 6 5 5
-5560.5 -6722.3 -81.2 46 0 15.5 15.4 10.5 3.5 2 0 3 0 0
-5620.4 -6731.3 -79.1 152 0 11.7 14.5 10.5 3.5 2 1 3 1 1
-5602.2 -6715.4 -79.6 156 0 14.8 16.0 10.5 3.5 4 1 3 1 1
-5549.2 -6648.0 -79.1 357 0 9.6 13.8 10.5 3.5 2 1 3 3 3
-5593.6 -6563.5 -73.3 107 0 7.3 11.1 5.0 2.5 2 1 2 2 2
-5545.2 -6534.0 -73.8 36 0 18.3 10.4 7.5 2.5 2 0 3 0 0
-5637.4 -6666.1 -74.7 90 0 9.0 13.8 7.5 2.5 2 0 3 4 4
-5644.7 -6585.7 -71.9 171 0 16.1 11.0 2.5 2.5 2 0 1 3 3
-5657.1 -6475.0 -61.3 163 0 8.4 14.1 5.0 2.5 2 1 2 3 3
-5548.5 -6415.2 -65.2 245 0 9.2 23.6 7.5 0.0 0 1 3 2 2
-5560.4 -6396.1 -61.9 264 0 13.4 8.2 2.5 2.5 2 0 1 1 1
-5623.1 -6388.1 -53.8 67 0 17.4 15.3 10.0 2.5 2 0 4 5 5
-5586.0 -6489.7 -66.7 86 0 11.9 12.7 10.0 2.5 2 1 4 4 4
-5543.5 -6375.4 -64.0 250 0 7.5 15.2 7.5 2.5 2 1 3 3 3
-5534.0 -6472.7 -68.2 93 0 13.3 16.6 5.0 2.5 4 1 2 3 3
-5566.9 -6325.5 -64.1 84 0 24.2 8.9 5.0 2.5 2 0 2 1 1
-5530.2 -6259.7 -69.8 184 0 13.8 33.3 7.5 2.5 2 1 3 3 3
-5589.8 -5968.1 -49.2 170 0 12.2 14.4 5.0 2.5 2 1 2 4 4
-5549.7 -6048.7 -52.8 262 0 13.7 17.9 5.0 2.5 2 1 2 2 2
-5461.8 -6024.5 -63.9 336 0 12.3 7.4 2.5 2.5 2 0 1 4 4
-5532.1 -6027.8 -55.2 160 0 11.8 9.0 7.5 2.5 2 0 3 3 3
-5523.9 -6182.8 -65.7 103 0 9.8 10.9 7.5 2.5 2 1 3 0 0
-5374.9 -5975.2 -66.5 178 0 13.6 12.1 10.0 2.5 2 0 4 5 5
-5354.9 -5869.1 -63.8 271 0 13.4 15.5 5.0 2.5 2 1 2 2 2
-5393.2 -6124.4 -65.5 331 0 11.5 11.2 5.0 2.5 4 0 2 5 5
-5161.5 -5916.9 -55.7 180 0 12.7 12.5 5.0 2.5 2 0 2 4 4
-5119.7 -6088.8 -54.4 354 0 13.4 9.4 2.5 2.5 2 0 1 2 2
-5169.1 -5982.0 -61.6 262 0 10.7 18.9 7.5 2.5 2 1 3 2 2
-4646.7 -6127.5 -8.8 262 0 11.3 16.6 7.5 2.5 2 1 3 1 1
-4708.8 -6024.4 8.4 0 0 17.1 14.3 10.0 2.5 2 0 4 2 2
-4488.3 -6210.6 -29.8 280 0 6.0 10.0 5.0 2.5 2 1 2 2 2
-4525.6 -6174.5 -24.6 193 0 11.8 15.0 7.5 2.5 2 1 3 3 3
-4466.4 -6348.5 -44.2 71 0 9.5 7.0 2.5 2.5 2 0 1 4 4
-4485.5 -5842.0 -11.9 350 0 12.7 18.6 7.5 2.5 2 1 3 3 3
-4559.0 -5726.4 -0.8 186 0 12.1 8.2 7.5 2.5 2 0 3 5 5
-3571.0 -5932.9 -51.3 101 0 11.4 11.4 2.5 2.5 2 0 1 0 0
-3346.0 -6085.5 -50.5 354 0 4.8 9.1 7.5 2.5 4 1 3 5 5
5214.6 2831.7 -62.0 0 0 12.2 13.2 10.0 0.0 0 1 4 2 2
5214.6 2815.1 -62.4 352 0 11.8 6.8 7.5 2.5 2 0 3 4 4
5281.5 2733.0 -67.3 198 0 9.6 22.7 5.0 2.5 2 1 2 2 2
5033.5 2895.1 -60.3 116 0 10.2 11.6 5.0 2.5 2 1 2 0 0
5080.9 2967.6 -60.6 34 0 11.5 11.2 5.0 2.5 2 0 2 2 2
5884.7 2550.0 -71.6 28 0 11.2 11.6 7.5 2.5 4 1 3 3 3
-6583.3 4929.2 -62.8 277 0 10.1 11.7 2.5 2.5 2 1 1 5 5
4934.3 5489.9 -58.9 105 0 12.8 10.2 7.5 0.0 0 0 3 0 0
-3130.5 -749.9 -87.3 260 0 10.1 11.8 7.5 2.5 2 1 3 4 4
-3163.0 -726.4 -85.6 257 0 9.9 11.7 7.5 2.5 2 1 3 1 1
-3110.7 -775.8 -87.7 1 0 15.1 11.3 7.5 2.5 2 0 3 0 0
-3166.7 -766.4 -84.8 171 0 8.1 14.2 7.5 2.5 2 1 3 1 1
-3135.1 -840.7 -84.2 88 0 8.4 11.9 2.5 2.5 2 1 1 3 3
-2728.8 -815.9 -96.5 350 0 16.4 14.6 5.0 2.5 4 0 2 0 0
-2712.9 -740.1 -97.4 171 0 10.5 20.4 5.0 2.5 2 1 2 0 0
-2686.1 -902.9 -88.5 166 0 18.5 8.0 7.5 2.5 2 0 3 4 4
-2530.6 -838.5 -92.0 199 0 12.3 11.8 2.5 2.5 2 0 1 5 5
-2332.4 -881.2 -85.9 182 0 13.2 13.3 5.0 0.0 0 1 2 2 2
-2380.2 -813.4 -87.2 181 0 14.9 9.4 2.5 2.5 2 0 1 1 1
-2362.0 -753.4 -87.4 177 0 11.5 16.8 7.5 2.5 2 1 3 2 2
-2405.1 -773.2 -89.2 179 0 18.6 14.2 10.0 2.5 2 0 4 2 2
-2268.4 -660.8 -85.4 90 0 11.0 11.6 5.0 2.5 2 1 2 3 3
-2263.6 -626.5 -86.6 88 0 10.8 11.4 2.5 2.5 4 1 1 3 3
-2299.3 -634.2 -87.5 183 0 8.3 22.6 5.0 2.5 2 1 2 4 4
-2178.6 -709.3 -80.7 194 0 9.8 9.1 2.5 0.0 0 0 1 0 0
-2187.7 -750.6 -81.3 273 0 9.7 24.2 7.5 2.5 2 1 3 4 4
-2169.8 -794.4 -80.1 188 0 7.5 9.8 5.0 2.5 2 1 2 1 1
-2197.5 -910.2 -81.1 86 0 11.7 9.5 2.5 2.5 2 0 1 3 3
-2213.7 -869.3 -81.8 277 0 12.1 11.1 5.0 2.5 2 0 2 4 4
-2070.8 -648.3 -71.1 20 0 14.7 12.7 7.5 2.5 2 0 3 1 1
-1991.7 -695.6 -63.4 7 0 17.4 9.7 5.0 2.5 4 0 2 1 1
-2045.0 -583.1 -70.0 18 0 11.9 13.7 5.0 2.5 2 1 2 5 5
-2123.5 -595.6 -77.0 88 0 5.5 8.5 7.5 2.5 2 0 3 1 1
-2175.1 -456.4 -85.5 269 0 12.3 18.3 7.5 2.5 2 1 3 0 0
-2096.0 -436.5 -79.2 355 0 11.9 11.9 5.0 2.5 2 0 2 1 1
-1608.3 -531.9 -17.9 279 0 17.9 11.6 7.5 2.5 2 0 3 5 5
-1562.4 -521.4 -17.4 274 0 12.0 12.4 7.5 2.5 2 1 3 5 5
-1284.5 -446.8 -11.5 87 0 8.9 12.3 5.0 2.5 2 1 2 2 2
-1417.6 -508.5 -15.3 98 0 10.5 8.4 5.0 2.5 2 0 2 4 4
-1472.8 -464.4 -18.4 91 0 17.7 14.1 5.0 2.5 2 0 2 4 4
-1402.1 -271.9 -22.4 170 0 8.6 11.8 7.5 2.5 2 1 3 1 1
5365.7 -6732.0 -89.7 174 0 11.3 9.5 7.5 2.5 2 0 3 4 4
5378.5 -6747.9 -89.4 83 0 8.2 10.5 7.5 0.0 0 1 3 4 4
5888.9 -6320.7 -26.6 157 0 10.5 16.9 2.5 2.5 2 1 1 4 4
5861.2 -6302.1 -27.1 348 0 8.8 6.7 7.5 2.5 2 0 3 0 0
5842.7 -6301.3 -27.4 357 0 8.5 6.5 7.5 2.5 2 0 3 4 4
5782.6 -6647.2 -20.7 98 0 10.8 9.2 7.5 0.0 0 0 3 2 2
5785.0 -6636.1 -20.7 103 0 11.6 9.3 7.5 2.5 2 0 3 4 4
5784.6 -6618.7 -21.3 194 0 8.9 10.1 7.5 2.5 2 1 3 1 1
5812.1 -6634.1 -21.4 12 0 9.0 12.2 5.0 2.5 2 1 2 5 5
5786.5 -6582.3 -24.0 195 0 8.1 10.7 7.5 2.5 2 1 3 4 4
5836.8 -6227.5 -29.8 358 0 12.0 10.5 7.5 2.5 4 0 3 1 1
5790.9 -6182.9 -30.1 183 0 12.5 8.6 2.5 2.5 2 0 1 2 2
5910.9 -6058.2 -32.5 196 0 12.5 6.9 7.5 2.5 4 0 3 1 1
5919.3 -6019.0 -32.0 208 0 9.9 12.2 5.0 2.5 4 1 2 0 0
6272.0 -5585.6 -21.2 345 0 6.1 7.9 2.5 2.5 2 1 1 5 5
6261.4 -5551.7 -19.7 329 0 6.9 8.3 2.5 2.5 2 1 1 1 1
-1471.2 -302.1 -23.2 203 0 11.7 13.1 10.0 2.5 2 1 4 5 5
-1485.1 -252.9 -25.2 176 0 10.5 10.3 7.5 2.5 2 0 3 5 5
-1441.3 -285.9 -22.9 181 0 6.2 12.7 5.0 2.5 4 1 2 4 4
-1388.5 -233.6 -23.4 179 0 10.2 10.6 2.5 2.5 2 1 1 1 1
-1518.2 -95.7 -25.4 182 0 11.2 12.6 2.5 0.0 0 1 1 5 5
-1546.0 -95.3 -25.7 181 0 10.8 11.4 5.0 2.5 2 1 2 1 1
-1536.9 -186.4 -28.1 176 0 7.9 11.3 7.5 0.0 0 1 3 4 4
-1328.1 13.2 -17.1 96 0 10.2 15.4 7.5 2.5 2 1 3 4 4
-1300.2 -5.8 -19.9 276 0 12.7 18.4 7.5 2.5 2 1 3 3 3
-956.1 39.2 -2.7 18 0 11.3 14.1 5.0 2.5 2 1 2 1 1
-1198.1 -111.3 -22.2 249 0 6.9 14.1 5.0 2.5 4 1 2 2 2
-1232.0 -122.3 -22.9 267 0 10.5 11.2 7.5 2.5 2 1 3 0 0
-1237.1 35.4 -12.8 93 0 9.2 11.9 7.5 2.5 2 1 3 3 3
-1144.2 -89.0 -21.1 268 0 13.5 5.0 5.0 2.5 2 0 2 2 2
-1029.8 665.6 1.9 315 0 10.1 6.6 7.5 2.5 2 0 3 3 3
-1028.7 638.1 5.3 146 0 8.7 7.3 2.5 2.5 2 0 1 4 4
-1387.5 682.0 -10.7 2 0 7.3 13.7 2.5 2.5 2 1 1 3 3
-1730.7 94.2 -21.4 277 0 11.6 8.6 2.5 2.5 2 0 1 3 3
-1478.0 153.2 -10.1 195 0 9.5 7.7 7.5 0.0 0 0 3 3 3
-1374.1 1.8 -20.4 276 0 12.2 11.2 7.5 2.5 2 0 3 2 2
-1539.8 96.0 -15.6 196 0 5.8 23.4 7.5 2.5 2 1 3 1 1
-1536.4 118.1 -14.0 7 0 11.3 15.8 5.0 2.5 2 1 2 5 5
-6761.1 4632.0 -68.8 180 0 17.6 17.5 10.0 2.5 2 0 4 2 2
2793.6 229.1 57.3 6 0 11.6 12.8 7.5 2.5 2 1 3 0 0
-2391.7 -6763.1 -98.2 256 0 15.2 17.8 10.0 2.5 2 1 4 0 0
-2532.7 -6665.6 -91.5 358 0 16.8 10.4 10.0 2.5 2 0 4 2 2
-2533.4 -6685.7 -91.8 355 0 11.0 9.8 7.5 2.5 2 0 3 5 5
-2534.8 -6698.8 -91.9 358 0 10.9 9.1 7.5 2.5 2 0 3 4 4
-5382.1 -502.7 -73.5 95 0 11.6 11.6 5.0 2.5 2 1 2 5 5
-5237.7 116.7 -81.2 284 0 11.4 17.1 10.0 2.5 4 1 4 2 2
-3895.6 -553.4 -92.6 183 0 52.5 65.1 12.5 0.0 0 1 5 1 1
-3849.2 -449.3 -88.5 273 0 44.4 13.0 12.5 2.5 2 0 5 5 5
-3920.8 -855.0 -86.1 30 0 12.1 14.5 2.5 2.5 2 1 1 4 4
-4047.7 -837.6 -77.8 344 0 9.8 13.3 5.0 2.5 2 1 2 4 4
-4056.2 -797.5 -80.3 262 0 10.5 14.7 10.0 2.5 2 1 4 0 0
-3361.2 -708.2 -81.0 137 0 16.6 16.0 12.5 2.5 2 0 5 0 0
-3831.6 -615.3 -91.5 104 0 9.9 11.2 7.5 2.5 2 1 3 3 3
-3827.3 -482.1 -86.6 6 0 10.9 18.4 2.5 2.5 4 1 1 1 1
-3944.6 -472.4 -93.5 338 0 14.5 14.2 5.0 2.5 2 0 2 1 1
-3837.6 -823.9 -94.2 193 0 11.3 11.2 10.0 2.5 2 0 4 3 3
-3929.1 -881.7 -85.7 25 0 17.8 25.2 10.0 2.5 4 1 4 1 1
-4148.4 -721.3 -79.8 182 0 9.2 9.4 5.0 2.5 2 1 2 1 1
-4792.5 -816.9 -84.9 45 0 14.2 9.5 7.5 0.0 0 0 3 3 3
4281.2 -2083.0 -78.7 2 0 12.9 16.9 5.0 2.5 2 1 2 1 1
4429.4 -2393.4 -82.5 11 0 14.1 19.3 10.0 2.5 2 1 4 5 5
4338.4 -2442.2 -86.1 282 0 14.2 13.2 5.0 0.0 0 0 2 3 3
4370.0 -2452.2 -85.5 282 0 14.6 13.2 7.5 0.0 0 0 3 3 3
4802.2 -627.9 -85.4 272 0 13.3 12.0 2.5 0.0 0 0 1 4 4
4748.7 -619.0 -83.7 139 0 13.3 11.4 5.0 2.5 4 0 2 1 1
4762.4 -654.3 -85.4 76 0 8.4 13.2 5.0 2.5 2 1 2 1 1
4871.3 -668.8 -85.3 19 0 13.7 15.3 7.5 2.5 2 1 3 2 2
6909.3 -5911.7 -95.5 336 0 16.0 14.5 5.0 2.5 2 0 2 0 0
6905.8 -5948.8 -98.2 325 0 21.4 20.4 12.5 2.5 2 0 5 1 1
6849.0 -5864.9 -96.9 233 0 14.0 18.9 10.0 2.5 2 1 4 2 2
6811.5 -5914.2 -97.5 154 0 19.7 30.2 17.5 0.0 0 1 7 1 1
6816.7 -5963.0 -98.2 131 0 10.6 28.2 7.5 2.5 2 1 3 3 3
6787.2 -5689.1 -90.3 78 0 16.3 11.7 5.0 2.5 2 0 2 0 0
6721.4 -5623.8 -87.7 170 0 12.5 19.4 5.0 2.5 4 1 2 5 5
-5283.4 86.6 -81.3 105 0 20.9 24.8 15.0 0.0 0 1 6 5 5
-5050.5 1063.2 -68.3 85 0 11.4 18.4 5.0 2.5 2 1 2 4 4
-4884.7 1147.3 -83.3 92 0 9.9 15.8 5.0 2.5 4 1 2 5 5
-5072.7 1483.6 -84.1 345 0 10.0 13.5 5.0 2.5 2 1 2 1 1
-5069.6 1474.5 -84.2 264 0 7.7 10.5 5.0 2.5 2 1 2 1 1
-5045.6 1389.8 -84.5 91 0 18.2 13.3 7.5 2.5 2 0 3 3 3
-4959.3 1290.3 -85.7 100 0 14.1 11.3 2.5 2.5 2 0 1 1 1
-4873.4 1196.4 -85.7 255 0 10.0 16.3 7.5 2.5 2 1 3 5 5
-4982.9 1207.0 -81.6 233 0 12.8 15.3 5.0 0.0 0 1 2 2 2
-4019.2 1407.0 -70.9 275 0 15.8 12.7 5.0 2.5 2 0 2 2 2
-4057.5 1312.7 -73.5 115 0 8.4 11.0 5.0 2.5 2 1 2 0 0
-4083.4 1402.5 -73.5 188 0 11.4 12.8 5.0 2.5 2 1 2 5 5
-3988.0 1357.4 -70.1 276 0 8.1 16.6 7.5 2.5 2 1 3 0 0
-3845.1 1210.4 -75.8 94 0 10.9 19.4 2.5 2.5 2 1 1 4 4
-3790.7 1249.9 -78.0 350 0 14.1 35.0 12.5 0.0 0 1 5 2 2
-3853.1 1045.1 -79.3 18 0 13.3 10.9 10.0 2.5 2 0 4 4 4
-3857.3 1023.6 -80.2 4 0 20.6 12.2 10.0 2.5 2 0 4 0 0
-3997.3 -3093.6 -54.1 265 0 9.9 7.0 5.0 2.5 4 0 2 5 5
-3951.2 -3113.7 -54.7 199 0 7.1 8.4 5.0 2.5 4 1 2 4 4
-4146.4 -3143.9 -48.2 195 0 7.1 12.1 5.0 2.5 2 1 2 3 3
-4037.4 -3055.8 -53.8 109 0 8.7 10.0 5.0 2.5 2 1 2 1 1
-4146.1 -2967.1 -46.7 101 0 9.4 8.9 5.0 2.5 2 0 2 5 5
-4208.1 -3018.9 -53.2 112 0 15.4 12.2 7.5 2.5 2 0 3 3 3
-3946.1 -2988.8 -58.4 287 0 10.4 10.6 7.5 2.5 2 1 3 2 2
-3977.3 -3143.3 -53.1 0 0 8.5 19.7 5.0 0.0 0 1 2 0 0
-4278.4 -2806.7 -67.6 112 0 10.7 8.3 2.5 0.0 0 0 1 4 4
-4598.6 -2652.4 -93.9 256 0 16.3 7.6 5.0 2.5 2 0 2 5 5
-4498.6 -2586.4 -96.5 31 0 9.6 12.3 7.5 2.5 2 1 3 4 4
-4481.5 -2586.8 -96.9 202 0 11.6 7.4 5.0 2.5 2 0 2 3 3
-4713.9 -2916.7 -90.6 193 0 16.6 11.0 2.5 2.5 2 0 1 1 1
-4889.0 -2919.1 -90.0 100 0 13.2 13.1 7.5 2.5 2 0 3 0 0
-4916.5 -2904.5 -89.7 86 0 8.2 8.5 2.5 2.5 2 1 1 5 5
-4929.9 -2902.8 -89.7 95 0 10.3 8.6 7.5 2.5 2 0 3 2 2
-4935.0 -2795.6 -89.1 89 0 10.9 10.7 2.5 2.5 4 0 1 2 2
-4496.9 -2324.4 -93.7 177 0 9.7 17.7 5.0 0.0 0 1 2 0 0
-5001.1 -2525.3 -78.8 96 0 11.0 20.5 5.0 0.0 0 1 2 3 3
-5179.1 -2520.9 -76.5 159 0 8.1 11.1 5.0 2.5 2 1 2 2 2
-5089.8 -2449.8 -77.7 25 0 11.9 13.1 7.5 2.5 2 1 3 0 0
-5059.6 -2683.3 -85.5 200 0 10.0 13.4 7.5 2.5 2 1 3 5 5
-5052.1 -2670.3 -85.3 192 0 10.9 9.7 5.0 2.5 2 0 2 3 3
-5016.4 -2670.9 -87.1 270 0 13.5 8.3 5.0 2.5 2 0 2 3 3
-5026.1 -2708.6 -87.3 112 0 8.4 8.5 5.0 2.5 2 1 2 4 4
-5154.2 -2699.5 -81.0 176 0 9.8 11.1 5.0 2.5 2 1 2 1 1
-5223.2 -2511.0 -77.4 254 0 6.8 12.4 2.5 2.5 2 1 1 5 5
-5638.6 -2379.3 -79.3 82 0 11.4 13.4 5.0 2.5 4 1 2 5 5
-5628.5 -2404.0 -79.5 262 0 10.4 16.3 5.0 2.5 2 1 2 3 3
-5600.8 -2332.0 -78.5 360 0 8.6 12.8 5.0 2.5 4 1 2 2 2
-5597.6 -2280.4 -76.9 203 0 11.7 9.5 5.0 2.5 2 0 2 1 1
-5614.8 -2202.1 -70.0 265 0 8.1 7.1 2.5 2.5 2 0 1 4 4
-5525.9 -2282.6 -76.2 296 0 11.3 12.2 5.0 2.5 4 1 2 0 0
-5566.4 -2294.0 -77.5 101 0 12.6 10.9 5.0 2.5 2 0 2 0 0
-5567.8 -2265.9 -77.3 306 0 9.6 8.7 5.0 2.5 2 0 2 5 5
-5530.6 -2484.9 -76.9 357 0 10.4 16.9 5.0 2.5 2 1 2 4 4
-5509.1 -2532.0 -76.1 354 0 9.2 12.1 5.0 2.5 2 1 2 4 4
-5582.3 -2484.5 -78.2 160 0 7.7 16.3 5.0 2.5 2 1 2 2 2
5119.5 3537.7 -67.5 354 0 5.6 6.0 5.0 0.0 0 1 2 1 1
5167.6 3538.2 -69.2 358 0 11.9 6.2 5.0 2.5 2 0 2 5 5
5137.2 3533.0 -68.1 175 0 9.3 3.7 7.5 0.0 0 0 3 3 3
5030.1 3708.3 -76.3 93 0 17.5 11.9 5.0 2.5 2 0 2 5 5
5132.5 3759.1 -78.9 176 0 10.0 39.4 7.5 2.5 2 1 3 3 3
5197.6 3758.5 -79.4 84 0 38.2 10.9 10.0 2.5 2 0 4 3 3
5235.4 3784.6 -80.3 354 0 5.3 10.2 7.5 2.5 2 1 3 0 0
5121.5 3818.7 -82.3 167 0 39.5 11.3 10.0 2.5 2 0 4 5 5
5137.3 3694.8 -75.5 2 0 13.5 12.7 2.5 2.5 2 0 1 0 0
5180.1 3562.1 -70.3 352 0 11.4 10.7 10.0 2.5 2 0 4 2 2
5031.4 3414.2 -61.5 188 0 7.2 13.2 5.0 2.5 2 1 2 5 5
456.4 4909.2 -29.7 33 0 12.8 10.1 5.0 2.5 2 0 2 5 5
518.3 4841.6 -24.7 117 0 20.6 14.3 12.5 2.5 4 0 5 2 2
595.1 4990.1 -40.0 27 0 10.3 12.8 7.5 2.5 2 1 3 2 2
507.3 5067.1 -46.6 266 0 11.1 20.7 5.0 2.5 4 1 2 5 5
569.7 5058.4 -44.7 282 0 8.3 26.9 7.5 2.5 2 1 3 4 4
543.7 4805.9 -28.4 300 0 16.6 22.8 10.0 2.5 2 1 4 2 2
298.6 5054.7 -38.3 270 0 10.6 18.2 5.0 0.0 0 1 2 3 3
251.3 4974.0 -31.0 107 0 9.2 8.8 2.5 2.5 2 0 1 5 5
248.3 5206.0 -36.7 274 0 17.7 13.6 5.0 2.5 2 0 2 2 2
165.3 5184.5 -29.8 23 0 17.2 16.9 12.5 2.5 2 0 5 2 2
108.1 5218.3 -25.8 287 0 13.9 21.4 12.5 2.5 2 1 5 0 0
358.8 5192.3 -44.4 87 0 14.2 14.5 10.0 2.5 2 1 4 0 0
280.4 5160.3 -41.0 111 0 16.0 14.8 2.5 2.5 2 0 1 0 0
410.4 5229.2 -46.1 357 0 17.8 15.7 7.5 2.5 2 0 3 5 5
485.7 4952.0 -35.5 83 0 17.4 18.9 12.5 2.5 4 1 5 3 3
699.3 4744.6 -38.8 269 0 15.9 13.8 2.5 2.5 2 0 1 1 1
761.0 4717.5 -40.4 276 0 13.4 7.9 7.5 2.5 4 0 3 4 4
845.3 4856.5 -36.1 342 0 11.8 11.2 7.5 2.5 2 0 3 3 3
773.4 4814.5 -36.7 11 0 12.5 15.2 2.5 2.5 2 1 1 1 1
879.1 5121.6 -54.8 288 0 13.0 9.9 7.5 2.5 2 0 3 4 4
940.0 5084.4 -53.7 103 0 12.4 10.9 7.5 2.5 4 0 3 3 3
828.1 5111.2 -51.2 174 0 14.1 14.8 5.0 2.5 2 1 2 5 5
771.4 5035.6 -38.9 263 0 10.6 9.5 5.0 2.5 2 0 2 2 2
766.8 4991.6 -35.8 90 0 9.9 11.4 2.5 2.5 4 1 1 0 0
676.5 4996.5 -40.2 262 0 7.3 19.7 5.0 2.5 2 1 2 5 5
761.9 4659.2 -42.4 118 0 15.4 16.8 7.5 2.5 4 1 3 3 3
795.2 4552.2 -47.9 199 0 16.7 14.8 10.0 2.5 2 0 4 4 4
755.2 4492.7 -48.8 285 0 17.9 13.9 7.5 2.5 2 0 3 4 4
656.8 4355.3 -53.5 285 0 10.4 15.3 2.5 2.5 2 1 1 4 4
660.7 4310.7 -57.5 1 0 9.9 12.1 5.0 2.5 2 1 2 3 3
605.4 4352.6 -53.2 290 0 25.9 18.0 10.0 2.5 2 0 4 4 4
586.2 4311.5 -55.6 105 0 17.3 13.9 2.5 2.5 2 0 1 4 4
537.6 4343.0 -51.9 188 0 15.1 16.0 7.5 2.5 2 1 3 5 5
569.0 4395.5 -45.8 356 0 12.0 11.9 7.5 2.5 2 0 3 3 3
422.1 4367.4 -47.2 176 0 12.2 12.0 5.0 2.5 2 0 2 0 0
547.4 4074.5 -49.8 85 0 25.4 15.8 10.0 0.0 0 0 4 4 4
583.1 4087.1 -51.4 14 0 20.8 17.2 10.0 2.5 2 0 4 0 0
686.2 4064.7 -55.9 97 0 13.6 15.2 2.5 2.5 2 1 1 4 4
711.0 4097.4 -58.1 356 0 22.7 21.0 12.5 2.5 2 0 5 5 5
723.9 3943.8 -49.1 79 0 11.8 20.0 7.5 2.5 2 1 3 0 0
328.1 3944.8 -44.4 85 0 14.2 15.5 7.5 2.5 2 1 3 4 4
283.3 4005.4 -43.3 192 0 16.3 22.5 7.5 2.5 2 1 3 0 0
278.7 4136.3 -45.5 91 0 12.6 11.2 5.0 2.5 2 0 2 0 0
81.4 5703.4 -13.7 309 0 30.3 15.6 10.0 2.5 2 0 4 1 1
101.9 5709.6 -15.4 309 0 25.7 17.7 15.0 0.0 0 0 6 2 2
44.9 5595.2 -7.4 132 0 14.3 14.7 10.0 2.5 2 1 4 4 4
206.4 5887.9 -31.6 160 0 8.3 20.1 5.0 0.0 0 1 2 5 5
460.5 5993.7 -65.2 267 0 7.3 38.8 7.5 2.5 2 1 3 5 5
466.9 5999.3 -67.0 248 0 7.6 41.2 7.5 0.0 0 1 3 4 4
542.7 6005.2 -72.9 93 0 15.2 14.5 5.0 2.5 2 0 2 3 3
598.6 6056.1 -71.8 268 0 15.4 18.3 10.0 2.5 2 1 4 3 3
220.3 6266.9 -70.1 90 0 13.2 12.5 5.0 2.5 2 0 2 5 5
193.7 6272.0 -69.4 94 0 15.2 17.6 12.5 2.5 2 1 5 5 5
166.5 6278.1 -67.6 87 0 8.1 16.7 5.0 2.5 2 1 2 0 0
1083.7 4747.3 -46.6 238 0 16.5 12.3 7.5 2.5 2 0 3 2 2
1125.9 4749.7 -46.5 243 0 16.4 17.5 10.0 2.5 2 1 4 5 5
1158.8 4772.3 -48.3 240 0 13.7 14.9 10.0 2.5 2 1 4 3 3
1208.7 4657.9 -40.1 84 0 14.6 18.0 12.5 2.5 2 1 5 3 3
1151.5 4702.8 -43.7 79 0 15.1 17.3 12.5 2.5 4 1 5 4 4
1090.4 4808.5 -49.2 323 0 12.4 15.9 2.5 2.5 2 1 1 4 4
1015.2 4724.5 -46.8 56 0 14.2 36.9 12.5 2.5 2 1 5 0 0
939.4 4661.1 -45.0 303 0 15.9 12.7 10.0 2.5 2 0 4 3 3
900.4 4348.7 -51.2 86 0 15.8 14.8 5.0 2.5 2 0 2 5 5
918.3 4422.6 -47.0 14 0 13.3 12.3 5.0 2.5 2 0 2 5 5
929.3 4471.3 -44.7 3 0 12.0 12.7 5.0 0.0 0 1 2 3 3
888.3 4488.4 -46.5 177 0 12.0 14.4 2.5 2.5 2 1 1 5 5
879.4 4426.1 -48.7 189 0 16.6 14.6 5.0 0.0 0 0 2 0 0
935.3 4564.7 -44.4 202 0 12.4 7.8 2.5 2.5 2 0 1 1 1
918.5 4629.9 -44.9 21 0 9.4 18.3 5.0 2.5 2 1 2 4 4
970.9 4607.9 -43.4 297 0 13.3 16.1 5.0 2.5 2 1 2 1 1
1218.8 4766.0 -48.4 292 0 12.2 19.2 12.5 0.0 0 1 5 0 0
1244.1 4837.4 -55.1 183 0 13.3 10.4 5.0 2.5 2 0 2 5 5
1357.9 4742.9 -56.3 172 0 25.9 20.4 10.0 2.5 2 0 4 2 2
1453.6 4877.0 -68.0 87 0 18.8 22.5 10.0 2.5 2 1 4 0 0
1397.6 4920.3 -63.9 266 0 10.6 14.0 2.5 2.5 2 1 1 2 2
1552.4 4607.5 -52.3 271 0 20.3 19.2 10.0 2.5 2 0 4 3 3
1688.0 4764.9 -60.1 254 0 20.6 20.0 15.0 0.0 0 0 6 0 0
1721.5 4786.4 -58.6 244 0 22.5 15.5 12.5 2.5 4 0 5 5 5
1701.1 4775.7 -59.2 209 0 9.5 8.8 2.5 0.0 0 0 1 3 3
1715.7 4767.5 -58.7 264 0 14.2 19.5 2.5 2.5 2 1 1 2 2
1932.3 4547.4 -45.4 87 0 15.6 18.3 15.0 0.0 0 1 6 2 2
1744.2 4811.6 -58.6 63 0 28.4 35.6 15.0 0.0 0 1 6 5 5
1705.4 4802.7 -59.3 91 0 18.9 18.5 15.0 0.0 0 0 6 2 2
1757.0 4790.8 -56.8 191 0 9.5 12.9 7.5 2.5 4 1 3 2 2
1787.5 4841.6 -57.9 81 0 13.3 14.8 5.0 2.5 2 1 2 1 1
1898.5 4730.4 -45.1 266 0 12.0 19.5 12.5 2.5 2 1 5 2 2
1902.4 4630.6 -42.0 179 0 16.6 12.9 5.0 2.5 4 0 2 3 3
2006.0 4689.1 -41.9 4 0 15.1 16.1 12.5 2.5 2 1 5 0 0
1949.0 4750.5 -42.4 279 0 15.0 19.2 10.0 2.5 2 1 4 2 2
1947.5 4605.0 -41.3 5 0 15.4 20.0 12.5 2.5 2 1 5 3 3
1903.1 4569.4 -46.6 178 0 22.3 14.0 7.5 2.5 2 0 3 5 5
1946.2 4430.0 -48.8 98 0 11.4 15.5 2.5 0.0 0 1 1 5 5
2012.7 4442.8 -43.8 5 0 15.2 17.9 5.0 2.5 4 1 2 2 2
2022.7 4367.9 -39.1 350 0 17.6 20.1 12.5 2.5 2 1 5 1 1
1979.1 4359.0 -41.1 263 0 15.8 24.6 10.0 2.5 2 1 4 1 1
1868.8 4508.7 -53.9 80 0 7.7 9.6 5.0 2.5 2 1 2 4 4
1876.5 4532.1 -52.3 1 0 9.5 10.3 5.0 2.5 2 1 2 4 4
1963.2 4275.5 -39.1 17 0 16.7 16.7 10.0 2.5 2 1 4 5 5
1921.7 4314.5 -43.8 178 0 23.9 9.6 7.5 2.5 2 0 3 2 2
2509.0 4266.0 -49.6 123 0 14.1 14.6 5.0 2.5 4 1 2 5 5
2436.1 4466.9 -59.1 84 0 15.0 19.8 10.0 0.0 0 1 4 3 3
3011.1 -2208.4 -73.7 277 0 10.0 11.8 5.0 2.5 2 1 2 2 2
3000.4 -2293.1 -76.9 259 0 3.5 7.8 5.0 2.5 2 1 2 1 1
2850.9 -1831.5 -54.3 270 0 8.1 11.3 5.0 2.5 2 1 2 3 3
3305.2 -2325.2 -79.1 40 0 13.0 7.9 7.5 2.5 2 0 3 0 0
3538.1 -2085.4 -70.3 11 0 10.8 12.4 10.0 2.5 4 1 4 2 2
3571.0 -2169.5 -72.8 18 0 10.4 6.7 7.5 2.5 4 0 3 2 2
3357.0 -2272.4 -75.2 265 0 17.9 13.8 2.5 2.5 4 0 1 4 4
3280.1 -2385.6 -81.7 63 0 11.7 10.8 2.5 2.5 2 0 1 4 4
3083.1 -2446.7 -76.9 109 0 13.6 17.8 7.5 2.5 2 1 3 5 5
3158.0 -2436.0 -78.4 7 0 4.0 9.0 5.0 2.5 4 1 2 1 1
3019.4 -2644.6 -74.8 28 0 9.4 9.1 5.0 2.5 2 0 2 2 2
3269.8 -2553.0 -79.4 289 0 9.8 9.3 7.5 2.5 2 0 3 2 2
3292.2 -2597.2 -81.0 265 0 7.8 18.6 7.5 2.5 2 1 3 0 0
4512.3 -1596.1 -68.6 45 0 15.8 18.5 10.0 2.5 4 1 4 5 5
4480.2 -1582.8 -69.6 222 0 17.0 9.1 2.5 2.5 2 0 1 0 0
4470.8 -1570.1 -72.2 33 0 9.6 15.5 7.5 2.5 2 1 3 5 5
4455.2 -1584.7 -71.1 38 0 14.0 8.3 7.5 2.5 2 0 3 3 3
4034.3 -1922.4 -85.7 90 0 18.0 7.3 7.5 2.5 2 0 3 2 2
5439.2 -6799.5 -82.8 358 0 8.9 7.9 5.0 2.5 2 0 2 4 4
5417.7 -6726.2 -85.5 253 0 14.6 16.8 10.0 2.5 2 1 4 3 3
3798.3 -1974.3 -77.2 257 0 9.9 8.4 2.5 2.5 2 0 1 5 5
3755.4 -1935.9 -74.6 79 0 6.7 6.5 7.5 2.5 2 0 3 1 1
3749.3 -1948.1 -75.2 5 0 5.7 7.3 5.0 2.5 4 1 2 3 3
3729.2 -1950.8 -75.1 195 0 9.4 5.1 7.5 2.5 2 0 3 1 1
3714.5 -1937.4 -74.1 176 0 7.7 10.1 7.5 0.0 0 1 3 2 2
3726.7 -1958.6 -75.6 196 0 4.8 5.7 5.0 0.0 0 1 2 5 5
3720.0 -1964.5 -75.7 286 0 4.4 10.8 7.5 0.0 0 1 3 3 3
4506.0 -6348.0 -89.2 175 0 11.4 18.0 5.0 2.5 2 1 2 2 2
4478.8 -6542.7 -93.7 112 0 13.2 13.5 7.5 2.5 2 1 3 2 2
4192.1 -6586.6 -88.4 85 0 18.9 16.3 7.5 2.5 2 0 3 3 3
4077.0 -6513.9 -84.4 282 0 18.0 12.7 7.5 2.5 2 0 3 2 2
3941.4 -6447.7 -81.8 74 0 12.3 14.7 5.0 2.5 2 1 2 1 1
4582.0 -6363.4 -92.0 351 0 9.1 12.7 2.5 2.5 4 1 1 1 1
4639.9 -6039.2 -89.4 113 0 14.6 13.7 10.0 2.5 2 0 4 2 2
4372.7 -6603.9 -91.6 260 0 4.7 11.6 5.0 2.5 2 1 2 0 0
4281.0 -6539.6 -85.6 348 0 12.4 13.2 5.0 2.5 2 1 2 0 0
4091.8 -6287.5 -67.1 90 0 12.7 12.8 2.5 2.5 2 1 1 1 1
4340.5 -6581.5 -90.0 262 0 18.3 18.0 10.0 2.5 2 0 4 4 4
4675.1 -6446.6 -98.5 141 0 12.6 10.9 2.5 2.5 2 0 1 2 2
4725.6 -6482.4 -101.6 122 0 11.1 21.3 7.5 2.5 2 1 3 4 4
4740.8 -6258.5 -96.0 349 0 14.8 13.0 5.0 2.5 2 0 2 5 5
4708.7 -6231.5 -94.1 296 0 12.8 9.9 5.0 2.5 2 0 2 5 5
4637.3 -6410.9 -96.0 265 0 13.5 7.9 2.5 2.5 2 0 1 4 4
4578.8 -6231.2 -87.9 84 0 9.5 9.2 7.5 2.5 2 0 3 2 2
4602.9 -6209.3 -88.5 352 0 5.3 8.1 2.5 2.5 2 1 1 4 4
5136.4 -6340.4 -96.2 116 0 19.2 17.2 10.0 2.5 2 0 4 4 4
5168.1 -6268.6 -97.5 9 0 18.0 20.0 12.5 0.0 0 1 5 1 1
5160.0 -6212.7 -95.5 188 0 11.2 12.5 7.5 2.5 2 1 3 3 3
5181.1 -6147.3 -93.4 276 0 15.8 17.3 12.5 2.5 2 1 5 4 4
5227.9 -6110.6 -89.4 86 0 15.7 13.2 5.0 2.5 2 0 2 5 5
5270.2 -6222.7 -89.8 272 0 14.0 13.1 2.5 2.5 2 0 1 0 0
5354.1 -6319.4 -86.8 128 0 14.5 15.2 5.0 2.5 2 1 2 1 1
5320.3 -6266.5 -88.2 357 0 16.2 13.8 7.5 2.5 2 0 3 0 0
-6823.1 3186.7 -72.2 180 0 17.6 12.4 5.0 2.5 2 0 2 0 0
-6723.3 1666.6 -87.5 89 0 12.5 10.4 5.0 2.5 2 0 2 5 5
-6742.6 1782.9 -83.8 175 0 9.2 9.3 2.5 2.5 2 1 1 4 4
-6768.7 1778.3 -80.6 93 1 14.1 12.0 10.0 2.5 4 0 4 5 5
-4511.7 -2043.8 -80.4 276 0 10.5 9.8 7.5 2.5 2 0 3 3 3
-4492.4 -1963.4 -77.0 4 0 13.9 13.2 2.5 2.5 2 0 1 2 2
-4520.3 -2124.6 -83.5 103 0 11.2 16.0 2.5 2.5 2 1 1 1 1
-4474.2 -2129.4 -85.4 115 0 16.4 19.9 12.5 2.5 2 1 5 5 5
-4562.1 -1957.5 -74.7 321 0 16.3 14.7 5.0 0.0 0 0 2 2 2
-4526.7 -1958.0 -75.6 108 0 11.3 11.5 5.0 2.5 2 1 2 4 4
-4454.6 -1860.5 -77.7 280 0 8.5 10.2 5.0 2.5 2 1 2 2 2
-4454.2 -2007.3 -80.2 123 0 14.8 18.1 7.5 2.5 2 1 3 3 3
-4490.5 -2010.8 -79.4 178 0 8.9 8.7 5.0 2.5 2 0 2 1 1
-4373.9 -2084.0 -88.0 198 0 24.8 37.5 10.0 0.0 0 1 4 3 3
-4424.0 -1888.8 -79.8 10 0 16.5 19.4 10.0 2.5 4 1 4 0 0
-4399.0 -2014.9 -83.0 270 0 13.4 14.1 5.0 2.5 2 1 2 5 5
-4459.3 -1788.9 -77.5 264 0 15.8 15.9 10.0 0.0 0 1 4 2 2
-4374.1 -1819.4 -83.0 2 0 14.6 18.0 12.5 2.5 2 1 5 4 4
-4267.6 -2093.4 -92.3 93 0 22.1 12.9 10.0 2.5 2 0 4 4 4
-4461.8 -1771.6 -78.7 86 0 18.6 16.7 10.0 2.5 2 0 4 0 0
-4277.3 -2114.8 -91.6 281 0 19.1 15.8 12.5 2.5 2 0 5 2 2
-4489.5 -1718.1 -79.2 268 0 20.0 16.1 10.0 0.0 0 0 4 1 1
-4465.9 -1711.5 -80.8 259 0 16.2 18.2 10.0 2.5 2 1 4 3 3
-4528.9 -1739.3 -76.9 95 0 17.4 20.1 12.5 2.5 2 1 5 0 0
-4566.0 -1719.5 -76.0 178 0 21.5 18.1 10.0 2.5 2 0 4 1 1
-4236.2 -2092.6 -93.5 79 0 11.2 11.5 2.5 0.0 0 1 1 4 4
-4218.2 -2214.3 -95.6 3 0 20.2 20.3 10.0 2.5 2 1 4 1 1
-4500.9 -1895.4 -74.9 287 0 16.9 21.5 7.5 2.5 2 1 3 5 5
-4117.6 -1875.2 -83.0 351 0 14.1 14.4 2.5 2.5 2 1 1 2 2
-4126.4 -1941.6 -84.5 354 0 15.4 17.5 10.0 2.5 2 1 4 0 0
