5362.9 3815.0 -26.0 312 0 39.4 51.7 14.0 0.0 0 1 4 2 2
6813.5 2577.3 -34.4 138 0 9.7 16.9 5.0 0.0 0 1 2 5 5
6776.0 2640.0 -34.4 314 0 8.4 18.2 7.5 2.5 2 1 3 3 3
6610.1 2777.4 -32.9 296 0 9.7 7.7 2.5 0.0 0 0 1 1 1
6599.9 2783.5 -33.0 300 0 9.3 7.5 5.0 2.5 2 0 2 3 3
6582.0 2794.7 -33.0 298 0 7.7 7.3 7.5 2.5 2 0 3 4 4
6412.0 2794.5 -34.1 6 0 6.9 6.4 2.5 2.5 2 0 1 4 4
6193.3 2929.9 -32.1 8 0 7.3 8.6 5.0 2.5 2 1 2 3 3
6179.5 2949.6 -32.1 289 0 9.5 13.6 7.5 0.0 0 1 3 1 1
-698.3 -5968.7 -22.2 92 0 9.8 7.6 5.0 2.5 2 0 2 2 2
-678.2 -5974.4 -23.4 102 0 8.2 11.0 5.0 2.5 2 1 2 4 4
-664.3 -5909.4 -23.6 82 0 14.7 9.0 7.5 2.5 2 0 3 4 4
-745.7 -5945.2 -19.5 179 0 13.2 11.7 5.0 2.5 4 0 2 3 3
-709.2 -5938.4 -22.5 264 0 19.5 15.9 10.0 2.5 2 0 4 2 2
-678.6 -5914.5 -23.4 91 0 11.2 6.3 7.5 2.5 2 0 3 2 2
-708.5 -5883.8 -23.6 253 0 11.3 7.5 7.5 2.5 2 0 3 4 4
-357.3 -5936.0 -20.3 74 0 14.4 16.9 2.5 2.5 2 1 1 2 2
-707.8 -5869.9 -23.8 64 0 14.2 17.4 5.0 0.0 0 1 2 5 5
-683.1 -5859.6 -23.8 61 0 11.6 17.9 7.5 2.5 2 1 3 3 3
-665.3 -5851.4 -23.2 70 0 15.1 18.1 10.0 0.0 0 1 4 5 5
-663.7 -5819.8 -22.7 337 0 18.8 8.1 7.5 2.5 2 0 3 1 1
-672.0 -5799.9 -22.5 341 0 8.1 6.4 7.5 2.5 2 0 3 5 5
-693.9 -5816.7 -23.2 252 0 9.6 9.5 7.5 2.5 2 0 3 0 0
-720.7 -5801.5 -23.5 173 0 8.7 22.9 7.5 2.5 2 0 3 5 5
-694.4 -5791.2 -22.9 253 0 12.1 10.1 5.0 2.5 2 0 2 1 1
-611.7 -5935.4 -23.4 183 0 17.6 10.4 5.0 2.5 2 0 2 3 3
-619.1 -5891.8 -22.7 160 0 15.2 7.5 5.0 2.5 2 0 2 5 5
-581.0 -5800.6 -22.4 87 0 5.7 8.5 2.5 2.5 2 0 1 1 1
-573.9 -5795.4 -22.5 87 0 7.5 8.7 5.0 2.5 2 0 2 0 0
-646.3 -5833.4 -22.3 159 0 21.0 9.1 2.5 2.5 2 0 1 1 1
-278.4 -5944.1 -10.8 261 0 23.5 23.5 10.0 2.5 2 1 4 4 4
-305.9 -6025.7 -3.4 92 0 7.5 7.3 5.0 2.5 4 0 2 3 3
-308.3 -5991.3 -5.0 242 0 9.7 5.6 7.5 0.0 0 0 3 2 2
-349.0 -5996.3 -8.4 11 0 8.5 11.4 7.5 2.5 2 1 3 4 4
-413.6 -5953.7 -18.7 268 0 25.2 19.6 12.5 2.5 4 0 5 4 4
-422.1 -5981.0 -14.9 294 0 14.3 22.2 10.0 2.5 2 1 4 5 5
31.2 -5774.0 -4.8 270 0 6.8 9.3 5.0 2.5 2 1 2 5 5
-77.0 -5790.7 -13.7 168 0 5.3 6.8 5.0 2.5 2 1 2 5 5
-155.4 -5971.0 -6.3 139 0 13.1 17.3 7.5 2.5 4 1 3 0 0
-182.1 -5930.2 -8.3 146 0 12.5 15.4 7.5 2.5 2 1 3 1 1
38.8 -6082.2 3.6 96 0 11.2 17.6 5.0 2.5 2 1 2 3 3
-45.0 -6161.3 -8.4 90 0 11.5 8.9 5.0 0.0 0 0 2 5 5
3.2 -6272.6 -8.1 352 0 8.1 8.6 2.5 2.5 2 1 1 0 0
29.0 -6400.9 -12.2 336 0 9.5 10.6 5.0 2.5 2 1 2 0 0
2.6 -6378.0 -10.5 184 0 6.7 10.0 2.5 2.5 2 1 1 1 1
-136.0 -6581.4 -14.6 148 0 6.9 6.7 7.5 2.5 2 0 3 3 3
4848.3 -5626.9 -27.9 1 0 71.0 63.3 10.0 0.0 0 0 4 4 4
2480.7 -4721.3 22.8 0 0 7.3 8.8 2.5 2.5 2 1 1 3 3
2489.6 -4687.9 19.7 4 0 13.1 11.6 7.5 2.5 2 0 3 0 0
2494.4 -4547.2 12.1 123 0 6.0 12.0 7.5 2.5 2 1 3 0 0
2537.9 -4243.2 8.8 12 0 13.9 13.9 7.5 2.5 4 0 3 2 2
2562.4 -4163.7 -0.5 270 0 15.8 12.0 5.0 2.5 2 0 2 1 1
2514.7 -4173.9 3.5 274 0 20.9 18.3 12.5 2.5 4 0 5 2 2
2488.6 -4163.2 3.1 73 0 19.2 15.8 12.5 0.0 0 0 5 0 0
2457.1 -4041.1 -0.4 113 0 15.8 13.2 7.5 2.5 2 0 3 4 4
2485.0 -4077.3 -2.2 158 0 15.8 14.7 7.5 2.5 4 0 3 0 0
2501.9 -4120.6 -1.7 158 0 15.1 14.9 7.5 2.5 2 0 3 5 5
2509.7 -4150.0 0.1 161 0 19.1 12.9 5.0 2.5 2 0 2 3 3
2529.0 -4148.5 -0.7 90 0 10.9 6.9 2.5 2.5 2 0 1 3 3
2567.4 -4124.6 -1.4 359 0 7.9 11.3 2.5 2.5 2 1 1 4 4
2590.0 -4113.2 -1.6 3 0 15.0 15.3 5.0 0.0 0 1 2 5 5
2596.8 -4132.2 -1.2 179 0 11.4 11.5 5.0 2.5 2 1 2 4 4
2581.1 -4207.7 0.6 181 0 12.1 14.0 5.0 2.5 2 1 2 2 2
2603.7 -4302.4 5.3 89 0 5.9 6.5 5.0 2.5 2 1 2 5 5
2557.3 -4387.0 3.6 225 0 11.6 21.1 5.0 2.5 2 1 2 4 4
2591.0 -4432.1 8.6 43 0 12.4 14.0 2.5 2.5 2 1 1 0 0
2621.1 -4740.6 22.3 119 0 10.3 12.8 7.5 2.5 2 1 3 1 1
2658.3 -4735.6 21.9 270 0 14.9 14.0 5.0 0.0 0 0 2 5 5
2649.9 -4757.8 21.4 181 0 14.0 16.2 10.0 2.5 2 1 4 3 3
2649.9 -4772.5 21.1 181 0 11.5 16.3 5.0 2.5 2 1 2 3 3
2693.4 -4768.8 18.5 6 0 13.6 18.3 2.5 2.5 2 1 1 0 0
2714.8 -4794.6 12.3 181 0 14.9 19.2 10.0 2.5 2 1 4 1 1
2718.5 -4703.3 17.0 19 0 13.0 13.6 5.0 2.5 2 1 2 5 5
2668.3 -4960.5 20.7 22 0 8.6 16.3 5.0 2.5 2 1 2 4 4
2693.5 -4747.3 19.1 5 0 9.2 7.3 2.5 2.5 2 0 1 2 2
2757.1 -4698.3 10.2 221 0 8.5 13.8 2.5 2.5 2 1 1 1 1
2759.9 -4661.1 12.5 32 0 11.8 8.2 5.0 2.5 2 0 2 0 0
2768.9 -4669.1 11.0 36 0 10.9 6.3 7.5 2.5 2 0 3 4 4
2764.3 -4615.9 11.1 215 0 11.9 16.0 5.0 0.0 0 1 2 4 4
2783.4 -4613.1 10.8 30 0 10.9 10.0 2.5 2.5 4 0 1 4 4
2793.3 -4539.5 9.0 151 0 11.6 12.7 5.0 2.5 2 1 2 5 5
2820.9 -4497.6 7.9 351 0 8.6 9.0 5.0 2.5 2 1 2 1 1
2842.2 -4496.6 3.8 153 0 14.7 17.8 12.5 2.5 4 1 5 4 4
2852.8 -4533.5 1.8 153 0 15.6 15.5 5.0 2.5 2 0 2 1 1
2823.5 -4458.6 6.7 196 0 14.0 18.7 10.0 2.5 2 1 4 5 5
2812.6 -4443.9 8.0 165 0 12.7 21.0 10.0 2.5 2 1 4 0 0
2783.9 -4437.8 13.0 286 0 12.5 16.6 5.0 2.5 2 1 2 2 2
2767.8 -4427.0 15.5 287 0 12.0 12.0 5.0 2.5 2 1 2 1 1
2791.3 -4418.5 12.8 116 0 7.1 10.1 5.0 2.5 2 1 2 5 5
2732.5 -4359.4 12.4 101 0 16.7 16.8 12.5 2.5 2 1 5 0 0
2826.2 -4350.2 10.3 181 0 8.2 9.1 5.0 2.5 2 1 2 1 1
2932.6 -4538.1 0.3 270 0 7.0 7.6 7.5 2.5 2 1 3 0 0
2922.5 -4562.6 0.6 208 0 10.7 12.9 5.0 2.5 2 1 2 2 2
2893.9 -4571.3 0.1 214 0 11.9 13.2 10.0 2.5 2 1 4 3 3
2927.0 -4587.7 0.8 33 0 10.1 13.7 5.0 2.5 2 1 2 2 2
2877.1 -4589.6 0.1 274 0 9.7 11.8 7.5 2.5 4 1 3 5 5
2819.7 -4732.8 6.1 288 0 15.1 18.2 10.0 0.0 0 1 4 3 3
2819.9 -4721.2 5.0 93 0 5.8 8.1 7.5 2.5 2 1 3 3 3
2835.5 -4725.0 5.2 100 0 23.0 6.9 7.5 2.5 2 0 3 4 4
2860.9 -4738.1 6.3 292 0 25.8 10.6 10.0 2.5 2 0 4 1 1
2939.6 -4728.2 3.7 14 0 18.1 15.3 17.5 0.0 0 0 7 4 4
2909.4 -4775.3 7.1 91 0 15.2 18.8 12.5 2.5 2 1 5 0 0
2970.7 -4923.9 15.3 122 0 15.2 15.3 2.5 0.0 0 1 1 5 5
3023.6 -4878.9 9.5 89 0 18.0 17.0 10.0 2.5 2 0 4 5 5
3034.2 -4850.5 8.4 360 0 13.5 18.9 12.5 2.5 2 1 5 0 0
3032.5 -4805.7 5.8 0 0 15.3 13.9 2.5 2.5 2 0 1 0 0
3027.0 -4769.1 4.1 270 0 13.6 15.8 5.0 2.5 2 1 2 4 4
3155.5 -4862.4 1.4 89 0 15.4 19.2 10.0 2.5 2 1 4 2 2
3215.4 -4862.7 2.7 180 0 17.4 13.0 5.0 2.5 2 0 2 5 5
3224.9 -4761.2 9.3 174 0 12.9 11.5 5.0 0.0 0 0 2 4 4
3238.5 -4772.3 9.6 158 0 10.0 19.1 10.0 2.5 4 1 4 4 4
3223.7 -4781.7 8.0 170 0 17.7 12.1 7.5 0.0 0 0 3 2 2
3231.5 -4732.5 11.1 176 0 21.9 17.8 15.0 0.0 0 0 6 2 2
3255.5 -4699.7 14.4 272 0 8.0 6.6 7.5 2.5 2 0 3 2 2
3290.1 -4748.4 12.9 267 0 12.7 14.7 5.0 2.5 2 1 2 1 1
3188.5 -4653.7 14.4 359 0 9.4 10.9 7.5 2.5 2 1 3 4 4
3195.8 -4664.9 13.2 342 0 9.2 10.0 5.0 0.0 0 1 2 1 1
3248.4 -4605.7 22.3 30 0 13.2 12.6 5.0 2.5 2 0 2 3 3
3235.9 -4562.0 19.3 358 0 13.8 17.5 7.5 0.0 0 1 3 3 3
3306.0 -4497.7 21.7 5 0 11.9 13.6 5.0 2.5 4 1 2 4 4
3318.8 -4416.9 25.5 269 0 12.0 7.1 2.5 2.5 2 0 1 0 0
3299.0 -4438.6 23.6 183 0 11.8 11.9 7.5 0.0 0 1 3 2 2
3299.8 -4418.1 23.4 270 0 11.7 6.5 2.5 2.5 2 0 1 1 1
3310.9 -4400.6 25.3 89 0 8.8 12.6 5.0 2.5 2 1 2 3 3
3378.1 -4383.7 33.2 90 0 8.5 10.6 2.5 2.5 2 1 1 4 4
3375.0 -4371.4 33.2 89 0 5.2 9.1 7.5 2.5 4 1 3 0 0
3389.1 -4403.2 36.1 180 0 8.6 9.4 2.5 2.5 4 1 1 4 4
3433.3 -4676.3 34.2 338 0 13.3 26.7 12.5 2.5 2 1 5 0 0
3336.2 -4707.5 22.1 256 0 14.7 12.4 5.0 2.5 2 0 2 4 4
3425.1 -4644.5 37.8 259 0 9.7 12.6 5.0 0.0 0 1 2 2 2
3722.0 -4950.0 -12.9 246 0 8.1 10.8 7.5 2.5 4 1 3 2 2
3937.5 -4924.3 -6.5 356 0 27.0 10.1 10.0 2.5 2 0 4 0 0
3919.8 -4905.4 -9.6 275 0 11.1 28.9 15.0 0.0 0 1 6 4 4
3919.4 -4965.6 -11.3 90 0 10.8 19.9 7.5 2.5 2 1 3 2 2
4338.2 -4862.2 2.2 153 0 15.5 14.6 2.5 2.5 2 0 1 4 4
4388.1 -4828.1 3.5 324 0 7.6 14.9 5.0 2.5 2 1 2 4 4
4440.8 -4779.4 5.5 324 0 7.6 10.9 2.5 2.5 2 1 1 2 2
4464.8 -4863.6 -10.0 161 0 14.0 11.4 2.5 2.5 2 0 1 5 5
4488.5 -4929.6 -19.7 185 0 13.2 11.0 5.0 2.5 2 0 2 3 3
4529.9 -4843.7 -12.5 0 0 12.2 11.7 5.0 2.5 4 0 2 3 3
4530.7 -4835.9 -11.1 91 0 9.7 6.3 5.0 2.5 2 0 2 4 4
4598.7 -4811.6 -13.3 69 0 13.8 13.1 7.5 2.5 4 0 3 3 3
4689.7 -4878.3 -24.6 359 0 10.8 12.0 7.5 2.5 2 1 3 1 1
4756.0 -4837.0 -20.8 268 0 11.2 9.5 5.0 2.5 2 0 2 2 2
4798.8 -4334.8 18.1 141 0 9.0 11.2 7.5 2.5 4 1 3 3 3
4820.7 -3839.4 -15.0 112 0 14.4 18.1 12.5 2.5 2 1 5 5 5
4803.9 -3829.7 -15.9 113 0 12.7 14.0 5.0 2.5 2 1 2 3 3
4769.2 -3786.0 -16.9 118 0 9.8 13.2 5.0 2.5 2 1 2 4 4
4789.8 -3763.0 -17.3 24 0 14.4 13.2 7.5 2.5 2 0 3 0 0
4794.9 -3736.8 -17.3 297 0 13.9 15.5 2.5 2.5 2 1 1 3 3
4789.0 -3643.5 -18.3 271 0 11.9 12.6 2.5 2.5 2 1 1 0 0
4787.3 -3629.5 -18.5 269 0 11.9 11.1 5.0 2.5 2 0 2 2 2
4772.0 -3642.8 -19.1 0 0 7.3 11.7 7.5 2.5 2 1 3 0 0
4759.7 -3588.4 -20.0 347 0 8.8 9.6 7.5 2.5 2 1 3 3 3
4764.9 -3561.3 -19.9 161 0 12.7 9.9 5.0 2.5 2 0 2 5 5
4794.8 -3530.1 -19.1 247 0 9.8 10.7 5.0 2.5 2 1 2 1 1
4788.3 -3546.3 -19.2 275 0 9.8 10.6 7.5 0.0 0 1 3 5 5
4730.3 -3559.1 -20.6 270 0 12.9 14.0 5.0 0.0 0 1 2 5 5
4702.5 -3522.0 -21.4 84 0 15.2 22.9 7.5 0.0 0 1 3 1 1
2476.7 -4187.2 7.7 269 0 9.1 9.4 2.5 2.5 2 1 1 2 2
2641.9 -4044.3 -2.9 85 0 15.4 14.0 2.5 2.5 2 0 1 3 3
2772.4 -4392.9 15.7 91 0 7.9 14.6 2.5 2.5 2 1 1 2 2
3061.4 -4374.3 2.6 272 0 16.0 15.2 7.5 0.0 0 0 3 4 4
3087.4 -4399.3 3.8 345 0 14.7 12.0 5.0 2.5 2 0 2 4 4
3028.6 -4691.9 1.5 182 0 5.0 7.6 5.0 2.5 2 1 2 0 0
3108.2 -4494.0 9.8 53 0 11.7 14.0 7.5 2.5 2 1 3 5 5
3148.2 -4422.3 9.3 137 0 14.1 16.1 5.0 2.5 2 1 2 2 2
3114.4 -4381.1 5.5 171 0 12.3 9.3 2.5 2.5 2 0 1 1 1
3165.4 -4446.7 11.4 118 0 10.7 11.3 5.0 2.5 2 1 2 2 2
3169.5 -4474.8 15.2 290 0 15.2 15.6 5.0 2.5 2 1 2 0 0
3087.8 -4295.1 9.2 345 0 12.8 20.5 12.5 2.5 4 1 5 3 3
3093.6 -4282.1 12.5 147 0 10.3 12.4 10.0 0.0 0 1 4 5 5
3041.2 -4414.6 2.1 86 0 7.2 5.0 7.5 2.5 2 0 3 5 5
1935.5 -4419.8 33.3 343 0 10.8 13.4 2.5 2.5 2 1 1 2 2
3727.8 -6063.4 -28.8 250 0 21.1 10.4 3.5 2.5 2 0 1 0 0
3691.0 -6124.8 -30.9 136 0 11.7 28.7 10.0 2.5 2 1 4 4 4
3686.5 -6103.6 -31.2 131 0 8.5 18.1 10.5 2.5 2 1 3 1 1
3720.6 -6051.7 -30.0 250 0 39.6 10.8 12.5 2.5 4 0 5 3 3
3681.0 -6078.0 -32.2 223 0 33.3 8.9 7.5 2.5 2 0 3 2 2
3703.7 3355.1 -17.3 265 0 8.4 14.2 2.5 2.5 2 1 1 2 2
3669.4 3345.7 -16.2 9 0 7.8 8.0 5.0 2.5 2 1 2 1 1
5607.6 -2475.4 -27.4 12 0 9.8 11.2 5.0 2.5 2 1 2 4 4
5566.0 -2440.2 -23.9 275 0 6.6 7.0 5.0 2.5 2 1 2 2 2
5581.9 -2434.4 -24.7 269 0 9.1 10.0 5.0 2.5 2 1 2 1 1
5604.6 -2403.0 -25.1 357 0 10.7 9.9 5.0 2.5 2 0 2 5 5
3612.7 3241.3 -15.1 15 0 12.4 10.5 5.0 2.5 2 0 2 5 5
3551.9 3232.0 -14.8 200 0 10.8 11.1 5.0 2.5 4 1 2 1 1
3567.4 3198.4 -14.6 7 0 5.9 8.4 2.5 2.5 2 1 1 3 3
5617.6 -2389.1 -26.6 176 0 9.0 6.7 5.0 2.5 2 0 2 5 5
5636.2 -2415.8 -28.4 176 0 9.1 4.9 5.0 2.5 2 0 2 1 1
5615.0 -2287.6 -24.8 343 0 8.7 9.1 5.0 2.5 2 1 2 1 1
3549.7 3307.7 -15.2 210 0 8.7 8.0 5.0 2.5 4 0 2 5 5
3522.1 3370.5 -15.5 198 0 13.0 12.9 2.5 2.5 2 0 1 1 1
3462.0 3188.1 -14.0 17 0 8.8 10.4 2.5 2.5 2 1 1 2 2
3488.6 3242.1 -14.5 14 0 9.4 15.8 7.5 2.5 2 1 3 1 1
5765.7 -2487.2 -32.2 85 0 7.4 8.5 5.0 2.5 2 1 2 1 1
5805.3 -2459.2 -29.0 267 0 10.5 9.0 5.0 2.5 2 0 2 1 1
5807.0 -2417.6 -28.4 90 0 9.7 12.8 5.0 2.5 2 1 2 1 1
5849.3 -2477.3 -26.1 255 0 8.2 8.5 5.0 2.5 2 1 2 4 4
5874.5 -2505.5 -27.1 52 0 3.9 10.0 5.0 2.5 2 1 2 2 2
5857.8 -2424.5 -24.5 87 0 5.8 8.8 7.5 2.5 2 1 3 1 1
5878.6 -2392.3 -22.8 253 0 5.2 7.3 5.0 2.5 2 1 2 0 0
3481.7 3160.0 -14.0 132 0 9.5 14.0 2.5 2.5 2 1 1 0 0
3492.8 3146.1 -13.9 128 0 10.2 7.2 7.5 2.5 2 0 3 0 0
3510.4 3162.3 -14.2 119 0 8.8 19.3 2.5 2.5 2 1 1 5 5
3580.5 3031.7 -10.5 139 0 7.8 21.4 7.5 2.5 2 1 3 5 5
3586.4 3024.8 -9.8 140 0 8.1 13.7 5.0 2.5 2 1 2 3 3
3559.5 3066.9 -11.1 169 0 8.0 11.6 7.5 2.5 2 1 3 4 4
3575.6 3133.6 -14.2 296 0 8.5 18.8 7.5 2.5 2 1 3 0 0
3595.0 3269.0 -15.2 281 0 8.6 7.9 7.5 2.5 4 0 3 4 4
5943.8 -2232.4 -12.4 342 0 9.4 10.8 7.5 2.5 2 1 3 0 0
5923.4 -2254.1 -15.3 161 0 11.0 8.8 7.5 2.5 2 0 3 3 3
6022.3 -2549.5 -25.5 96 0 7.4 6.7 5.0 2.5 2 0 2 2 2
6040.3 -2533.1 -23.4 99 0 7.6 13.9 5.0 0.0 0 1 2 4 4
6053.4 -2507.1 -21.2 0 0 8.4 8.5 7.5 2.5 2 1 3 2 2
6094.8 -2486.4 -17.6 180 0 10.9 5.4 7.5 2.5 2 0 3 3 3
6088.9 -2511.6 -19.8 166 0 5.9 8.7 5.0 2.5 2 1 2 4 4
6136.0 -2379.2 -8.4 178 0 8.5 10.1 5.0 2.5 2 1 2 2 2
6136.6 -2416.9 -10.7 169 0 10.3 11.6 5.0 2.5 2 1 2 3 3
3464.1 3469.7 -15.8 60 0 5.8 12.3 5.0 2.5 2 1 2 1 1
3537.3 3488.3 -16.3 343 0 17.7 13.1 8.0 2.5 2 0 2 4 4
3283.0 3203.0 -13.2 129 0 8.3 10.5 2.5 2.5 2 1 1 2 2
3293.2 3222.0 -13.4 97 0 7.8 11.2 5.0 2.5 2 1 2 3 3
3350.4 3157.6 -11.5 114 0 11.6 8.5 5.0 2.5 2 0 2 1 1
3417.7 3163.4 -13.6 28 0 10.3 7.8 5.0 2.5 2 0 2 4 4
3609.1 2987.8 -9.4 121 0 11.1 6.3 7.5 2.5 2 0 3 1 1
3645.7 3028.2 -14.5 18 0 8.2 13.1 7.5 2.5 2 1 3 0 0
3689.3 3011.2 -14.4 268 0 10.5 12.3 7.5 2.5 2 1 3 4 4
6303.1 -2342.0 -14.4 265 0 10.2 20.1 7.5 2.5 4 1 3 3 3
6348.7 -2326.5 -18.4 251 0 8.8 17.4 5.0 0.0 0 1 2 3 3
6308.4 -2312.8 -14.0 63 0 6.7 8.2 5.0 2.5 2 1 2 4 4
6139.7 -2357.7 -8.4 267 0 6.0 9.2 5.0 2.5 2 1 2 0 0
6187.9 -2230.4 -10.2 194 0 9.3 11.0 2.5 2.5 2 1 1 4 4
6218.0 -2254.0 -11.2 290 0 17.5 16.9 7.5 2.5 4 0 3 2 2
6506.8 -2500.5 -39.0 266 0 11.1 13.7 2.5 2.5 2 1 1 3 3
3733.1 2985.2 -14.3 272 0 11.2 9.6 5.0 2.5 4 0 2 5 5
3787.5 2961.2 -14.2 275 0 8.3 10.7 7.5 2.5 2 1 3 1 1
3790.8 2989.9 -13.8 275 0 8.7 12.1 2.5 2.5 2 1 1 3 3
3790.4 3029.5 -13.4 254 0 14.1 11.1 8.0 2.5 2 0 2 0 0
3819.0 2930.3 -14.2 86 0 9.9 12.0 7.5 2.5 2 1 3 5 5
3841.9 2940.5 -13.9 79 0 9.0 11.4 5.0 2.5 2 1 2 4 4
3835.9 2915.4 -14.2 86 0 10.6 12.0 5.0 2.5 2 1 2 3 3
3861.6 2986.4 -13.3 1 0 13.0 10.8 7.5 2.5 2 0 3 2 2
3807.6 3019.2 -13.4 261 0 12.7 14.8 10.0 2.5 2 1 4 5 5
3867.3 3018.5 -12.8 341 0 9.4 9.8 7.5 2.5 2 1 3 0 0
3794.7 3087.0 -12.5 160 0 9.4 12.0 5.0 2.5 2 1 2 0 0
3832.6 3100.1 -12.3 239 0 9.0 7.9 7.5 2.5 2 0 3 5 5
3906.1 3061.9 -12.1 270 0 7.3 20.0 5.0 2.5 2 1 2 1 1
3984.7 3070.8 -11.2 257 0 11.3 10.7 10.0 2.5 2 0 4 3 3
6770.7 -2313.4 -24.7 240 0 5.3 9.2 5.0 2.5 4 1 2 4 4
6866.9 -2320.2 -19.5 229 0 12.5 11.0 5.0 2.5 2 0 2 0 0
6907.1 -2030.6 -24.8 4 0 12.8 17.0 5.0 2.5 2 1 2 2 2
6896.0 -2119.6 -21.4 348 0 12.5 6.8 5.0 2.5 2 0 2 2 2
3907.0 3022.9 -12.4 353 0 9.4 12.7 7.5 2.5 2 1 3 4 4
3924.1 3022.4 -12.2 86 0 10.9 9.7 5.0 2.5 2 0 2 2 2
3930.6 2915.8 -13.6 4 0 12.4 12.3 2.5 2.5 2 0 1 1 1
3905.1 2879.3 -14.2 354 0 11.4 11.9 10.0 2.5 2 1 4 4 4
3927.3 2954.5 -13.1 358 0 8.3 11.7 2.5 2.5 2 1 1 2 2
3949.6 2964.6 -12.7 2 0 8.7 7.5 2.5 2.5 2 0 1 1 1
3731.9 2880.2 -15.6 87 0 12.4 10.7 5.0 2.5 2 0 2 2 2
3729.6 2913.2 -15.2 164 0 9.2 9.8 7.5 2.5 2 1 3 3 3
3778.2 2851.1 -15.5 89 0 9.2 9.8 7.5 2.5 2 1 3 4 4
3777.2 2820.6 -15.9 66 0 9.5 9.5 5.0 2.5 2 1 2 2 2
3817.3 2860.0 -15.2 9 0 15.6 10.6 5.0 2.5 2 0 2 2 2
3906.8 2839.6 -15.3 355 0 9.9 11.4 5.0 0.0 0 1 2 1 1
3848.0 2779.4 -16.5 87 0 7.6 12.7 7.5 2.5 2 1 3 3 3
3892.8 2656.1 -14.3 91 0 7.6 14.6 2.5 2.5 2 1 1 3 3
3939.0 2655.3 -14.2 84 0 7.9 7.1 5.0 2.5 2 0 2 1 1
4092.0 2686.7 -17.5 113 0 14.2 14.9 8.0 0.0 0 1 2 3 3
4201.5 2687.3 -21.0 85 0 11.5 11.5 5.0 0.0 0 1 2 5 5
4271.7 2734.0 -24.6 353 0 10.8 14.5 12.0 2.5 2 0 3 2 2
4252.1 2744.7 -24.5 169 0 11.2 11.8 8.0 2.5 4 1 2 2 2
4282.7 2733.3 -24.0 8 0 11.6 9.6 4.0 2.5 2 0 1 3 3
4282.3 2743.8 -23.8 28 0 9.3 16.5 4.0 2.5 2 1 1 2 2
4401.6 2857.5 -24.6 323 0 6.6 12.4 12.0 2.5 2 1 3 3 3
4384.6 2923.1 -27.1 353 0 17.6 24.4 12.5 0.0 0 1 5 1 1
4614.6 2869.9 -25.0 111 0 10.3 26.0 10.0 2.5 2 1 4 4 4
4660.2 2831.0 -22.2 106 0 13.5 11.3 2.5 2.5 2 0 1 1 1
4676.6 2825.5 -22.1 113 0 12.1 9.7 5.0 2.5 2 0 2 4 4
4820.9 3141.1 -26.0 80 0 8.1 9.1 5.0 2.5 2 1 2 5 5
4680.7 3162.8 -27.8 342 0 9.0 8.7 2.5 2.5 2 0 1 1 1
6908.0 -1943.9 -26.7 19 0 9.7 11.5 7.5 2.5 4 1 3 0 0
6854.4 -2002.9 -25.3 199 0 35.9 14.1 10.0 2.5 2 0 4 5 5
4567.6 3144.3 -29.2 97 0 8.2 12.9 5.0 2.5 2 1 2 2 2
4384.1 3060.0 -22.5 164 0 7.1 8.4 5.0 2.5 2 1 2 1 1
4382.0 3075.9 -23.2 174 0 10.4 9.0 2.5 2.5 2 0 1 4 4
4215.2 2946.5 -18.8 88 0 11.0 10.3 5.0 2.5 2 0 2 3 3
4156.5 2982.8 -15.5 276 0 9.5 8.1 7.5 2.5 2 0 3 3 3
4076.2 3044.5 -10.8 354 0 23.2 10.3 7.5 2.5 2 0 3 1 1
4049.8 3124.5 -11.5 114 0 6.2 11.3 5.0 2.5 2 1 2 1 1
4087.3 3126.9 -11.5 30 0 26.9 12.7 10.0 2.5 4 0 4 5 5
4239.1 3134.1 -16.8 354 0 13.5 15.1 12.5 2.5 2 1 5 1 1
4168.8 3190.3 -15.5 89 0 9.1 9.4 2.5 2.5 2 1 1 3 3
4217.1 3209.6 -18.9 268 0 14.5 5.9 2.5 2.5 4 0 1 0 0
3898.7 3611.4 -22.5 13 0 6.8 9.7 7.5 2.5 4 1 3 1 1
3882.7 3637.5 -22.2 278 0 12.9 8.2 7.5 2.5 2 0 3 3 3
3862.7 3698.2 -21.9 132 0 7.1 11.9 4.0 0.0 0 1 1 3 3
6099.1 -3694.7 -16.6 88 0 10.0 7.8 2.5 2.5 2 0 1 1 1
6115.2 -3567.6 -21.3 11 0 6.2 7.6 5.0 2.5 2 1 2 5 5
5955.9 -3583.3 -26.3 81 0 9.1 8.4 7.5 2.5 2 0 3 4 4
6019.2 -3381.2 -35.3 199 0 7.2 9.0 2.5 2.5 2 1 1 4 4
6218.1 -3442.6 -30.8 322 0 9.8 12.1 7.5 2.5 2 1 3 5 5
6232.7 -3502.8 -29.9 53 0 8.0 10.0 7.5 2.5 2 1 3 2 2
6041.1 -3320.2 -37.4 205 0 11.4 8.0 5.0 2.5 2 0 2 3 3
6014.4 -3192.3 -44.0 124 0 10.4 10.2 5.0 2.5 2 0 2 2 2
5747.9 -3259.1 -41.6 82 0 5.9 10.3 7.5 2.5 2 1 3 2 2
5731.9 -3262.8 -41.3 90 0 8.9 7.2 5.0 2.5 2 0 2 4 4
5763.5 -3250.5 -41.8 356 0 8.9 8.4 5.0 2.5 2 0 2 4 4
5814.9 -3415.2 -38.6 227 0 12.4 7.4 5.0 2.5 2 0 2 0 0
5831.0 -3435.7 -38.4 46 0 9.9 10.3 7.5 2.5 2 1 3 3 3
5807.4 -3449.0 -37.9 170 0 14.6 7.7 7.5 2.5 2 0 3 0 0
5558.8 -3482.1 -35.1 353 0 9.7 10.5 5.0 2.5 2 1 2 5 5
5585.4 -3526.7 -33.1 1 0 12.9 8.2 2.5 2.5 2 0 1 1 1
5470.4 -3416.0 -34.0 272 0 11.2 8.9 2.5 2.5 2 0 1 0 0
5407.6 -3524.4 -22.4 99 0 7.5 9.5 2.5 2.5 2 1 1 1 1
5436.4 -3594.4 -26.2 97 0 9.1 7.5 5.0 0.0 0 0 2 2 2
5445.0 -3575.6 -25.7 277 0 6.3 4.9 5.0 2.5 2 0 2 3 3
5104.0 -3549.5 -11.1 182 0 8.2 7.0 2.5 2.5 2 0 1 5 5
5114.5 -3688.2 -9.9 0 0 9.5 6.4 2.5 2.5 2 0 1 0 0
5135.9 -3798.4 -9.7 97 0 15.0 32.7 12.5 2.5 2 1 5 3 3
5081.4 -3704.1 -8.4 267 0 11.2 12.0 5.0 2.5 2 1 2 5 5
5166.4 -3777.6 -7.2 3 0 5.4 11.1 5.0 2.5 2 1 2 2 2
5103.6 -3608.5 -9.7 177 0 10.3 12.4 5.0 2.5 2 1 2 2 2
4923.9 -3476.6 -16.9 87 0 9.2 11.9 7.5 2.5 2 1 3 2 2
4902.9 -3509.0 -16.4 90 0 6.1 7.2 5.0 2.5 2 1 2 2 2
4881.2 -3416.8 -18.9 259 0 7.7 14.0 5.0 2.5 2 1 2 4 4
4861.7 -3418.4 -19.4 175 0 12.9 6.6 7.5 2.5 2 0 3 4 4
5115.7 -3384.4 -14.9 120 0 5.5 11.9 5.0 2.5 2 1 2 2 2
5352.7 -3492.2 -20.3 0 0 14.6 12.9 7.5 2.5 2 0 3 2 2
4953.5 -3577.0 -13.6 178 0 7.3 4.7 2.5 2.5 2 0 1 0 0
4898.2 -4079.3 -2.3 85 0 8.9 13.5 2.5 2.5 4 1 1 3 3
4892.6 -4710.5 -10.7 348 0 19.6 13.5 7.5 2.5 2 0 3 0 0
4881.1 -4580.4 -3.6 159 0 8.3 9.6 7.5 2.5 2 1 3 2 2
4978.3 -4546.8 11.9 225 0 6.7 7.7 5.0 2.5 2 1 2 5 5
4968.6 -4886.2 -18.0 167 0 13.6 6.3 5.0 2.5 2 0 2 4 4
4988.6 -4928.4 -19.8 78 0 11.3 9.1 7.5 2.5 2 0 3 1 1
5042.1 -4816.8 -9.1 160 0 7.8 6.6 5.0 2.5 2 0 2 4 4
5120.9 -4927.3 -17.1 83 0 12.2 16.5 7.5 2.5 2 1 3 4 4
5208.2 -4894.8 -10.4 341 0 9.0 7.6 2.5 2.5 2 0 1 5 5
5178.0 -4898.7 -12.9 86 0 6.0 8.1 5.0 2.5 4 1 2 5 5
5063.2 -4817.6 -7.1 135 0 6.1 6.8 2.5 2.5 2 1 1 4 4
5073.9 -4841.6 -8.5 161 0 5.9 5.6 2.5 2.5 4 0 1 1 1
5053.3 -4868.4 -11.0 166 0 11.9 10.4 5.0 2.5 2 0 2 2 2
5051.5 -4856.7 -10.2 173 0 7.7 6.8 5.0 2.5 2 0 2 2 2
5053.4 -4804.1 -8.2 149 0 5.8 5.6 2.5 0.0 0 0 1 2 2
5173.7 -4424.4 -3.3 149 0 13.0 11.6 7.5 2.5 2 0 3 5 5
5221.8 -4411.0 -11.1 332 0 25.2 13.3 12.5 2.5 2 0 5 4 4
5261.4 -4466.3 -12.3 312 0 19.5 7.4 5.0 2.5 2 0 2 3 3
5277.4 -4488.6 -12.0 49 0 17.9 14.5 15.0 0.0 0 0 6 5 5
5368.6 -4463.6 -19.0 270 0 8.4 13.8 7.5 2.5 2 1 3 3 3
5463.8 -4555.9 -13.7 89 0 13.8 13.9 7.5 2.5 2 1 3 0 0
5490.8 -4554.3 -15.5 95 0 14.8 13.5 7.5 2.5 2 0 3 3 3
5521.7 -4557.5 -17.2 95 0 14.0 15.8 2.5 0.0 0 1 1 4 4
5554.4 -4576.2 -22.4 113 0 10.3 17.7 7.5 2.5 2 1 3 2 2
5548.2 -4622.5 -20.2 153 0 12.7 13.1 7.5 2.5 2 1 3 3 3
5594.9 -4586.1 -27.1 331 0 9.4 11.3 5.0 2.5 2 1 2 5 5
5535.2 -4626.7 -16.0 322 0 18.1 7.5 5.0 2.5 4 0 2 1 1
5483.7 -4626.0 -7.3 234 0 8.1 5.6 2.5 2.5 2 0 1 1 1
5578.3 -4766.1 -19.4 340 0 16.1 13.8 5.0 2.5 2 0 2 5 5
5576.3 -4735.6 -19.8 334 0 9.6 7.2 2.5 2.5 2 0 1 2 2
5639.9 -4633.5 -31.7 266 0 9.0 12.5 7.5 2.5 4 1 3 3 3
5576.4 -4648.5 -25.2 150 0 11.6 16.6 5.0 2.5 2 1 2 5 5
5639.9 -4854.7 -27.7 166 0 23.0 15.3 17.5 0.0 0 0 7 4 4
5626.0 -4909.4 -26.7 341 0 40.3 11.4 12.5 2.5 2 0 5 4 4
5588.6 -4937.3 -22.1 167 0 18.8 17.8 10.0 0.0 0 0 4 3 3
5625.5 -4949.9 -26.5 67 0 13.1 10.9 7.5 2.5 2 0 3 0 0
5504.3 -4836.0 -6.9 81 0 7.8 9.8 7.5 2.5 2 1 3 0 0
5643.6 -4789.9 -27.8 266 0 12.8 11.9 5.0 2.5 2 0 2 1 1
5650.1 -4829.4 -27.5 182 0 8.9 8.0 2.5 2.5 4 0 1 2 2
5662.8 -4861.2 -28.2 83 0 5.4 17.5 7.5 0.0 0 1 3 1 1
5526.6 -4787.5 -10.9 247 0 9.4 10.0 5.0 2.5 2 1 2 2 2
5589.5 -4814.5 -20.2 356 0 8.7 7.5 2.5 2.5 2 0 1 2 2
5752.2 -4842.5 -32.7 82 0 10.5 10.7 7.5 2.5 2 1 3 5 5
5805.3 -4882.6 -35.9 332 0 18.0 12.3 5.0 2.5 2 0 2 2 2
6016.4 -4916.8 -29.7 89 0 16.6 15.1 12.5 2.5 2 0 5 5 5
6073.7 -4822.0 -32.7 268 0 6.4 8.6 7.5 2.5 2 0 3 2 2
6064.5 -4932.7 -26.5 66 0 15.7 10.0 2.5 2.5 2 0 1 4 4
6197.3 -4905.4 -26.6 242 0 11.7 28.5 10.0 2.5 2 0 4 5 5
6387.9 -4890.5 -33.8 271 0 15.7 21.9 10.0 2.5 2 1 4 3 3
6314.4 -4930.7 -25.8 96 0 12.0 7.4 2.5 2.5 2 0 1 2 2
6298.8 -4833.1 -32.1 60 0 11.1 10.8 5.0 2.5 2 0 2 3 3
6418.5 -4869.3 -36.4 271 0 13.5 19.5 15.0 0.0 0 1 6 2 2
6351.9 -4839.6 -34.8 102 0 36.3 12.6 10.0 2.5 2 0 4 5 5
6395.9 -4854.8 -35.9 102 0 32.4 11.9 10.0 2.5 2 0 4 4 4
6341.8 -4804.3 -35.5 98 0 43.9 9.3 7.5 2.5 2 0 3 4 4
6331.6 -4720.4 -35.5 257 0 9.7 11.8 7.5 2.5 2 1 3 3 3
6405.8 -4693.8 -39.6 80 0 12.6 11.9 10.0 2.5 2 0 4 3 3
6281.6 -4790.4 -32.5 179 0 12.6 9.2 7.5 2.5 2 0 3 1 1
6508.8 -4873.9 -32.0 102 0 18.0 20.1 7.5 2.5 2 1 3 1 1
6572.1 -4845.3 -27.4 42 0 13.6 16.4 7.5 2.5 2 1 3 0 0
6587.8 -4789.7 -28.5 238 0 15.2 15.5 10.0 2.5 2 1 4 1 1
6508.6 -4815.4 -34.4 55 0 9.3 10.8 2.5 2.5 2 1 1 5 5
6549.0 -4796.6 -31.7 224 0 28.5 8.9 7.5 0.0 0 0 3 1 1
6611.3 -4750.6 -30.6 309 0 17.7 15.1 10.0 2.5 2 0 4 5 5
6683.8 -4809.3 -21.1 292 0 16.2 13.9 7.5 2.5 4 0 3 2 2
6621.1 -4736.9 -31.4 132 0 14.7 8.8 5.0 2.5 2 0 2 5 5
6483.6 -4655.5 -40.7 157 0 16.8 16.9 12.5 2.5 2 1 5 5 5
6562.3 -4642.4 -37.6 314 0 11.3 30.3 12.5 2.5 2 1 5 5 5
6564.1 -4679.0 -36.5 323 0 14.9 11.4 10.0 2.5 2 0 4 0 0
6511.7 -4693.8 -37.8 145 0 12.7 12.6 5.0 2.5 2 0 2 1 1
6528.9 -4541.1 -33.9 335 0 20.8 15.8 10.0 2.5 2 0 4 1 1
6684.6 -4661.1 -30.4 237 0 14.6 13.5 7.5 2.5 2 0 3 3 3
6669.3 -4645.6 -32.8 69 0 11.1 10.2 10.0 0.0 0 0 4 0 0
6701.2 -4620.5 -31.4 65 0 9.1 13.5 7.5 2.5 4 1 3 0 0
6746.0 -4596.9 -32.0 75 0 9.9 13.8 7.5 2.5 2 1 3 0 0
6303.0 -4605.8 -35.3 79 0 6.9 9.8 5.0 2.5 2 1 2 3 3
6275.0 -4492.9 -31.3 262 0 11.0 13.8 2.5 2.5 2 1 1 4 4
6398.9 -4433.0 -27.6 98 0 15.8 16.4 5.0 2.5 2 1 2 0 0
6451.7 -4437.8 -29.1 250 0 13.8 10.2 10.0 2.5 2 0 4 0 0
6358.0 -4544.8 -35.2 264 0 5.4 6.1 7.5 2.5 4 1 3 3 3
6287.8 -4349.0 -20.5 69 0 13.1 12.5 5.0 2.5 4 0 2 4 4
6415.0 -3599.7 -34.0 82 0 10.4 8.4 5.0 2.5 4 0 2 0 0
6233.8 -3691.5 -23.9 90 0 9.2 6.7 5.0 2.5 2 0 2 0 0
6513.2 -3860.5 -33.2 357 0 13.2 13.1 5.0 2.5 2 0 2 2 2
6512.8 -3841.6 -33.7 343 0 8.3 12.1 7.5 2.5 2 1 3 4 4
6589.6 -3663.9 -32.2 115 0 11.4 13.6 7.5 2.5 2 1 3 1 1
6706.4 -3783.9 -31.1 299 0 17.9 13.5 5.0 2.5 2 0 2 0 0
6692.8 -3849.1 -34.5 212 0 13.0 16.4 5.0 2.5 2 1 2 5 5
5759.6 -3760.2 -23.2 358 0 6.7 8.6 5.0 2.5 4 1 2 3 3
5748.6 -3804.6 -21.0 358 0 9.1 10.1 5.0 2.5 2 1 2 2 2
5752.8 -3835.2 -18.7 68 0 8.8 8.3 2.5 0.0 0 0 1 1 1
5779.8 -3658.0 -29.3 91 0 5.1 13.2 2.5 2.5 2 1 1 1 1
5709.8 -3783.1 -23.8 256 0 6.8 7.3 7.5 2.5 4 1 3 5 5
5961.2 -4024.6 -18.1 162 0 6.5 11.2 7.5 2.5 2 1 3 2 2
5978.5 -4064.4 -20.9 156 0 7.1 5.3 5.0 2.5 2 0 2 3 3
5998.8 -4028.9 -19.5 356 0 10.1 9.0 7.5 2.5 2 0 3 5 5
5942.8 -3957.9 -13.8 243 0 9.1 9.3 2.5 2.5 2 1 1 1 1
5983.4 -3961.4 -15.2 260 0 7.8 8.0 7.5 2.5 2 1 3 1 1
6079.3 -4063.4 -24.5 240 0 13.9 14.8 5.0 2.5 2 1 2 4 4
6065.5 -4078.1 -24.7 240 0 11.2 9.2 2.5 2.5 2 0 1 1 1
6055.8 -3994.9 -18.6 97 0 8.2 10.8 7.5 2.5 2 1 3 0 0
6135.4 -4089.9 -22.6 101 0 12.6 12.2 2.5 2.5 2 0 1 0 0
6002.9 -4189.3 -22.6 193 0 13.7 15.0 5.0 2.5 2 1 2 5 5
6142.4 -4267.8 -19.5 91 0 7.3 7.1 7.5 2.5 2 0 3 2 2
6191.0 -4395.4 -22.7 95 0 10.4 8.4 5.0 0.0 0 0 2 2 2
6394.7 -4054.1 -21.9 273 0 18.3 15.8 12.5 2.5 2 0 5 3 3
6467.7 -4067.5 -24.5 357 0 11.4 12.3 2.5 2.5 4 1 1 3 3
6557.6 -4253.3 -21.6 274 0 8.5 9.7 5.0 2.5 2 1 2 4 4
6485.7 -4268.7 -18.7 94 0 9.4 6.8 7.5 2.5 2 0 3 2 2
6594.9 -4280.6 -22.3 2 0 5.3 6.1 2.5 2.5 2 1 1 4 4
6519.6 -4447.8 -26.9 348 0 8.0 7.4 5.0 2.5 2 0 2 3 3
6820.0 -4843.0 -15.2 92 0 10.4 10.7 7.5 2.5 2 1 3 1 1
6891.1 -4810.0 -16.5 274 0 14.5 16.8 5.0 2.5 4 1 2 5 5
6874.5 -4665.0 -28.1 234 0 11.0 17.5 7.5 2.5 2 1 3 4 4
6612.6 -1037.2 -28.1 344 0 9.9 9.4 5.0 2.5 2 0 2 1 1
6592.7 -1014.7 -26.5 344 0 6.8 12.2 7.5 2.5 4 1 3 4 4
6541.3 -1088.0 -30.5 151 0 6.0 10.2 2.5 2.5 2 1 1 4 4
6449.3 -1061.1 -19.9 164 0 8.8 10.9 2.5 2.5 2 1 1 3 3
6455.2 -1136.3 -23.4 27 0 8.6 10.5 7.5 2.5 2 1 3 5 5
6449.9 -1197.4 -24.7 219 0 7.9 8.0 5.0 2.5 4 1 2 5 5
6479.8 -1138.6 -27.2 204 0 10.4 8.2 7.5 2.5 2 0 3 5 5
6424.4 -1227.7 -18.9 211 0 7.2 6.5 7.5 2.5 2 0 3 4 4
6423.2 -1285.1 -14.1 147 0 6.5 8.8 7.5 0.0 0 1 3 3 3
6490.4 -1023.7 -21.4 332 0 7.4 9.7 5.0 2.5 2 1 2 4 4
6476.7 -1008.6 -18.9 358 0 8.4 10.1 5.0 2.5 2 1 2 5 5
6454.4 -1007.7 -16.9 262 0 6.6 5.6 5.0 2.5 2 0 2 5 5
6445.9 -886.5 -22.4 79 0 12.0 14.3 7.5 2.5 2 1 3 4 4
