1153.3 -3889.7 -28.7 358 0 12.8 22.3 12.5 2.5 2 0 5 3 3
1127.8 -3891.0 -28.5 332 0 13.0 21.5 10.0 2.5 2 0 4 4 4
1082.5 -3859.3 -35.3 238 0 9.7 5.6 7.5 2.5 2 0 3 0 0
1077.2 -3928.0 -28.8 139 0 11.2 21.4 2.5 2.5 2 1 1 5 5
1067.3 -3959.5 -28.6 105 0 10.0 27.5 7.5 2.5 2 1 3 4 4
-4293.7 6809.6 53.2 235 0 6.7 13.2 2.5 0.0 0 1 1 3 3
-4208.0 6762.2 50.4 113 0 8.0 13.4 5.0 2.5 2 1 2 3 3
-4202.0 6731.5 46.6 122 0 22.6 11.0 7.5 2.5 2 0 3 0 0
-4152.2 6771.2 47.0 34 0 24.4 9.5 2.5 2.5 2 0 1 1 1
-4170.0 6748.1 46.8 36 0 24.7 10.2 10.0 2.5 2 0 4 4 4
-4262.2 6815.8 53.7 230 0 14.3 30.9 10.0 2.5 2 1 4 2 2
-4225.7 6772.3 51.2 115 0 24.0 9.1 7.5 2.5 4 0 3 4 4
-4187.4 6819.0 52.2 301 0 8.7 19.4 7.5 2.5 4 1 3 3 3
-3963.0 6780.5 33.3 127 0 9.7 15.2 2.5 2.5 2 1 1 5 5
-4015.8 6816.1 38.3 273 0 26.6 11.1 12.5 2.5 2 0 5 3 3
6708.1 -3548.5 -33.2 8 0 10.8 21.3 5.0 2.5 2 1 2 0 0
6719.2 -3398.7 -28.1 222 0 24.6 10.5 10.0 2.5 2 0 4 1 1
6621.7 -3389.9 -31.2 3 0 20.7 17.1 10.0 2.5 2 0 4 2 2
6712.1 -3303.5 -36.0 289 0 8.7 15.8 7.5 2.5 2 1 3 4 4
6719.3 -3375.2 -31.6 30 0 11.9 10.6 5.0 0.0 0 0 2 1 1
6634.7 -3341.0 -32.5 20 0 12.6 12.7 7.5 2.5 2 1 3 2 2
6624.1 -3360.5 -32.8 18 0 13.7 15.2 2.5 2.5 2 1 1 3 3
6728.8 -3739.5 -20.8 7 0 12.7 11.6 10.0 2.5 2 0 4 5 5
6644.8 -3918.8 -29.1 98 0 10.6 10.2 7.5 2.5 2 0 3 3 3
6669.4 -5085.1 19.6 276 0 15.2 21.1 10.0 2.5 2 1 4 0 0
5755.4 -5024.2 4.3 14 0 17.7 11.9 5.0 2.5 4 0 2 0 0
5765.9 -4980.9 1.2 16 0 16.8 15.2 10.0 2.5 2 0 4 5 5
5761.0 -5003.0 2.7 17 0 18.3 12.5 2.5 2.5 2 0 1 4 4
5840.3 -4909.6 -9.6 62 0 10.9 19.6 7.5 2.5 2 1 3 1 1
4521.7 -4644.8 -34.6 359 0 11.2 22.9 12.5 2.5 2 1 5 5 5
6650.7 -5175.0 27.8 169 0 12.0 11.9 10.0 2.5 2 0 4 1 1
6693.6 -5150.9 23.7 347 0 12.4 13.1 5.0 0.0 0 1 2 2 2
6196.9 -4796.6 -11.5 311 0 9.4 12.8 5.0 0.0 0 1 2 4 4
6093.3 -4544.2 -26.9 312 0 17.8 10.9 5.0 2.5 2 0 2 0 0
5983.0 -4364.7 -22.6 182 0 9.4 7.3 7.5 2.5 2 0 3 4 4
6030.3 -4307.5 -18.3 357 0 12.0 9.5 7.5 2.5 2 0 3 3 3
5564.1 -3968.7 -39.2 80 0 8.6 10.3 5.0 2.5 2 1 2 0 0
5686.5 -3860.8 -30.2 92 0 7.8 10.5 5.0 2.5 2 1 2 1 1
5718.8 -3854.4 -29.5 356 0 12.9 9.9 7.5 2.5 4 0 3 0 0
5679.6 -3884.6 -26.1 289 0 6.9 9.2 5.0 2.5 2 1 2 3 3
5781.1 -3910.7 -23.6 98 0 11.7 10.9 10.0 2.5 4 0 4 0 0
5853.3 -3986.7 -17.8 289 0 9.8 10.1 5.0 2.5 2 1 2 5 5
5855.2 -3933.5 -19.0 288 0 12.5 11.1 5.0 2.5 2 0 2 1 1
5893.1 -4075.3 -28.6 94 0 9.3 23.7 7.5 2.5 2 1 3 3 3
5926.9 -4073.0 -29.9 357 0 6.4 6.4 5.0 2.5 2 0 2 5 5
5953.3 -3944.3 -17.1 175 0 17.0 15.8 10.0 2.5 2 0 4 2 2
5947.6 -3857.3 -14.9 239 0 9.1 25.6 7.5 2.5 4 1 3 4 4
5736.6 -3567.3 -27.7 272 0 9.0 10.5 5.0 2.5 2 1 2 5 5
5747.2 -3632.0 -23.0 352 0 11.4 12.3 2.5 2.5 2 1 1 2 2
5719.7 -3573.8 -26.8 272 0 9.9 15.2 7.5 2.5 4 1 3 3 3
5689.8 -3515.4 -40.4 156 0 13.4 12.1 2.5 2.5 4 0 1 3 3
6073.8 -3439.0 -6.2 59 0 7.7 18.1 7.5 2.5 2 1 3 3 3
6453.2 -3454.9 -26.0 256 0 11.2 13.0 7.5 0.0 0 1 3 1 1
6434.2 -3492.8 -27.7 237 0 7.8 12.5 2.5 2.5 2 1 1 3 3
6434.9 -3536.3 -26.3 178 0 7.9 13.1 7.5 2.5 2 1 3 4 4
6442.9 -3566.7 -28.8 154 0 9.4 10.0 5.0 0.0 0 1 2 1 1
6506.0 -3637.5 -30.7 55 0 10.7 14.9 5.0 0.0 0 1 2 3 3
6458.9 -3698.6 -38.4 86 0 10.5 12.3 2.5 2.5 2 1 1 1 1
6509.6 -3708.9 -34.0 106 0 23.4 10.8 7.5 2.5 2 0 3 4 4
6672.6 -3564.6 -33.6 185 0 7.5 25.8 5.0 2.5 2 1 2 4 4
6685.8 -3450.7 -30.8 193 0 12.0 10.0 2.5 2.5 2 0 1 5 5
6601.4 -3719.8 -29.9 241 0 10.5 9.0 7.5 2.5 2 0 3 1 1
6877.5 -478.8 -62.5 319 0 18.0 29.8 12.5 2.5 2 1 5 0 0
6911.9 -507.9 -46.3 255 0 28.9 16.3 7.5 2.5 2 0 3 2 2
6777.8 -3059.7 -45.2 96 0 8.8 11.0 7.5 2.5 2 1 3 3 3
6763.7 -3130.5 -38.2 225 0 10.3 8.2 7.5 2.5 2 0 3 2 2
6754.7 -3155.9 -35.1 68 0 16.1 10.7 2.5 2.5 2 0 1 4 4
6913.7 -3135.6 -41.3 188 0 10.6 12.6 5.0 2.5 2 1 2 2 2
6913.4 -3248.7 -32.5 327 0 11.8 10.9 2.5 2.5 2 0 1 0 0
6844.5 -3266.1 -37.8 240 0 11.7 20.1 7.5 2.5 2 1 3 2 2
6810.3 -3279.1 -39.3 244 0 12.9 18.6 7.5 2.5 2 1 3 5 5
6805.5 -3262.3 -38.4 72 0 13.3 12.0 10.0 2.5 2 0 4 2 2
6742.0 -2983.6 -45.9 152 0 11.2 9.6 7.5 2.5 2 0 3 4 4
6780.7 -2870.5 -54.7 330 0 24.2 11.8 10.0 2.5 4 0 4 4 4
6818.1 -2802.0 -54.1 62 0 22.1 31.8 10.0 0.0 0 1 4 5 5
6898.3 -2965.5 -52.1 6 0 9.1 11.7 7.5 2.5 2 1 3 3 3
6888.3 -2996.1 -52.6 6 0 7.9 9.2 2.5 2.5 2 1 1 1 1
6849.6 -3037.5 -51.7 202 0 10.9 10.3 5.0 0.0 0 0 2 3 3
6839.0 -3033.2 -52.3 196 0 9.7 8.2 7.5 2.5 2 0 3 4 4
6845.4 -3071.0 -50.8 86 0 9.6 14.4 7.5 2.5 2 1 3 3 3
6909.9 -3001.5 -52.0 48 0 7.2 12.6 5.0 2.5 2 1 2 2 2
6900.8 -3058.2 -49.6 20 0 10.3 13.6 7.5 2.5 2 1 3 2 2
6785.0 -1637.3 -0.4 308 0 17.4 11.6 7.5 2.5 2 0 3 4 4
6673.6 -2685.5 -54.1 163 0 11.3 26.3 7.5 2.5 2 1 3 4 4
6493.0 -2692.7 -40.9 175 0 12.3 15.9 2.5 2.5 2 1 1 3 3
6501.2 -2742.8 -40.2 171 0 13.3 10.6 7.5 2.5 2 0 3 3 3
6536.5 -2739.6 -42.4 290 0 11.1 11.2 5.0 0.0 0 1 2 2 2
6583.4 -2772.7 -45.6 4 0 9.4 11.7 7.5 2.5 2 1 3 1 1
6530.9 -2818.3 -47.3 205 0 14.9 14.6 7.5 2.5 2 0 3 5 5
6516.6 -2884.7 -48.6 197 0 11.9 11.1 2.5 2.5 2 0 1 1 1
6435.0 -3071.7 -38.0 311 0 10.1 11.6 5.0 2.5 2 1 2 4 4
6264.4 -3144.6 -26.2 32 0 14.5 12.7 2.5 0.0 0 0 1 3 3
6228.8 -3128.4 -23.3 205 0 10.8 11.6 2.5 2.5 2 1 1 1 1
6329.3 -3087.4 -40.5 214 0 13.3 11.6 5.0 0.0 0 0 2 3 3
6619.5 -2855.3 -52.0 115 0 12.5 13.9 7.5 2.5 2 1 3 0 0
6732.3 -3095.2 -35.0 17 0 9.2 11.3 5.0 0.0 0 1 2 2 2
6737.6 -3114.7 -34.5 34 0 10.9 10.9 2.5 2.5 4 0 1 5 5
6724.3 -3236.5 -31.3 84 0 11.1 21.2 5.0 2.5 2 1 2 3 3
6675.5 -3296.1 -33.6 214 0 17.8 14.3 12.5 2.5 2 0 5 5 5
191.1 -2674.0 -51.8 223 0 20.6 20.6 12.5 0.0 0 0 5 3 3
6913.0 -3450.7 -15.7 329 0 8.5 9.4 2.5 2.5 2 1 1 3 3
6906.1 -3433.3 -17.9 329 0 8.5 9.4 2.5 2.5 2 1 1 5 5
6759.4 -3339.9 -34.5 59 0 9.4 8.5 5.0 2.5 2 0 2 5 5
6771.9 -3347.9 -32.0 239 0 10.0 8.5 5.0 2.5 2 0 2 1 1
6857.1 -3865.4 -4.3 11 0 12.5 11.3 5.0 2.5 2 0 2 3 3
6800.6 -3973.7 -32.5 105 0 7.7 8.6 7.5 2.5 2 1 3 0 0
6771.3 -3897.9 -21.4 186 0 7.9 12.4 5.0 2.5 2 1 2 1 1
6909.2 -4015.6 -23.7 16 0 9.8 12.4 7.5 2.5 2 1 3 4 4
-6250.1 2713.3 30.5 89 0 14.5 10.9 5.0 2.5 2 0 2 4 4
