5866.9 -3798.4 -19.2 111 0 19.5 46.7 10.5 3.5 2 1 3 5 5
5604.3 -3769.3 -10.1 89 0 30.3 40.0 10.5 0.0 0 1 3 5 5
2922.4 -6587.6 0.3 177 0 25.1 16.5 12.5 2.5 2 0 5 3 3
-3728.0 -3447.5 3.6 95 0 35.9 35.8 10.0 0.0 0 0 4 1 1
2593.5 -5534.7 2.3 279 0 23.9 28.6 7.5 0.0 0 1 3 1 1
2787.8 -6363.2 -5.8 67 0 24.2 17.5 7.5 2.5 2 0 3 2 2
2848.7 -6552.5 1.7 267 0 13.4 13.8 2.5 2.5 2 1 1 1 1
3047.4 -6818.4 11.0 37 0 34.2 31.1 12.5 0.0 0 0 5 0 0
2645.5 -5384.1 -3.9 56 0 37.2 11.1 12.5 2.5 2 0 5 4 4
2774.2 -4579.4 7.5 119 0 52.4 35.4 12.5 0.0 0 0 5 5 5
2767.0 -4480.7 4.6 197 0 50.1 66.4 10.0 0.0 0 1 4 4 4
2830.5 -4096.2 1.2 121 0 59.6 83.5 10.0 0.0 0 1 4 0 0
2969.3 -3940.5 0.7 291 0 31.2 27.9 10.0 0.0 0 0 4 5 5
3128.0 -3652.4 0.9 214 0 20.2 37.5 7.5 0.0 0 1 3 2 2
1579.0 -2825.6 12.3 354 0 31.5 25.9 10.0 0.0 0 0 4 0 0
2809.6 -5719.0 5.1 262 0 17.7 17.4 14.0 3.5 2 0 4 0 0
2830.2 -5727.9 4.4 161 0 14.1 26.3 14.0 0.0 0 1 4 4 4
2867.6 -5701.1 5.1 240 0 9.9 8.2 10.5 3.5 4 0 3 3 3
2876.4 -5681.8 6.8 66 0 12.6 32.9 14.0 3.5 4 1 4 4 4
2949.6 -5651.5 4.7 359 0 47.8 36.3 14.0 0.0 0 0 4 4 4
2814.5 -4616.8 8.0 267 0 10.8 45.4 12.5 2.5 2 1 5 1 1
2811.8 -4737.4 8.2 28 0 10.4 47.3 10.0 2.5 2 1 4 0 0
2854.5 -6666.9 7.0 155 0 15.1 10.5 14.0 2.5 4 0 4 4 4
2823.0 -6579.5 3.9 359 0 15.5 58.9 10.0 2.5 2 1 4 0 0
2761.5 -6062.7 -8.0 283 0 36.4 64.4 14.0 0.0 0 1 4 1 1
2572.3 -5577.4 0.8 198 0 31.1 17.6 15.0 0.0 0 0 6 0 0
2580.9 -5657.2 -0.1 359 0 45.8 13.9 10.0 2.5 2 0 4 4 4
5943.5 -6289.6 -15.4 37 0 10.7 21.3 12.5 0.0 0 1 5 0 0
3016.7 -6031.6 -12.1 40 0 13.3 17.0 7.5 2.5 4 1 3 5 5
