-6255.0 -5559.7 -470.5 354 0 29.7 49.0 12.5 0.0 0 1 5 4 4
-3571.4 4326.3 456.2 52 0 17.8 16.1 10.0 0.0 0 0 4 5 5
-3552.2 4353.4 453.4 8 0 18.1 16.7 12.5 2.5 2 0 5 1 1
-3593.2 4380.4 458.2 204 0 18.1 15.5 12.5 2.5 2 0 5 1 1
-3602.3 4359.2 460.3 203 0 17.7 14.9 12.5 2.5 2 0 5 3 3
-3611.2 4337.8 462.1 201 0 17.7 15.3 12.5 2.5 2 0 5 3 3
-3619.3 4495.8 457.9 282 0 20.2 15.8 10.0 0.0 0 0 4 2 2
-3639.7 4464.5 457.0 207 0 16.2 18.6 7.5 2.5 2 1 3 5 5
-3647.9 4430.9 462.5 55 0 15.7 16.6 15.0 0.0 0 1 6 5 5
-3894.8 4532.8 429.5 322 0 5.3 7.0 7.5 2.5 2 1 3 4 4
-3739.4 4442.8 461.3 310 0 7.9 6.0 2.5 2.5 2 0 1 1 1
