5990.5 -3946.7 -10.2 185 0 28.5 30.9 7.5 0.0 0 1 3 0 0
-5210.1 -6750.2 -11.6 185 0 25.7 15.4 7.5 2.5 2 0 3 5 5
-5200.2 -6699.1 -7.6 280 0 29.5 14.6 7.5 2.5 2 0 3 5 5
-5224.7 -6711.7 -7.7 183 0 18.7 9.0 4.0 2.5 2 0 1 2 2
-5130.6 -6653.0 -8.7 106 0 14.2 36.4 7.5 2.5 2 1 3 4 4
-5365.3 -6004.9 3.9 264 0 95.8 83.1 12.5 0.0 0 0 5 1 1
6910.3 6558.5 -27.7 124 0 88.3 34.4 12.5 0.0 0 0 5 4 4
-1927.9 -2744.7 -12.1 255 0 52.6 66.5 10.0 0.0 0 1 4 0 0
-5713.3 -5393.3 16.4 113 0 12.5 46.7 12.5 2.5 2 1 5 5 5
-6340.7 1161.0 20.1 183 0 14.7 31.2 15.0 0.0 0 1 6 2 2
-5016.9 -6568.0 -10.5 283 0 77.7 31.3 10.0 0.0 0 0 4 5 5
6357.2 -6772.2 -30.1 90 0 16.3 39.7 10.0 2.5 2 1 4 4 4
