-1669.6 -3049.3 -8.1 94 0 15.1 53.2 14.0 3.5 2 1 4 3 3
-1553.4 -2209.6 -16.4 255 0 43.3 78.9 17.5 0.0 0 1 5 0 0
-1333.5 -2794.5 5.9 280 0 30.3 41.1 10.0 0.0 0 1 4 1 1
5587.8 771.0 -10.3 174 0 10.9 22.1 10.5 2.5 2 1 3 3 3
5567.3 653.8 -11.1 172 0 9.9 65.1 7.5 2.5 2 1 3 4 4
5636.4 714.4 -10.5 353 0 31.8 8.4 7.5 2.5 2 0 3 2 2
5643.8 676.5 -10.7 352 0 31.1 10.2 7.5 2.5 2 0 3 4 4
5593.3 934.0 -9.7 351 0 9.3 42.6 7.5 2.5 2 1 3 2 2
5609.0 837.5 -9.9 82 0 9.8 90.5 7.5 2.5 2 1 3 5 5
5545.3 860.7 -10.2 171 0 79.6 10.1 10.0 2.5 2 0 4 2 2
-1572.8 -3329.5 -6.4 183 0 23.3 21.1 14.0 3.5 2 0 4 0 0
-2051.0 1260.3 15.3 266 0 12.5 14.0 5.0 2.5 2 1 2 5 5
-2125.4 1184.6 10.5 99 0 16.8 22.4 12.5 0.0 0 1 5 3 3
3921.5 2627.9 -9.8 85 0 12.5 10.7 5.0 2.5 2 0 2 2 2
3928.9 2722.5 -6.2 270 0 10.8 9.5 7.5 2.5 2 0 3 0 0
3925.2 2840.9 -8.1 180 0 8.5 9.6 5.0 0.0 0 1 2 4 4
3927.6 2908.4 -9.3 206 0 12.0 12.2 7.5 0.0 0 1 3 5 5
3946.8 2972.5 -10.7 89 0 7.6 12.1 2.5 0.0 0 1 1 5 5
3928.6 2972.5 -10.6 90 0 15.0 14.0 7.5 2.5 2 0 3 0 0
4033.7 3115.6 -13.4 1 0 11.9 12.1 5.0 2.5 2 1 2 4 4
4245.5 3123.5 -14.4 0 0 9.9 13.6 2.5 2.5 2 1 1 5 5
4264.1 3084.6 -13.8 359 0 6.1 6.0 5.0 2.5 2 0 2 3 3
4283.9 3098.8 -14.1 355 0 9.3 12.3 7.5 2.5 2 1 3 2 2
4290.1 3073.4 -13.6 270 0 18.7 10.9 5.0 2.5 2 0 2 1 1
4344.4 3096.7 -14.4 179 0 9.6 8.7 5.0 2.5 4 0 2 4 4
4410.3 3114.8 -15.0 185 0 15.2 18.7 15.0 0.0 0 1 6 2 2
4446.4 3084.6 -14.7 92 0 19.9 11.5 7.5 2.5 4 0 3 1 1
4499.5 3090.3 -14.9 358 0 20.1 21.3 15.0 0.0 0 0 6 5 5
4500.0 3073.0 -14.6 358 0 14.6 15.3 5.0 2.5 2 0 2 1 1
4504.5 3059.5 -14.3 358 0 10.1 9.9 5.0 2.5 4 0 2 4 4
4466.8 3014.9 -13.5 179 0 12.1 11.5 10.0 2.5 2 0 4 2 2
4495.4 3010.5 -13.5 359 0 9.7 7.8 2.5 2.5 2 0 1 5 5
4476.6 2904.2 -11.6 270 0 19.5 10.2 2.5 2.5 2 0 1 5 5
4465.3 2807.1 -10.0 272 0 6.7 8.7 5.0 2.5 2 1 2 5 5
4488.3 2782.8 -9.8 180 0 8.5 9.0 5.0 2.5 2 1 2 5 5
4490.0 2735.9 -9.2 92 0 13.1 17.5 2.5 2.5 2 1 1 1 1
4465.0 2722.8 -8.7 359 0 13.5 12.5 10.0 2.5 2 0 4 5 5
4479.4 2719.4 -8.7 360 0 13.0 13.4 5.0 2.5 2 1 2 0 0
4488.6 2714.2 -8.7 178 0 10.6 8.9 7.5 2.5 2 0 3 5 5
4456.9 2647.2 -7.4 250 0 9.6 8.4 7.5 2.5 2 0 3 5 5
4484.2 2664.1 -7.8 180 0 8.4 10.5 7.5 0.0 0 1 3 0 0
4482.6 2652.3 -7.5 267 0 7.5 4.5 2.5 2.5 2 0 1 2 2
4477.9 2634.6 -7.3 181 0 8.6 12.1 7.5 2.5 2 1 3 3 3
4403.6 2575.1 -6.1 83 0 13.9 12.2 5.0 0.0 0 0 2 0 0
4366.1 2607.2 -6.3 270 0 12.2 11.3 5.0 0.0 0 0 2 4 4
4336.5 2564.2 -5.6 90 0 3.9 8.8 2.5 2.5 2 1 1 2 2
4299.7 2572.7 -5.5 91 0 6.6 7.8 5.0 2.5 2 1 2 5 5
4257.6 2559.1 -5.2 88 0 5.6 10.4 2.5 2.5 2 0 1 1 1
4197.9 2595.9 -5.4 39 0 7.3 4.6 7.5 2.5 2 0 3 0 0
4162.0 2555.7 -4.7 88 0 8.7 10.1 2.5 2.5 2 1 1 2 2
4142.0 2608.3 -5.3 178 0 4.4 7.5 7.5 2.5 2 1 3 2 2
4058.8 2601.9 -4.8 270 0 8.4 4.7 7.5 2.5 2 0 3 5 5
4001.9 2601.8 -7.1 180 0 17.3 10.8 10.0 2.5 2 0 4 3 3
3934.8 2612.7 -10.2 270 0 10.3 8.8 2.5 2.5 2 0 1 1 1
3912.0 2595.7 -12.2 239 0 14.3 11.0 5.0 2.5 2 0 2 1 1
1368.7 5426.7 -4.2 98 0 7.8 13.2 2.5 2.5 2 1 1 1 1
675.8 5784.4 -4.0 15 0 15.5 11.4 7.5 2.5 2 0 3 4 4
621.9 5805.2 -6.2 270 0 8.2 16.5 5.0 0.0 0 1 2 2 2
595.3 5749.8 -8.8 95 0 9.7 10.6 7.5 2.5 2 1 3 4 4
5127.2 6214.3 -9.5 256 0 11.9 12.2 2.5 2.5 2 1 1 4 4
5191.7 6244.9 -9.9 264 0 12.8 9.5 2.5 2.5 2 0 1 2 2
5251.9 6200.2 -10.0 184 0 14.2 12.4 5.0 0.0 0 0 2 1 1
5129.4 6325.7 -9.1 192 0 7.4 10.4 5.0 2.5 2 1 2 2 2
5340.3 6280.5 -9.1 357 0 10.4 10.6 2.5 2.5 2 1 1 3 3
5325.4 6184.0 -6.9 0 0 8.3 12.8 5.0 0.0 0 1 2 2 2
5518.9 6242.7 0.8 0 0 11.8 9.6 2.5 2.5 2 0 1 5 5
5530.0 6296.9 -0.0 2 0 10.3 9.6 5.0 2.5 2 0 2 2 2
5476.4 6336.4 -4.6 269 0 10.1 10.1 2.5 0.0 0 0 1 0 0
5695.8 6354.4 -0.1 86 0 12.8 12.0 5.0 0.0 0 0 2 3 3
5716.1 6431.2 -6.0 93 0 11.9 9.3 2.5 2.5 4 0 1 0 0
5938.1 6513.1 -8.9 93 0 7.2 5.7 5.0 2.5 2 0 2 1 1
5968.8 6424.9 -7.1 359 0 16.6 15.5 7.5 2.5 2 0 3 1 1
5984.5 6285.0 -1.8 92 0 10.8 14.6 7.5 2.5 2 1 3 5 5
5945.2 6204.4 2.7 89 0 17.7 12.4 10.0 2.5 2 0 4 5 5
6078.6 6240.8 -2.6 173 0 23.5 19.3 12.5 2.5 2 0 5 5 5
6097.0 6212.7 -1.8 82 0 13.5 15.6 7.5 2.5 2 1 3 3 3
6146.7 6260.8 -5.2 262 0 18.7 19.2 10.0 2.5 2 1 4 4 4
6215.5 6253.8 -5.8 168 0 10.5 12.8 5.0 2.5 2 1 2 2 2
6260.3 6265.7 -3.2 7 0 8.0 11.0 5.0 2.5 2 1 2 0 0
6189.6 6384.5 -2.7 185 0 15.6 19.8 10.0 2.5 2 1 4 3 3
5250.6 6305.2 -10.1 5 0 11.4 16.0 5.0 2.5 2 1 2 0 0
5966.1 6621.0 -13.4 358 0 8.2 11.3 5.0 2.5 4 1 2 2 2
6097.5 6739.7 -11.4 85 0 15.3 17.5 10.0 2.5 2 1 4 4 4
6114.0 6739.6 -9.5 165 0 19.8 16.8 10.0 2.5 2 0 4 0 0
6129.8 6697.8 -6.6 177 0 12.7 17.5 5.0 2.5 4 1 2 3 3
6164.7 6687.1 -3.9 171 0 13.7 12.6 7.5 2.5 2 0 3 2 2
6189.2 6683.6 -2.7 85 0 9.6 13.5 5.0 2.5 2 1 2 5 5
6200.5 6652.6 -0.5 85 0 10.7 5.9 7.5 2.5 2 0 3 5 5
6231.1 6663.8 1.1 94 0 12.1 10.5 7.5 2.5 2 0 3 5 5
6261.0 6686.5 0.9 348 0 7.1 8.5 7.5 0.0 0 1 3 2 2
6269.0 6635.0 4.0 90 0 13.5 15.1 5.0 2.5 2 1 2 4 4
6254.8 6716.3 -1.8 351 0 10.3 10.3 5.0 2.5 2 0 2 3 3
6276.0 6716.6 -1.5 355 0 11.3 16.8 7.5 2.5 2 1 3 5 5
6257.7 6729.6 -3.3 6 0 13.3 10.1 10.0 0.0 0 0 4 2 2
6191.4 6773.6 -8.7 270 0 14.3 9.3 7.5 2.5 4 0 3 0 0
6235.9 6792.3 -11.8 273 0 19.2 11.6 7.5 0.0 0 0 3 5 5
6153.0 6814.3 -13.3 79 0 14.2 16.4 5.0 2.5 2 1 2 1 1
5115.4 6687.4 -7.2 269 0 16.9 14.8 7.5 2.5 2 0 3 3 3
5337.5 1418.5 -11.6 268 0 21.4 13.7 10.0 2.5 4 0 4 0 0
6787.6 1700.2 -10.4 296 0 21.5 13.6 10.0 2.5 2 0 4 4 4
