-2156.6 4065.3 -15.7 71 0 132.2 132.1 7.5 0.0 0 0 3 3 3
-2392.7 3521.9 -17.9 270 0 34.9 58.9 12.5 0.0 0 1 5 2 2
1653.5 5298.0 -15.6 153 0 20.7 48.0 10.0 2.5 2 1 4 5 5
1875.6 5625.3 -16.9 103 0 17.4 40.3 10.0 2.5 2 1 4 0 0
1471.8 5135.6 -16.6 241 0 16.8 7.5 2.5 2.5 2 0 1 4 4
1532.6 5229.7 -16.1 29 0 25.8 24.9 7.5 0.0 0 0 3 2 2
-4939.5 4218.3 -24.3 310 0 26.3 30.6 10.0 0.0 0 1 4 4 4
-4890.8 4168.4 -23.4 41 0 11.7 7.2 5.0 2.5 2 0 2 0 0
-4871.8 4222.6 -23.5 53 0 12.0 11.4 7.5 2.5 2 0 3 5 5
-4722.1 4288.4 -23.4 152 0 9.7 8.3 5.0 2.5 2 0 2 0 0
-5637.0 4078.7 -15.3 137 0 8.3 14.1 5.0 2.5 2 1 2 2 2
-5601.9 4100.2 -14.6 356 0 9.5 12.7 5.0 0.0 0 1 2 0 0
-5529.5 4077.4 -15.8 87 0 11.4 15.4 7.5 2.5 2 1 3 1 1
-5529.1 4105.1 -15.2 265 0 14.1 9.4 5.0 2.5 2 0 2 4 4
-5601.8 4172.4 -13.4 0 0 11.4 15.0 5.0 2.5 2 1 2 0 0
-5645.8 4175.9 -13.2 200 0 7.6 8.9 2.5 0.0 0 1 1 0 0
-5611.3 4417.6 -19.7 26 0 14.6 17.6 7.5 0.0 0 1 3 5 5
-5629.0 4483.7 -19.4 298 0 9.3 14.6 5.0 2.5 2 1 2 1 1
-5600.5 4529.8 -21.0 173 0 8.3 7.5 2.5 2.5 2 0 1 4 4
-5621.3 4642.3 -20.9 178 0 12.4 8.6 7.5 2.5 2 0 3 3 3
-5643.0 4678.1 -18.9 84 0 8.3 13.8 7.5 2.5 2 1 3 1 1
-5585.2 4802.6 -19.0 357 0 9.7 10.6 7.5 2.5 2 1 3 1 1
-5571.1 5010.1 -21.3 355 0 11.8 17.7 5.0 2.5 2 1 2 4 4
-5642.7 4985.0 -17.6 80 0 9.2 12.2 5.0 2.5 2 1 2 5 5
-5625.4 5054.0 -19.9 253 0 7.0 8.6 5.0 2.5 2 1 2 1 1
-5647.5 5914.3 -13.9 161 0 9.3 11.5 5.0 2.5 2 1 2 4 4
-5590.8 5883.8 -11.9 182 0 9.2 7.2 5.0 0.0 0 0 2 5 5
-5577.4 5900.0 -10.8 184 0 9.4 11.2 5.0 2.5 2 1 2 1 1
-5624.5 6149.9 -7.6 352 0 14.3 7.9 7.5 2.5 4 0 3 4 4
-5598.8 6138.2 -7.0 340 0 13.3 9.8 5.0 0.0 0 0 2 5 5
-5588.1 6130.7 -6.4 164 0 12.6 10.0 5.0 0.0 0 0 2 4 4
-5583.7 6297.6 -10.7 87 0 8.1 17.1 5.0 0.0 0 1 2 3 3
-5511.2 6379.1 -11.8 353 0 13.8 20.2 10.0 2.5 2 1 4 5 5
-5536.7 6287.1 -7.8 359 0 7.9 14.9 7.5 2.5 2 1 3 0 0
-5454.9 6122.0 -2.6 169 0 11.8 10.6 5.0 2.5 2 0 2 5 5
-5444.5 6168.8 -2.5 266 0 7.4 21.9 5.0 2.5 4 1 2 4 4
-5342.4 5867.5 0.0 74 0 9.4 20.1 7.5 0.0 0 1 3 2 2
-5324.4 5895.2 1.1 274 0 11.0 18.4 2.5 2.5 2 1 1 5 5
-5272.7 5860.4 2.6 272 0 10.3 16.8 5.0 2.5 2 1 2 3 3
-5157.7 5811.3 5.4 343 0 11.7 20.5 2.5 2.5 2 1 1 5 5
-5078.3 5784.6 2.4 83 0 15.0 15.7 5.0 2.5 2 1 2 5 5
-5223.5 6038.7 3.9 172 0 9.2 9.8 5.0 2.5 4 1 2 3 3
-5230.4 6051.0 3.5 88 0 14.2 11.4 2.5 2.5 2 0 1 0 0
-5194.1 6093.5 4.6 262 0 11.6 13.8 5.0 2.5 2 1 2 1 1
-5181.6 6245.0 4.7 89 0 13.7 12.1 2.5 2.5 2 0 1 1 1
-5167.1 6267.7 5.0 360 0 11.2 12.6 5.0 2.5 4 1 2 4 4
-5022.8 6337.0 6.8 351 0 18.1 18.0 12.5 2.5 4 0 5 3 3
-4913.1 6448.1 12.6 356 0 14.5 13.5 5.0 2.5 2 0 2 4 4
-4851.7 6440.4 12.5 354 0 12.6 15.4 5.0 2.5 2 1 2 2 2
-4877.0 6318.2 11.3 351 0 16.0 13.2 7.5 2.5 2 0 3 5 5
-4875.7 6294.0 10.1 357 1 12.4 17.8 10.0 2.5 2 1 4 1 1
-4895.3 6267.1 8.8 173 0 11.6 12.0 5.0 2.5 2 1 2 4 4
-4913.3 6334.2 11.0 179 1 19.1 10.9 10.0 0.0 0 0 4 4 4
-4779.8 6338.4 9.9 82 0 16.6 13.8 5.0 2.5 2 0 2 3 3
-4663.2 6443.3 4.6 267 0 12.9 16.4 5.0 2.5 2 1 2 2 2
-4634.9 6370.1 4.0 85 0 14.8 17.7 5.0 2.5 2 1 2 2 2
-4575.0 6338.0 1.6 286 0 13.0 17.5 7.5 2.5 2 1 3 4 4
-4676.6 6253.4 5.7 84 0 12.8 15.6 7.5 2.5 2 1 3 2 2
-4687.3 6313.0 6.1 269 0 14.5 16.2 5.0 2.5 2 1 2 2 2
-4619.3 6212.8 3.3 89 0 18.0 23.5 10.0 2.5 2 1 4 3 3
-4503.6 6322.1 -1.6 260 0 16.2 18.3 10.0 2.5 2 1 4 5 5
-4429.7 6294.6 -4.6 263 0 14.8 16.3 5.0 2.5 2 1 2 3 3
-4444.6 6251.7 -3.5 3 0 13.7 11.2 2.5 2.5 2 0 1 5 5
-4473.1 6349.6 -3.0 176 0 12.3 14.3 5.0 2.5 2 1 2 2 2
-4539.9 6234.1 -0.2 156 0 8.3 12.5 5.0 2.5 2 1 2 4 4
-4556.8 6134.5 0.8 89 0 16.6 14.5 5.0 2.5 2 0 2 1 1
-4350.9 6407.7 -8.0 264 0 12.9 11.8 5.0 2.5 2 0 2 4 4
-4329.2 6418.8 -11.6 91 0 10.0 11.3 7.5 2.5 2 1 3 4 4
-4250.2 6414.3 -15.3 259 0 14.4 12.5 7.5 2.5 2 0 3 1 1
-4327.4 6287.4 -8.9 103 0 16.0 19.7 7.5 2.5 2 1 3 3 3
-4366.6 6306.2 -7.0 83 0 11.6 12.6 5.0 2.5 2 1 2 4 4
-4330.6 6196.9 -9.3 92 0 18.2 16.1 7.5 2.5 2 0 3 5 5
-4195.9 6211.4 -18.3 281 0 15.5 22.8 7.5 2.5 2 1 3 2 2
-4209.9 6269.5 -15.8 175 0 21.2 15.8 7.5 2.5 2 0 3 2 2
-4107.0 6281.2 -20.9 167 0 21.3 12.2 10.0 2.5 2 0 4 3 3
-4092.3 6363.4 -19.7 176 0 18.6 14.0 15.0 0.0 0 0 6 3 3
-4222.0 6138.0 -18.5 175 0 11.5 7.3 5.0 2.5 2 0 2 3 3
-4197.0 6101.4 -20.6 351 0 16.7 13.1 5.0 2.5 2 0 2 0 0
-4171.0 6068.7 -22.3 90 0 16.3 19.1 12.5 2.5 2 1 5 5 5
-5374.1 4883.8 -21.7 174 0 10.1 10.6 5.0 2.5 2 1 2 0 0
-5391.1 4902.7 -22.2 218 0 10.2 9.2 5.0 0.0 0 0 2 2 2
-5357.0 4972.1 -25.6 176 0 8.7 11.7 5.0 2.5 2 1 2 4 4
-5313.7 4901.0 -23.2 178 0 14.4 16.2 10.0 2.5 2 1 4 0 0
-5272.0 4846.2 -20.9 260 0 11.4 12.9 5.0 2.5 2 1 2 4 4
-5312.2 4831.3 -20.1 178 0 10.3 11.8 5.0 2.5 2 1 2 1 1
-5294.7 4831.2 -20.2 181 0 9.2 6.9 5.0 2.5 2 0 2 2 2
-5113.4 4680.1 -18.2 175 0 7.1 12.4 5.0 2.5 2 1 2 0 0
6293.3 5373.4 -33.6 256 0 12.2 9.0 5.0 2.5 2 0 2 2 2
6311.8 5383.5 -32.7 262 0 13.3 7.7 7.5 2.5 2 0 3 1 1
6310.0 5342.8 -33.3 351 0 10.4 10.2 5.0 2.5 2 0 2 1 1
6854.7 5525.2 -34.8 269 0 8.1 11.9 5.0 2.5 2 1 2 2 2
6848.3 5539.9 -34.7 269 0 8.1 11.9 7.5 2.5 2 1 3 0 0
6843.1 5557.3 -34.4 269 0 8.1 11.9 5.0 2.5 4 1 2 5 5
6866.1 5562.7 -34.0 269 0 8.1 11.9 2.5 2.5 2 1 1 2 2
6862.6 5484.3 -35.2 89 0 8.1 11.9 5.0 2.5 2 1 2 4 4
6814.8 5498.8 -34.5 269 0 8.1 11.9 7.5 2.5 2 1 3 4 4
6803.5 5542.5 -34.5 269 0 8.1 11.9 7.5 2.5 2 1 3 4 4
6786.0 5533.3 -33.9 269 0 8.1 11.9 7.5 2.5 2 1 3 4 4
6770.1 5527.4 -33.5 269 0 8.1 11.9 7.5 0.0 0 1 3 4 4
6739.1 5415.4 -32.6 89 0 8.1 11.9 5.0 2.5 2 1 2 1 1
6733.0 5516.4 -32.4 269 0 8.1 11.9 7.5 2.5 2 1 3 0 0
6722.2 5510.7 -32.1 269 0 8.1 11.9 7.5 0.0 0 1 3 0 0
6676.8 5420.9 -31.4 89 0 8.1 11.9 7.5 2.5 4 1 3 3 3
6623.0 5440.1 -30.3 269 0 8.1 11.9 5.0 2.5 2 1 2 2 2
6542.1 5450.5 -28.6 269 0 8.1 11.9 7.5 2.5 2 1 3 1 1
6519.5 5390.5 -29.0 89 0 8.1 11.9 7.5 2.5 2 1 3 1 1
6433.2 5371.2 -29.1 359 0 11.9 8.1 2.5 2.5 2 0 1 2 2
6401.6 5382.8 -29.0 269 0 8.1 11.9 2.5 2.5 2 1 1 2 2
6366.2 5426.9 -30.0 89 0 8.1 11.9 7.5 0.0 0 1 3 4 4
6356.1 5482.3 -30.0 269 0 8.1 11.9 2.5 2.5 2 1 1 1 1
-626.0 4265.1 -16.6 79 0 15.5 19.0 7.5 2.5 2 1 3 1 1
-567.2 4372.7 -13.3 89 0 10.4 12.7 5.0 2.5 2 1 2 2 2
-510.0 4457.6 -14.2 87 0 9.2 14.1 7.5 0.0 0 1 3 2 2
-422.5 4506.7 -14.1 273 0 15.1 11.6 2.5 2.5 2 0 1 0 0
-852.9 4136.4 -16.8 269 0 10.3 19.6 7.5 2.5 4 1 3 4 4
-885.3 4195.9 -15.0 96 0 11.8 10.1 2.5 2.5 4 0 1 3 3
-754.6 4271.3 -17.4 264 0 11.2 8.6 5.0 0.0 0 0 2 4 4
-703.2 4240.8 -18.0 344 0 12.5 13.5 7.5 2.5 4 1 3 1 1
-283.9 4126.8 -13.6 178 0 7.2 15.9 5.0 2.5 2 1 2 5 5
-221.4 4104.1 -13.5 90 0 8.6 9.7 2.5 2.5 2 1 1 0 0
-171.8 4235.9 -15.5 162 0 10.5 16.5 2.5 2.5 2 1 1 5 5
-114.9 4229.7 -18.1 268 0 7.9 7.0 5.0 2.5 2 0 2 2 2
-96.6 4193.7 -18.2 75 0 8.3 9.1 5.0 2.5 4 1 2 3 3
43.8 4160.5 -21.3 175 0 10.2 11.5 7.5 2.5 2 1 3 1 1
104.4 4120.2 -21.7 75 0 8.0 14.8 5.0 2.5 2 1 2 3 3
94.3 4158.2 -21.5 271 0 11.2 8.8 7.5 2.5 4 0 3 5 5
280.0 4238.1 -12.9 269 0 9.7 14.8 2.5 2.5 2 1 1 5 5
304.0 4108.1 -12.3 265 0 11.2 18.8 5.0 2.5 2 1 2 4 4
343.8 4216.0 -13.1 89 0 11.8 13.6 5.0 2.5 2 1 2 0 0
389.4 4075.7 -12.5 90 0 9.0 14.7 5.0 2.5 2 1 2 4 4
406.9 4062.6 -12.4 90 0 10.5 9.4 7.5 0.0 0 0 3 5 5
422.6 4064.1 -12.4 85 0 13.5 9.1 5.0 0.0 0 0 2 2 2
407.2 4149.9 -13.0 262 0 11.1 13.0 5.0 0.0 0 1 2 0 0
442.7 4069.5 -12.5 77 0 9.1 14.5 2.5 2.5 2 1 1 5 5
566.9 4066.6 -12.7 349 0 8.6 14.1 7.5 2.5 2 1 3 4 4
593.2 4226.6 -13.9 3 0 13.8 12.9 2.5 2.5 2 0 1 3 3
615.1 4171.9 -13.6 266 0 13.7 17.7 5.0 2.5 2 1 2 0 0
663.9 4097.3 -13.2 84 0 18.5 13.8 7.5 2.5 2 0 3 0 0
683.7 4178.7 -13.8 352 0 19.4 12.9 7.5 0.0 0 0 3 2 2
706.2 4238.5 -14.2 257 0 9.4 8.5 7.5 2.5 2 0 3 2 2
931.9 4218.4 -14.6 246 0 14.6 15.6 5.0 2.5 2 1 2 3 3
921.7 4106.3 -13.7 175 0 8.2 7.4 7.5 2.5 2 0 3 3 3
941.5 4110.1 -13.8 83 0 10.5 8.5 5.0 2.5 2 0 2 0 0
813.8 4232.7 -14.4 273 0 9.1 14.2 5.0 2.5 2 1 2 1 1
848.6 4223.2 -14.4 169 0 11.8 14.0 10.0 2.5 2 1 4 5 5
889.1 4209.8 -14.4 265 0 9.4 12.5 2.5 2.5 2 1 1 5 5
964.4 4114.2 -13.9 85 0 9.7 11.1 5.0 2.5 2 1 2 4 4
962.0 4227.2 -14.8 256 0 11.0 9.2 5.0 2.5 4 0 2 0 0
1012.3 4202.0 -14.1 358 0 10.6 10.5 2.5 2.5 2 0 1 5 5
1015.9 4099.2 -14.2 179 0 12.5 9.5 7.5 2.5 2 0 3 5 5
859.2 4121.1 -13.7 80 0 8.8 12.7 2.5 2.5 2 1 1 3 3
851.8 4206.7 -14.3 173 0 8.3 11.9 5.0 2.5 2 1 2 0 0
854.4 4167.9 -14.1 76 0 11.9 10.1 7.5 2.5 2 0 3 2 2
1046.8 4190.5 -14.1 2 0 10.7 12.2 5.0 2.5 2 1 2 4 4
1071.9 4114.1 -14.6 357 0 11.1 11.4 7.5 2.5 2 1 3 0 0
1038.8 4211.3 -14.1 352 0 14.0 10.7 5.0 2.5 2 0 2 2 2
957.5 4247.4 -14.8 266 0 8.8 11.9 5.0 2.5 2 1 2 4 4
1082.1 4195.1 -14.3 352 0 22.7 10.1 5.0 2.5 2 0 2 4 4
929.6 4244.6 -15.0 263 0 13.4 12.3 5.0 2.5 2 0 2 1 1
1137.0 4247.6 -14.7 277 0 14.4 14.6 10.0 2.5 2 1 4 2 2
1148.8 4124.2 -16.4 180 0 15.5 14.1 7.5 2.5 2 0 3 4 4
1136.7 4171.7 -15.1 185 0 9.1 13.7 7.5 2.5 2 1 3 5 5
1148.2 4071.7 -19.2 175 0 12.6 10.4 2.5 2.5 2 0 1 1 1
1159.8 4144.5 -15.4 173 0 6.9 9.5 7.5 2.5 2 1 3 1 1
1166.9 4191.0 -15.2 348 0 9.3 9.8 2.5 2.5 2 1 1 0 0
1117.1 4064.4 -18.8 181 0 8.4 10.9 7.5 2.5 2 1 3 5 5
1194.7 4190.9 -15.6 286 0 13.9 9.0 5.0 2.5 2 0 2 5 5
1191.2 4085.2 -18.9 69 0 9.0 11.5 7.5 2.5 2 0 3 3 3
1172.8 4146.6 -15.5 170 0 9.9 8.7 5.0 2.5 2 0 2 3 3
1215.3 4176.0 -15.9 268 0 13.8 9.8 7.5 0.0 0 0 3 4 4
1226.3 4061.9 -21.2 80 0 15.2 17.0 15.0 0.0 0 1 6 4 4
1248.0 4093.1 -19.8 69 0 12.2 16.1 5.0 2.5 2 1 2 4 4
1246.4 4065.0 -21.5 76 0 15.6 17.6 10.0 2.5 2 0 4 0 0
1259.5 4066.6 -21.8 93 0 12.4 12.4 5.0 2.5 2 0 2 1 1
1289.8 4071.3 -22.1 68 0 6.3 12.7 5.0 2.5 2 1 2 3 3
1309.0 4065.8 -23.1 252 0 5.8 9.7 7.5 2.5 2 0 3 2 2
1322.4 4067.0 -23.2 265 0 6.2 10.6 2.5 2.5 2 1 1 3 3
1327.4 4069.5 -23.2 169 0 10.3 13.6 2.5 2.5 2 1 1 1 1
1353.1 4093.5 -21.8 90 0 7.0 11.4 5.0 2.5 2 1 2 1 1
1352.1 4107.7 -21.2 92 0 6.1 9.8 5.0 2.5 4 1 2 2 2
1303.8 4201.0 -16.9 263 0 12.8 10.0 7.5 0.0 0 0 3 0 0
1388.1 4077.9 -23.1 258 0 7.9 11.3 5.0 2.5 2 1 2 3 3
1409.6 4083.4 -23.2 260 0 11.3 14.9 5.0 2.5 2 1 2 4 4
1445.6 4083.2 -23.3 267 0 9.7 7.4 7.5 2.5 2 0 3 5 5
1468.0 4110.2 -22.6 252 0 8.4 11.0 2.5 2.5 2 1 1 0 0
1413.2 4163.4 -19.7 272 0 7.3 11.0 7.5 2.5 2 1 3 4 4
1426.3 4161.5 -20.0 269 0 6.1 11.9 2.5 2.5 2 1 1 3 3
1436.9 4158.0 -20.2 272 0 9.1 11.0 7.5 2.5 2 0 3 2 2
1465.6 4129.9 -21.2 82 0 8.6 24.8 5.0 2.5 4 1 2 0 0
1407.7 4180.9 -18.7 348 0 8.9 7.7 2.5 2.5 2 0 1 3 3
1412.9 4207.0 -17.8 5 0 8.7 7.7 7.5 2.5 2 0 3 4 4
1397.5 4201.3 -17.9 358 0 7.4 7.0 2.5 2.5 4 0 1 3 3
1405.7 4228.2 -17.7 278 0 9.0 10.8 5.0 2.5 2 1 2 5 5
909.7 4676.8 -16.4 265 0 11.8 17.6 7.5 2.5 2 1 3 1 1
897.5 4762.0 -14.5 168 0 12.3 17.5 2.5 2.5 2 1 1 1 1
1017.6 4737.8 -16.4 74 0 13.0 18.3 5.0 2.5 2 1 2 3 3
1060.5 4749.7 -16.8 77 0 20.1 20.8 12.5 2.5 2 1 5 4 4
915.2 4709.8 -15.9 85 0 19.8 16.9 12.5 2.5 2 0 5 1 1
983.2 4714.8 -15.9 81 0 17.6 12.7 5.0 2.5 4 0 2 3 3
927.8 4720.8 -15.6 81 0 11.0 24.2 7.5 2.5 2 0 3 3 3
1148.5 4768.6 -17.5 239 0 41.3 28.8 10.0 0.0 0 0 4 5 5
1100.5 4765.6 -16.7 71 0 14.2 6.1 5.0 2.5 2 0 2 4 4
1127.7 4694.9 -16.9 79 0 13.3 15.3 2.5 2.5 2 1 1 1 1
1166.8 4724.8 -16.9 348 0 14.1 10.7 5.0 2.5 2 0 2 4 4
1191.5 4727.3 -17.1 346 0 18.4 11.1 5.0 2.5 2 0 2 4 4
1210.0 4666.5 -16.6 168 0 11.2 7.2 5.0 2.5 2 0 2 5 5
1200.1 4723.2 -17.3 179 0 13.1 21.7 7.5 2.5 2 1 3 4 4
1229.2 4670.1 -16.9 39 0 14.0 16.8 7.5 2.5 2 1 3 1 1
1221.5 4698.6 -17.1 185 0 12.4 8.0 7.5 2.5 2 0 3 1 1
1246.7 4714.2 -17.7 92 0 9.2 20.9 7.5 2.5 2 1 3 0 0
1178.2 4785.1 -17.7 250 0 5.9 26.2 5.0 2.5 2 1 2 2 2
1199.2 4790.1 -18.0 220 0 13.9 20.4 10.0 2.5 2 1 4 3 3
1246.5 4790.5 -18.5 250 0 10.1 11.2 5.0 2.5 2 1 2 2 2
1239.0 4809.9 -18.7 246 0 9.4 9.5 5.0 2.5 2 0 2 5 5
1261.0 4819.2 -18.9 244 0 7.0 9.6 7.5 2.5 2 0 3 4 4
1275.6 4826.3 -18.7 243 0 17.0 11.8 2.5 2.5 2 0 1 0 0
1292.1 4833.9 -18.4 241 0 17.2 12.0 7.5 2.5 4 0 3 0 0
1253.5 4830.6 -18.8 66 0 12.5 5.7 5.0 2.5 2 0 2 5 5
1235.3 4821.5 -18.7 66 0 23.6 8.7 7.5 2.5 2 0 3 3 3
1401.0 4809.1 -16.7 358 0 14.1 20.6 7.5 2.5 2 1 3 3 3
1404.2 4792.3 -16.4 352 0 15.3 15.0 10.0 2.5 2 0 4 2 2
1363.1 4884.4 -17.2 228 0 12.1 24.9 7.5 2.5 2 1 3 2 2
1294.5 4850.3 -18.1 72 0 16.2 23.7 10.0 2.5 2 1 4 1 1
1315.4 4858.8 -17.8 73 0 11.5 22.3 12.5 2.5 4 1 5 2 2
1365.6 4907.1 -17.1 70 0 8.5 26.2 5.0 0.0 0 1 2 2 2
1296.1 4924.5 -16.3 180 0 7.3 14.6 7.5 2.5 2 1 3 4 4
1176.5 4853.4 -16.8 259 0 12.4 21.5 7.5 2.5 2 1 3 5 5
1186.1 4799.8 -17.8 67 0 16.2 14.6 10.0 0.0 0 0 4 0 0
1412.2 4958.7 -16.5 309 0 5.9 31.2 5.0 2.5 2 1 2 2 2
1417.5 4966.3 -16.0 20 0 7.7 6.5 7.5 2.5 2 0 3 1 1
1420.3 4882.7 -16.1 149 0 16.3 13.4 5.0 2.5 2 0 2 2 2
1421.9 4938.8 -16.1 209 0 5.0 16.4 7.5 2.5 2 1 3 4 4
1426.4 4950.3 -16.2 199 0 13.0 6.7 5.0 2.5 2 0 2 3 3
1463.8 4967.5 -16.1 194 0 11.6 18.4 7.5 2.5 2 1 3 4 4
1523.8 5061.1 -17.6 259 0 11.0 15.0 7.5 2.5 2 1 3 1 1
1373.0 5134.6 -17.0 77 0 7.3 26.4 5.0 2.5 2 1 2 3 3
2385.5 6533.2 -20.9 271 0 18.8 15.0 7.5 0.0 0 0 3 0 0
3289.2 6657.3 -24.9 87 0 11.4 12.4 10.0 0.0 0 1 4 1 1
-3515.8 4050.9 -19.5 89 0 10.3 14.2 2.5 2.5 2 1 1 1 1
-3667.8 4072.2 -18.9 90 0 13.3 8.9 7.5 2.5 2 0 3 5 5
-3704.2 4081.8 -18.9 271 0 6.3 11.7 7.5 2.5 2 1 3 2 2
-4400.7 4667.1 -25.0 109 0 10.7 15.3 5.0 2.5 2 1 2 1 1
-4407.6 4794.8 -22.4 206 0 9.8 6.8 5.0 2.5 2 0 2 5 5
-4368.0 4742.4 -22.7 114 0 10.1 12.8 2.5 2.5 2 1 1 0 0
-4396.3 4990.8 -18.4 179 0 12.7 8.5 2.5 2.5 2 0 1 0 0
-4191.6 5213.2 -25.6 181 0 14.4 15.1 5.0 2.5 2 1 2 5 5
-4186.5 5103.6 -23.7 91 0 10.0 13.8 5.0 2.5 2 1 2 0 0
6224.9 5310.9 -35.6 164 0 8.3 12.0 5.0 2.5 2 1 2 1 1
2122.9 4267.9 -24.0 287 0 8.2 13.5 5.0 2.5 2 1 2 4 4
2195.0 4274.5 -24.1 346 0 11.1 8.2 5.0 2.5 2 0 2 1 1
2062.6 4261.5 -23.5 264 0 11.4 9.0 5.0 2.5 2 0 2 2 2
2163.0 4289.9 -23.7 268 0 9.7 15.2 7.5 2.5 2 1 3 0 0
2078.7 4269.0 -23.4 263 0 10.5 10.2 5.0 2.5 2 0 2 2 2
2094.1 4289.3 -22.5 85 0 12.9 9.6 5.0 2.5 4 0 2 5 5
2001.7 4253.1 -23.9 265 0 10.4 26.5 10.0 2.5 2 1 4 0 0
1965.5 4240.5 -23.5 263 0 12.3 11.4 7.5 2.5 2 0 3 2 2
1950.0 4229.4 -23.8 270 0 12.3 14.0 2.5 2.5 2 1 1 3 3
1975.5 4315.9 -21.0 268 0 10.9 15.2 5.0 2.5 2 1 2 3 3
1958.7 4260.8 -22.2 86 0 8.4 10.0 7.5 2.5 2 0 3 0 0
2089.4 4338.1 -20.6 83 0 9.5 4.6 2.5 2.5 2 0 1 2 2
2102.4 4336.1 -20.8 89 0 6.1 7.2 2.5 2.5 2 1 1 1 1
2067.0 4381.9 -19.3 267 0 11.0 13.4 10.0 2.5 4 1 4 5 5
2020.1 4356.9 -19.6 181 0 15.3 10.0 7.5 2.5 2 0 3 4 4
2148.4 4319.1 -21.9 89 0 13.5 15.5 2.5 0.0 0 1 1 1 1
2099.4 4395.3 -19.1 271 0 13.4 10.8 2.5 2.5 2 0 1 1 1
2230.2 4363.9 -21.2 87 0 11.6 14.1 5.0 2.5 4 1 2 4 4
2352.3 4360.7 -23.3 91 0 11.7 12.3 5.0 2.5 2 1 2 4 4
2249.9 4380.1 -21.1 86 0 11.7 12.3 7.5 2.5 4 1 3 2 2
2279.2 4389.8 -21.5 358 0 17.7 15.8 7.5 0.0 0 0 3 4 4
2372.8 4405.8 -22.5 357 0 14.8 11.0 7.5 2.5 2 0 3 3 3
2151.9 4427.8 -18.6 191 0 10.0 17.1 7.5 0.0 0 1 3 4 4
2116.9 4464.4 -17.1 184 0 14.4 18.1 7.5 2.5 2 1 3 5 5
2230.5 4440.5 -19.7 287 0 12.0 19.3 5.0 2.5 2 0 2 1 1
2121.0 4512.3 -15.8 182 0 11.2 15.5 5.0 2.5 4 1 2 5 5
1928.8 4223.9 -23.8 261 0 15.1 13.8 5.0 0.0 0 0 2 5 5
1882.7 4216.4 -23.7 246 0 7.3 13.9 5.0 2.5 2 1 2 5 5
1886.4 4197.4 -24.3 269 0 8.1 12.0 7.5 2.5 2 1 3 0 0
1909.0 4184.1 -24.6 85 0 7.2 17.2 7.5 2.5 2 1 3 3 3
1913.5 4223.2 -23.5 263 0 11.0 9.6 5.0 2.5 2 0 2 4 4
1846.9 4206.1 -23.8 271 0 10.6 15.2 5.0 2.5 2 1 2 5 5
1832.1 4179.6 -24.6 273 0 17.8 14.7 7.5 2.5 2 0 3 4 4
1806.8 4191.2 -24.2 269 0 14.4 24.7 12.5 2.5 2 1 5 0 0
1791.6 4168.1 -24.3 266 0 6.5 11.8 7.5 2.5 2 1 3 2 2
1885.4 4239.9 -22.3 84 0 12.2 23.5 12.5 2.5 2 1 5 1 1
1942.5 4316.1 -20.7 272 0 13.0 15.2 5.0 2.5 2 1 2 0 0
1899.8 4311.0 -20.4 267 0 11.0 14.5 2.5 2.5 2 1 1 2 2
1813.0 4213.7 -22.5 84 0 12.2 17.6 5.0 0.0 0 1 2 1 1
1848.8 4259.2 -21.2 89 0 13.8 12.8 7.5 2.5 2 0 3 5 5
1928.8 4349.2 -19.0 264 0 9.6 8.1 5.0 2.5 2 0 2 4 4
1755.8 4163.7 -24.3 239 0 7.9 18.5 5.0 2.5 2 0 2 2 2
1768.3 4159.2 -24.2 260 0 4.9 8.8 7.5 2.5 2 1 3 0 0
1718.6 4166.7 -23.6 267 0 14.7 13.8 5.0 2.5 2 0 2 3 3
1700.1 4162.3 -23.4 268 0 20.5 11.5 7.5 2.5 2 0 3 5 5
1754.9 4196.5 -22.4 85 0 12.4 17.1 5.0 2.5 2 1 2 0 0
1742.6 4194.4 -22.2 72 0 7.4 18.4 7.5 2.5 2 1 3 0 0
1760.9 4270.7 -20.1 249 0 9.0 12.7 5.0 2.5 2 1 2 3 3
1728.6 4231.3 -21.1 256 0 12.0 10.2 7.5 2.5 2 0 3 5 5
1691.4 4179.0 -22.2 75 0 29.6 8.7 7.5 2.5 2 0 3 2 2
-1004.0 4518.5 -14.5 90 0 6.2 9.4 10.5 3.5 2 1 3 5 5
-6788.5 5237.3 12.1 278 0 9.1 8.2 5.0 2.5 2 0 2 5 5
-351.2 3921.2 -20.2 356 0 5.8 8.6 5.0 2.5 2 1 2 2 2
-381.7 3905.6 -21.1 184 0 9.5 9.1 5.0 2.5 2 0 2 0 0
-317.6 3894.3 -20.6 359 0 17.2 15.9 7.5 0.0 0 0 3 0 0
-370.6 3973.7 -19.3 1 0 7.6 9.3 5.0 2.5 2 1 2 2 2
-415.2 4004.1 -19.2 175 0 11.9 9.7 7.5 2.5 2 0 3 5 5
-314.2 3826.9 -22.0 353 0 10.9 10.1 7.5 2.5 2 0 3 3 3
-6600.6 2226.7 -29.5 97 0 15.5 14.5 7.5 2.5 2 0 3 1 1
-6777.9 2258.1 -33.5 291 0 10.1 8.4 7.5 2.5 2 0 3 3 3
-6373.6 1769.5 -33.1 200 0 8.7 13.4 5.0 2.5 2 1 2 4 4
-6303.1 1882.3 -25.2 270 0 9.7 10.2 2.5 2.5 2 1 1 5 5
-6343.8 1844.6 -28.2 180 0 15.8 23.6 12.5 2.5 4 1 5 0 0
-6334.4 1799.5 -30.4 0 0 11.2 9.0 5.0 2.5 2 0 2 2 2
-6183.4 1847.4 -25.5 250 0 10.4 13.2 7.5 2.5 2 1 3 3 3
-5956.7 2151.9 -21.0 166 0 8.9 12.4 5.0 2.5 2 1 2 4 4
-5765.5 3087.8 -20.0 87 0 14.5 8.7 2.5 2.5 2 0 1 4 4
-5798.3 3115.1 -20.1 174 0 11.1 11.5 5.0 2.5 4 1 2 0 0
-5702.2 3125.7 -19.3 276 0 12.5 12.6 5.0 2.5 2 1 2 1 1
-6038.0 3113.9 -21.0 84 0 14.1 14.5 2.5 2.5 2 1 1 1 1
-6075.5 3115.9 -21.0 184 0 16.0 15.1 7.5 2.5 2 0 3 4 4
-6123.3 2989.4 -20.9 173 0 10.1 10.2 5.0 0.0 0 1 2 3 3
-5955.3 3003.4 -21.2 265 0 12.6 13.0 2.5 2.5 4 1 1 4 4
-6018.1 3154.2 -21.0 272 0 15.1 13.0 5.0 2.5 2 0 2 5 5
-5969.4 3265.6 -20.8 82 0 7.9 9.8 2.5 0.0 0 1 1 0 0
-6066.0 3215.8 -21.1 94 0 17.3 12.9 5.0 2.5 4 0 2 0 0
-5997.0 3891.2 -12.1 265 0 12.7 11.6 5.0 2.5 2 0 2 1 1
-5877.4 3910.0 -17.6 0 0 6.2 11.0 7.5 0.0 0 1 3 4 4
-5989.9 3781.8 -14.1 95 0 10.2 10.5 7.5 2.5 2 1 3 2 2
-6200.8 3464.2 -10.7 90 0 11.5 10.0 7.5 2.5 2 0 3 2 2
-6269.5 3475.8 -6.6 90 0 10.5 13.5 2.5 0.0 0 1 1 3 3
-6271.5 3672.9 -0.7 279 0 12.1 9.5 5.0 2.5 2 0 2 3 3
-6233.4 3830.1 -0.3 265 0 7.9 14.0 5.0 2.5 2 1 2 5 5
-6229.7 3665.9 -2.9 268 0 11.1 9.2 5.0 2.5 2 0 2 1 1
-6663.1 4034.8 12.8 95 0 13.4 12.6 2.5 2.5 2 0 1 0 0
-6864.3 3854.8 25.5 90 0 11.3 8.1 7.5 2.5 2 0 3 2 2
-6831.3 3570.2 12.0 93 0 11.1 12.6 2.5 2.5 2 1 1 5 5
347.4 6660.3 -10.0 53 0 14.3 14.0 5.0 0.0 0 0 2 2 2
-5658.1 2033.1 -22.4 80 0 5.5 7.4 7.5 2.5 2 1 3 2 2
-5648.2 2036.2 -22.5 77 0 5.6 8.1 5.0 2.5 2 1 2 5 5
-5642.5 2048.0 -22.4 259 0 4.8 6.7 5.0 0.0 0 1 2 2 2
-5584.0 2079.0 -22.4 265 0 7.1 10.4 5.0 2.5 2 1 2 1 1
-5597.1 2151.0 -20.6 351 0 9.6 24.4 5.0 2.5 2 0 2 4 4
-5561.3 2106.4 -21.9 108 0 19.5 22.5 10.0 2.5 2 1 4 2 2
-5624.7 2188.5 -20.1 260 0 8.8 29.6 7.5 2.5 4 1 3 0 0
-5593.8 2100.2 -21.6 85 0 7.2 9.7 7.5 2.5 2 1 3 5 5
-5645.6 2113.0 -20.9 178 0 13.2 5.2 5.0 2.5 2 0 2 2 2
-5530.1 2098.9 -22.8 254 0 30.0 13.7 12.5 2.5 4 0 5 3 3
-5641.8 2149.2 -20.2 178 0 9.8 6.1 5.0 2.5 2 0 2 0 0
-5496.7 2112.0 -22.7 268 0 6.5 9.8 7.5 2.5 2 1 3 4 4
-5478.6 2117.5 -22.8 250 0 4.5 6.7 5.0 2.5 2 0 2 2 2
-5466.8 2120.3 -22.9 256 0 4.8 9.8 5.0 2.5 2 1 2 1 1
-5395.9 2139.5 -23.3 251 0 10.2 5.5 5.0 0.0 0 0 2 1 1
-5421.1 2141.2 -22.8 359 0 6.0 8.5 7.5 2.5 2 1 3 2 2
-5482.1 2147.6 -22.0 87 0 8.4 11.7 2.5 2.5 4 1 1 3 3
-5461.9 2128.4 -22.6 86 0 4.9 11.9 7.5 2.5 2 1 3 5 5
-5435.5 2188.6 -21.8 174 0 10.4 6.6 7.5 2.5 2 0 3 1 1
-5442.3 2178.7 -21.9 179 0 7.2 5.2 5.0 0.0 0 0 2 0 0
-5418.9 2180.6 -22.1 179 0 9.1 4.5 5.0 2.5 2 0 2 5 5
-5407.5 2194.6 -22.0 265 0 4.7 8.5 2.5 2.5 2 1 1 3 3
-5392.2 2178.4 -22.4 87 0 10.1 12.3 2.5 2.5 2 1 1 4 4
-5387.1 2158.7 -22.9 90 0 8.2 13.8 7.5 2.5 2 1 3 5 5
-5483.1 2182.5 -21.2 1 0 5.7 7.9 5.0 2.5 2 1 2 4 4
-5485.5 2197.9 -20.9 353 0 4.9 7.9 7.5 2.5 2 1 3 5 5
-5468.2 2225.1 -20.6 346 0 8.0 5.0 2.5 2.5 2 0 1 5 5
-5472.6 2193.3 -21.1 347 0 6.3 7.1 7.5 0.0 0 1 3 1 1
-5377.5 2162.2 -22.9 85 0 5.3 11.5 5.0 2.5 2 1 2 3 3
-5380.6 2209.9 -22.0 267 0 5.5 9.0 7.5 2.5 2 0 3 1 1
-5374.6 2210.2 -22.1 268 0 6.4 9.0 2.5 2.5 2 0 1 4 4
-5359.5 2201.0 -22.3 84 0 6.5 9.4 2.5 2.5 2 1 1 1 1
-5342.1 2217.8 -22.3 263 0 6.2 8.7 7.5 2.5 2 1 3 3 3
-5351.5 2165.9 -23.1 355 0 6.3 11.2 7.5 2.5 2 1 3 2 2
-5337.4 2157.0 -23.7 262 0 5.5 8.8 7.5 0.0 0 1 3 4 4
-5330.0 2159.6 -23.7 260 0 6.2 10.0 5.0 2.5 2 1 2 2 2
-5296.1 2186.4 -23.4 80 0 12.4 9.4 7.5 2.5 2 0 3 3 3
-5300.6 2215.3 -22.8 258 0 13.1 6.8 5.0 0.0 0 0 2 4 4
-5240.0 2215.0 -23.3 78 0 11.6 11.2 7.5 2.5 2 0 3 1 1
-5226.7 2219.1 -23.3 78 0 11.3 10.0 5.0 2.5 2 0 2 1 1
-5210.2 2201.1 -23.7 77 0 13.3 9.4 5.0 2.5 2 0 2 5 5
-5239.3 2194.8 -23.8 79 0 13.2 10.9 2.5 2.5 2 0 1 1 1
-5252.1 2192.2 -23.7 78 0 13.0 10.9 5.0 2.5 2 0 2 4 4
-5148.5 2217.8 -23.5 77 0 6.9 10.4 2.5 2.5 2 1 1 4 4
-4616.5 2370.0 -28.2 259 0 7.6 8.5 5.0 2.5 2 1 2 5 5
-4617.0 2417.9 -25.1 80 0 9.0 12.9 7.5 2.5 2 1 3 1 1
-4629.4 2411.8 -26.5 78 0 7.7 13.7 7.5 2.5 2 1 3 1 1
-4599.2 2396.9 -24.8 78 0 8.8 11.6 5.0 2.5 2 1 2 2 2
-4584.4 2470.0 -22.3 252 0 9.7 14.8 5.0 2.5 4 1 2 5 5
-4574.3 2429.8 -22.7 75 0 9.7 21.3 2.5 2.5 2 1 1 5 5
-4587.7 2410.8 -23.0 71 0 8.4 8.4 5.0 2.5 4 0 2 4 4
-4588.1 2522.3 -21.6 258 0 8.3 10.4 5.0 2.5 2 1 2 1 1
-4573.5 2537.5 -21.7 273 0 8.1 8.3 2.5 2.5 2 0 1 3 3
-4573.8 2527.8 -22.0 259 0 7.1 9.9 7.5 2.5 2 0 3 1 1
-4573.3 2515.2 -22.0 259 0 6.1 7.0 5.0 2.5 2 1 2 5 5
-4489.1 2437.4 -24.3 77 0 6.8 15.5 2.5 2.5 2 0 1 4 4
-4461.0 2447.0 -24.8 71 0 14.2 19.4 7.5 2.5 2 1 3 1 1
-4434.2 2523.0 -24.8 341 0 8.7 27.1 2.5 2.5 2 1 1 2 2
-4480.8 2530.9 -23.7 357 0 7.1 9.2 2.5 2.5 2 0 1 0 0
-4481.0 2538.6 -23.7 358 0 8.1 6.5 5.0 2.5 2 0 2 4 4
-4516.2 2542.6 -23.1 251 0 9.1 7.2 7.5 2.5 2 0 3 4 4
-4532.5 2538.3 -22.7 267 0 5.0 7.1 5.0 2.5 2 1 2 5 5
-4562.2 2509.7 -22.3 258 0 5.2 9.1 7.5 2.5 2 1 3 0 0
-4189.3 2566.3 -22.8 73 0 6.7 12.7 5.0 2.5 2 1 2 1 1
-4220.9 2653.9 -21.1 173 0 10.9 9.1 7.5 2.5 2 0 3 2 2
-4219.1 2683.5 -20.5 265 0 9.1 12.6 5.0 2.5 2 1 2 1 1
-4194.1 2655.6 -20.7 344 0 10.2 8.0 5.0 2.5 2 0 2 5 5
-4194.1 2684.0 -19.8 351 0 5.7 7.8 7.5 0.0 0 1 3 0 0
-4148.1 2562.2 -21.9 82 0 5.0 6.3 2.5 2.5 2 1 1 2 2
-4079.1 2702.8 -16.9 268 0 9.0 15.7 7.5 2.5 2 1 3 3 3
-4135.2 2782.6 -15.5 89 0 15.5 13.2 5.0 2.5 2 0 2 3 3
-4110.3 2793.1 -14.8 360 0 10.2 9.2 5.0 2.5 2 0 2 2 2
-3639.8 2837.0 -21.9 268 0 8.6 8.5 7.5 2.5 2 0 3 3 3
-3602.5 2935.9 -21.1 355 0 7.6 9.6 2.5 2.5 2 0 1 5 5
-3584.5 2877.4 -22.5 84 0 6.6 10.9 7.5 2.5 2 1 3 5 5
-3527.6 2790.1 -24.9 353 0 9.5 7.1 7.5 0.0 0 0 3 5 5
-3481.1 2741.2 -26.2 258 0 4.4 11.3 5.0 2.5 2 1 2 2 2
-3469.4 2741.4 -26.2 259 0 9.6 7.3 7.5 2.5 4 0 3 1 1
-3443.3 2909.2 -23.0 178 0 10.6 10.2 7.5 2.5 2 0 3 1 1
-3452.6 2882.1 -23.5 267 0 11.7 7.9 7.5 2.5 4 0 3 0 0
-3421.6 2846.7 -24.2 17 0 6.3 5.7 5.0 2.5 2 0 2 1 1
-3401.8 2907.2 -23.1 90 0 8.6 4.8 5.0 2.5 2 0 2 1 1
-3417.3 2932.9 -22.6 178 0 12.0 11.5 2.5 2.5 2 0 1 0 0
-3387.8 2944.7 -22.6 264 0 5.3 9.3 7.5 0.0 0 1 3 4 4
-3419.8 2861.9 -23.9 4 0 6.3 10.8 5.0 2.5 2 1 2 4 4
-3372.9 2900.6 -23.3 85 0 5.5 11.3 5.0 2.5 4 1 2 2 2
-3323.5 2943.0 -23.1 69 0 5.0 8.7 7.5 2.5 2 1 3 4 4
-3286.8 2802.8 -25.9 241 0 6.0 8.7 2.5 2.5 2 1 1 4 4
-3344.8 2836.7 -24.8 162 0 6.4 5.8 5.0 2.5 2 0 2 4 4
-3300.2 2941.9 -23.5 349 0 6.1 7.4 5.0 0.0 0 1 2 1 1
-3423.3 3125.9 -19.1 88 0 15.4 14.7 7.5 2.5 2 0 3 4 4
-3531.4 3221.3 -16.5 266 0 13.0 15.5 10.0 2.5 4 1 4 1 1
-3486.4 3207.9 -17.0 359 0 15.7 17.0 10.0 2.5 2 1 4 1 1
-3552.9 3049.9 -19.7 178 0 11.1 12.9 5.0 2.5 2 1 2 5 5
-3547.1 3082.6 -19.0 169 0 12.1 14.5 7.5 2.5 4 1 3 0 0
-3464.1 3325.5 -16.2 72 0 7.7 35.5 7.5 2.5 2 0 3 2 2
-3458.2 3294.8 -16.0 70 0 7.5 31.0 5.0 2.5 2 0 2 0 0
-3609.2 3175.2 -16.6 81 0 9.8 28.1 7.5 2.5 2 1 3 5 5
-3620.2 3260.5 -15.6 83 0 15.2 16.5 7.5 2.5 2 1 3 3 3
-3598.7 3275.5 -15.8 82 0 11.4 19.3 7.5 2.5 4 1 3 1 1
-3624.6 3333.3 -16.3 171 0 14.0 8.0 7.5 2.5 2 0 3 4 4
-3616.3 3376.8 -16.7 271 0 14.4 7.3 7.5 2.5 2 0 3 4 4
-3559.8 3366.5 -16.1 269 0 12.4 19.2 5.0 2.5 2 1 2 3 3
-3581.4 3435.0 -16.6 175 0 15.1 12.3 5.0 2.5 2 0 2 5 5
-3592.9 3486.6 -16.9 184 0 12.5 7.4 5.0 2.5 2 0 2 5 5
-3554.7 3477.6 -16.9 271 0 7.5 12.8 5.0 0.0 0 1 2 2 2
-3536.4 3475.6 -16.8 265 0 9.8 15.8 7.5 2.5 2 1 3 1 1
-3521.1 3398.5 -16.5 176 0 13.6 9.2 5.0 2.5 2 0 2 3 3
-3508.7 3489.1 -16.7 248 0 5.5 8.2 7.5 0.0 0 1 3 3 3
-3498.9 3424.8 -16.6 255 0 5.5 7.5 7.5 2.5 2 1 3 3 3
-3450.5 3438.5 -16.1 356 0 13.4 10.0 5.0 2.5 2 0 2 1 1
-3441.9 3511.0 -16.1 264 0 6.8 8.6 7.5 2.5 2 1 3 1 1
-3398.4 3397.7 -15.4 345 0 7.4 11.6 5.0 2.5 2 1 2 1 1
-3345.7 3553.5 -16.7 183 0 11.6 10.2 2.5 2.5 2 0 1 1 1
-3312.4 3505.7 -16.6 87 0 12.7 15.1 5.0 2.5 2 1 2 0 0
-3313.0 3533.4 -16.6 352 0 5.0 10.1 7.5 2.5 2 1 3 3 3
-3320.5 3351.0 -15.6 268 0 10.6 11.0 5.0 2.5 2 1 2 0 0
-3360.0 3327.8 -15.1 245 0 9.7 8.4 2.5 2.5 2 0 1 2 2
-3311.2 3558.1 -16.8 265 0 9.8 11.3 7.5 2.5 2 1 3 3 3
-3388.2 3429.5 -15.8 250 0 6.9 12.7 5.0 2.5 2 1 2 1 1
-3301.1 3802.1 -17.6 89 0 10.9 12.8 5.0 2.5 2 1 2 5 5
-3346.9 3999.7 -17.8 92 0 7.1 9.6 7.5 2.5 2 1 3 5 5
-3405.6 4040.4 -19.0 259 0 7.3 10.0 7.5 2.5 2 1 3 1 1
-3528.6 3904.9 -18.1 268 0 10.2 10.4 2.5 2.5 2 1 1 1 1
-3499.9 3831.7 -17.9 88 0 9.9 27.9 7.5 2.5 2 1 3 0 0
-3718.4 4047.6 -19.1 173 0 8.9 12.1 5.0 2.5 2 1 2 1 1
-4064.4 3911.1 -24.8 87 0 6.1 7.8 7.5 2.5 2 1 3 3 3
-4292.0 3723.6 -22.3 82 0 5.6 9.3 7.5 2.5 2 1 3 4 4
-4288.0 3747.7 -22.6 357 0 10.1 4.4 2.5 2.5 2 0 1 3 3
-4332.3 3821.6 -27.1 90 0 12.8 8.2 7.5 2.5 2 0 3 5 5
-3716.2 3313.6 -15.6 270 0 9.3 4.8 7.5 2.5 2 0 3 2 2
-3782.3 3322.4 -16.4 342 0 18.4 16.3 10.0 2.5 2 0 4 3 3
-3795.4 3372.2 -16.4 357 0 11.4 10.0 10.0 2.5 2 0 4 1 1
-3766.2 3306.8 -15.6 81 0 12.3 9.4 5.0 2.5 2 0 2 3 3
-3794.5 3182.8 -17.5 70 0 29.8 69.2 10.0 0.0 0 1 4 3 3
-3787.0 3281.4 -16.7 351 0 15.7 13.1 2.5 2.5 2 0 1 0 0
-3822.8 3298.3 -17.4 182 0 11.8 15.9 5.0 2.5 2 1 2 4 4
-3822.9 3322.7 -17.8 255 0 29.0 15.8 10.0 2.5 2 0 4 5 5
-3842.9 3386.3 -17.8 85 0 8.9 7.5 5.0 2.5 2 0 2 3 3
-3721.2 3412.9 -17.1 271 0 11.6 12.9 2.5 2.5 2 1 1 5 5
-3790.3 3156.8 -16.2 258 0 28.2 5.9 7.5 2.5 2 0 3 2 2
-3870.1 3088.3 -15.2 346 0 5.6 10.2 5.0 2.5 2 1 2 3 3
-3920.7 3160.5 -16.1 54 0 11.1 12.0 5.0 2.5 2 1 2 4 4
-3928.2 3122.2 -15.4 273 0 10.5 15.4 7.5 0.0 0 1 3 5 5
-3950.9 3098.0 -15.0 270 0 5.7 5.8 7.5 2.5 2 1 3 4 4
-3957.9 3076.8 -14.7 171 0 9.8 5.6 2.5 2.5 2 0 1 4 4
-4014.5 3091.3 -14.5 275 0 12.7 9.4 2.5 2.5 2 0 1 4 4
-4132.5 3018.2 -15.4 90 0 18.2 16.8 10.0 2.5 2 0 4 4 4
-4108.5 3096.6 -15.8 76 0 18.6 31.8 10.0 2.5 2 1 4 5 5
-4163.6 3077.3 -16.4 76 0 31.2 15.0 7.5 2.5 2 0 3 5 5
-4180.0 3131.3 -16.2 260 0 11.5 26.4 7.5 2.5 2 1 3 0 0
-4241.5 3101.8 -16.4 258 0 12.4 10.9 7.5 2.5 2 0 3 4 4
-4289.6 3186.2 -15.6 174 0 14.5 37.8 10.0 2.5 2 1 4 0 0
-4306.3 3113.5 -16.1 265 0 17.3 11.7 10.0 2.5 2 0 4 3 3
-4301.8 3097.0 -16.2 273 0 10.6 11.0 2.5 2.5 2 1 1 3 3
-4322.9 3071.8 -16.3 87 0 13.8 13.0 5.0 2.5 2 0 2 0 0
-4334.5 2991.3 -17.8 275 0 10.6 14.6 7.5 2.5 2 1 3 1 1
-4386.1 2980.6 -17.4 267 0 10.2 19.1 7.5 2.5 2 1 3 4 4
-4424.4 2893.2 -19.1 165 0 17.3 16.4 7.5 2.5 2 0 3 4 4
-4471.1 3042.6 -15.3 182 0 13.2 16.9 2.5 2.5 2 1 1 3 3
-4368.4 3025.2 -16.2 83 0 7.4 18.9 2.5 0.0 0 1 1 5 5
-4371.5 3105.0 -15.7 177 0 11.9 10.5 5.0 2.5 2 0 2 0 0
-821.4 4919.4 -13.8 178 0 12.1 13.1 16.0 3.5 2 1 4 4 4
-770.3 4896.3 -14.3 354 0 18.4 11.8 16.0 3.5 2 0 4 3 3
-776.6 4946.9 -14.0 350 0 7.2 13.9 12.0 3.5 2 1 3 4 4
-617.3 4829.7 -14.9 97 0 23.0 15.2 12.5 2.5 2 0 5 5 5
