-3549.0 -455.2 -19.7 82 0 53.9 54.2 7.5 0.0 0 1 3 4 4
-1051.3 4521.4 -10.7 176 0 10.2 38.7 10.0 2.5 2 0 4 0 0
-6880.5 -3024.1 -27.3 249 0 6.6 30.6 10.5 3.5 2 1 3 2 2
-6416.5 -3973.1 -26.1 1 0 29.6 24.1 17.5 0.0 0 0 5 4 4
-6549.1 -3519.9 -28.6 260 0 37.6 12.7 17.5 3.5 2 0 5 4 4
-6441.0 -3420.3 -29.3 80 0 82.2 9.9 10.5 0.0 0 0 3 3 3
-6480.5 -3505.1 -29.7 259 0 92.0 7.1 10.5 3.5 2 0 3 5 5
-6528.4 -3436.5 -28.7 79 0 92.6 9.8 10.5 0.0 0 0 3 0 0
-6500.9 -3452.9 -29.7 259 0 103.9 14.5 14.0 3.5 2 0 4 3 3
-6643.7 -3496.6 -29.7 81 0 14.3 7.7 10.5 3.5 2 0 3 5 5
-6430.6 -3446.9 -30.0 170 0 12.3 13.2 14.0 3.5 2 1 4 1 1
-6678.5 -3503.7 -29.7 78 0 15.7 6.2 10.5 3.5 2 0 3 4 4
-5536.8 -2321.9 -30.7 107 0 43.6 33.0 17.5 0.0 0 0 5 3 3
-5484.2 -2329.7 -28.9 83 0 16.4 20.9 24.5 0.0 0 1 7 1 1
-5398.0 -2302.2 -26.0 262 0 10.2 18.2 7.0 3.5 2 1 2 0 0
-5415.1 -2304.5 -26.5 262 0 10.2 18.2 7.0 3.5 2 1 2 0 0
-5474.7 -2600.0 -30.9 4 0 26.2 39.5 17.5 0.0 0 1 5 2 2
-6318.6 -4042.7 -27.7 81 0 16.9 16.2 10.0 2.5 2 0 4 1 1
-6065.3 -513.9 -32.0 261 0 130.3 178.6 14.0 0.0 0 1 4 1 1
5914.4 1713.3 -29.1 242 0 40.7 8.3 7.5 0.0 0 0 3 3 3
-1388.2 -86.4 -23.0 180 0 33.7 22.9 12.5 0.0 0 0 5 5 5
1287.9 1922.6 -23.4 74 0 81.5 22.7 12.5 0.0 0 0 5 4 4
-6858.8 -3155.1 -25.3 261 0 15.7 24.3 17.5 3.5 2 1 5 5 5
1685.2 2061.4 -25.8 92 0 329.0 116.1 10.0 0.0 0 0 4 5 5
1459.0 1899.5 -17.3 320 0 21.0 38.2 12.5 0.0 0 1 5 4 4
3666.5 -210.5 -35.1 2 0 10.5 48.0 5.0 2.5 4 1 2 2 2
1226.4 2163.7 -12.5 21 0 39.7 25.0 5.0 0.0 0 0 2 5 5
4526.7 715.5 -23.8 268 0 10.1 40.0 5.0 2.5 2 1 2 2 2
1186.5 2239.1 -9.4 304 0 62.8 10.9 10.0 2.5 4 0 4 2 2
1143.9 2248.4 -8.4 214 0 25.5 8.7 3.5 2.5 2 0 1 1 1
1138.6 2260.6 -6.9 215 0 9.6 10.0 7.5 2.5 2 1 3 0 0
4536.4 750.9 -24.2 224 0 9.5 16.3 7.0 0.0 0 1 2 0 0
4557.7 673.7 -22.6 94 0 44.7 10.4 5.0 2.5 2 0 2 3 3
4611.3 677.6 -21.2 82 0 26.9 7.8 10.5 2.5 2 0 3 4 4
4634.6 702.5 -21.4 353 0 37.5 11.4 7.5 2.5 2 0 3 4 4
4618.6 726.6 -21.8 358 0 13.9 8.9 3.5 0.0 0 0 1 3 3
4619.2 739.6 -22.0 4 0 9.1 8.7 3.5 2.5 4 0 1 1 1
4614.6 763.3 -22.3 271 0 8.5 19.0 3.5 2.5 2 1 1 0 0
4596.8 763.2 -22.6 269 0 10.5 9.2 3.5 2.5 2 0 1 2 2
-2940.8 -1337.1 -22.5 185 0 142.6 106.1 7.0 0.0 0 0 2 0 0
4501.7 741.1 -25.0 46 0 11.7 16.8 7.0 2.5 2 1 2 3 3
1259.7 2067.0 -18.4 151 0 26.8 52.4 10.0 0.0 0 1 4 0 0
5121.4 2615.8 -29.0 276 0 13.3 8.2 2.5 2.5 2 0 1 2 2
5299.9 2725.1 -31.0 18 0 27.6 50.3 12.5 0.0 0 1 5 5 5
5154.1 2404.2 -28.0 266 0 7.0 7.3 5.0 0.0 0 1 2 5 5
5270.1 2348.5 -16.3 4 0 24.5 9.4 7.5 2.5 2 0 3 4 4
5203.5 2433.0 -26.3 268 0 11.0 8.3 5.0 2.5 4 0 2 3 3
5174.5 2347.4 -24.0 355 0 9.4 13.6 5.0 0.0 0 1 2 1 1
5140.8 2334.2 -25.0 181 0 8.5 11.6 5.0 0.0 0 1 2 0 0
5046.3 2325.9 -28.7 189 0 5.2 9.1 7.5 2.5 2 1 3 0 0
4867.3 2487.4 -26.7 176 0 17.0 11.7 5.0 2.5 2 0 2 1 1
4895.8 2489.5 -27.5 274 0 10.1 10.4 10.0 2.5 2 1 4 1 1
4912.4 2733.1 -22.3 98 0 8.7 10.0 5.0 2.5 2 1 2 5 5
4989.9 2832.8 -20.7 96 0 29.7 9.7 7.5 2.5 2 0 3 2 2
5019.5 2805.5 -22.4 276 0 11.2 7.8 7.5 2.5 2 0 3 0 0
5091.3 2801.6 -23.1 278 0 10.1 15.1 2.5 2.5 4 1 1 3 3
4892.1 2823.9 -20.0 272 0 13.8 14.8 5.0 2.5 2 1 2 0 0
4740.6 2845.7 -23.3 292 0 19.9 11.2 7.5 0.0 0 0 3 2 2
4672.0 2836.7 -25.0 268 0 14.0 12.9 2.5 0.0 0 0 1 3 3
4590.5 2823.2 -22.1 268 0 11.0 14.9 7.5 2.5 2 1 3 3 3
4605.4 2813.9 -22.4 270 0 10.7 10.4 5.0 2.5 2 0 2 3 3
4620.9 2763.2 -21.9 0 0 9.6 10.3 5.0 0.0 0 1 2 5 5
4605.0 2723.6 -21.3 184 0 9.8 14.4 5.0 2.5 2 1 2 2 2
4632.2 2720.3 -21.6 6 0 11.6 10.8 10.0 2.5 2 0 4 0 0
2086.6 -1086.5 -23.2 89 0 6.6 8.4 5.0 2.5 2 1 2 5 5
2112.1 -1078.5 -23.5 359 0 6.7 5.4 2.5 2.5 2 0 1 4 4
2057.8 -1066.7 -22.7 89 0 8.0 8.5 5.0 2.5 2 1 2 3 3
2075.9 -1049.1 -23.4 167 0 9.3 7.7 5.0 2.5 2 0 2 1 1
2073.0 -979.1 -23.9 272 0 8.9 8.1 7.5 2.5 2 0 3 2 2
2094.1 -1042.4 -23.7 2 0 9.7 6.7 2.5 2.5 2 0 1 3 3
2097.5 -1016.4 -23.9 2 0 7.0 8.6 5.0 2.5 2 1 2 2 2
2171.5 -1161.7 -23.5 91 0 6.5 8.6 5.0 2.5 2 1 2 1 1
2178.3 -1148.0 -23.6 89 0 5.4 7.8 7.5 2.5 2 1 3 3 3
2168.5 -1147.9 -23.5 92 0 5.0 9.3 7.5 2.5 2 1 3 0 0
2140.2 -1097.2 -23.4 182 0 8.9 10.0 5.0 0.0 0 1 2 2 2
2152.7 -1087.4 -23.6 180 0 10.0 7.8 5.0 2.5 2 0 2 3 3
2081.7 -1251.1 -25.4 170 0 8.3 5.5 5.0 2.5 2 0 2 3 3
2180.7 -1181.0 -24.7 179 0 9.4 7.3 5.0 2.5 2 0 2 2 2
2177.1 -1222.0 -25.9 354 0 7.7 5.9 7.5 2.5 2 0 3 1 1
2200.4 -1077.6 -23.9 2 0 5.6 5.7 2.5 2.5 2 1 1 2 2
2117.9 -977.7 -23.9 358 0 6.2 9.1 7.5 2.5 2 1 3 4 4
2135.0 -961.9 -23.9 182 0 7.8 5.2 7.5 2.5 2 0 3 0 0
2157.9 -948.2 -24.0 271 0 6.0 15.7 7.5 2.5 2 1 3 1 1
2186.8 -816.7 -24.5 359 0 9.0 4.5 7.5 2.5 2 0 3 5 5
2087.0 -832.4 -24.7 271 0 9.7 11.9 2.5 2.5 2 1 1 5 5
2077.5 -901.2 -24.5 178 0 8.6 3.5 5.0 2.5 2 0 2 0 0
2066.1 -874.4 -24.6 271 0 5.4 10.0 5.0 2.5 2 1 2 0 0
2032.3 -928.1 -23.2 269 0 10.6 11.3 5.0 2.5 2 1 2 5 5
2059.4 -963.3 -23.8 77 0 7.3 10.2 5.0 2.5 2 1 2 2 2
2060.6 -940.6 -24.1 93 0 8.3 8.4 7.5 2.5 2 1 3 4 4
2075.8 -932.1 -24.4 84 0 7.3 10.4 5.0 2.5 2 1 2 3 3
2138.9 -750.9 -24.9 85 0 12.9 5.0 7.5 2.5 4 0 3 4 4
2134.9 -775.9 -24.7 271 0 6.7 5.9 5.0 2.5 4 0 2 1 1
2145.7 -775.0 -24.7 181 0 12.3 4.1 7.5 2.5 2 0 3 4 4
2153.7 -777.6 -24.7 180 0 7.6 7.1 5.0 2.5 2 0 2 0 0
2172.4 -752.8 -24.8 0 0 9.2 10.8 2.5 2.5 2 1 1 3 3
2179.6 -783.5 -24.6 3 0 7.2 5.9 5.0 2.5 2 0 2 4 4
2126.7 -841.9 -24.5 178 0 7.9 8.0 5.0 2.5 2 1 2 3 3
2128.8 -849.1 -24.4 268 0 6.4 6.7 5.0 2.5 2 1 2 4 4
2200.2 -890.1 -24.4 358 0 6.6 4.7 5.0 2.5 2 0 2 5 5
2200.5 -878.4 -24.5 358 0 7.5 4.5 7.5 2.5 2 0 3 3 3
2183.3 -880.5 -24.3 358 0 5.6 7.2 5.0 2.5 2 1 2 4 4
2155.8 -795.8 -24.6 268 0 6.6 9.5 5.0 2.5 2 1 2 1 1
2145.7 -820.6 -24.5 178 0 7.0 6.3 5.0 2.5 4 0 2 3 3
2148.3 -833.1 -24.5 178 0 8.0 6.7 5.0 2.5 2 0 2 2 2
2127.9 -938.2 -24.1 88 0 8.5 11.6 7.5 2.5 4 1 3 0 0
2112.1 -937.1 -24.1 88 0 13.4 10.3 5.0 2.5 2 0 2 3 3
2106.6 -918.4 -24.3 88 0 11.0 10.6 10.0 2.5 2 0 4 5 5
2172.6 -853.1 -24.4 359 0 11.7 11.8 7.5 2.5 2 1 3 0 0
2141.1 -934.3 -24.1 90 0 11.1 8.7 2.5 2.5 2 0 1 4 4
2128.7 -923.8 -24.1 88 0 9.2 6.8 2.5 2.5 2 0 1 4 4
2153.1 -925.5 -24.1 91 0 9.3 12.8 7.5 0.0 0 1 3 4 4
4695.0 2700.8 -23.6 272 0 13.0 8.6 2.5 2.5 2 0 1 4 4
4705.5 2665.8 -23.2 5 0 8.7 13.4 5.0 2.5 2 1 2 5 5
4771.1 2584.0 -24.4 88 0 6.0 6.2 7.5 2.5 2 1 3 4 4
5062.6 2637.2 -26.8 187 0 7.6 6.8 2.5 2.5 2 0 1 1 1
5028.8 2743.8 -24.0 174 0 16.5 10.7 7.5 2.5 2 0 3 0 0
4790.2 2633.6 -25.9 357 0 11.8 10.9 2.5 2.5 4 0 1 3 3
1573.8 2074.0 -26.6 92 0 85.5 57.9 10.0 0.0 0 0 4 1 1
1643.0 2069.7 -27.0 91 0 24.8 59.4 7.5 2.5 2 1 3 1 1
2410.0 -827.5 -26.4 72 0 39.7 43.6 10.0 0.0 0 1 4 1 1
2331.3 -614.3 -34.8 148 0 85.3 27.2 10.0 0.0 0 0 4 1 1
5728.7 3573.4 -26.9 340 0 10.2 14.8 7.5 0.0 0 1 3 1 1
3983.5 -283.2 -33.7 117 0 9.6 10.8 5.0 2.5 2 1 2 0 0
4002.7 -152.0 -31.1 137 0 8.1 9.4 7.5 0.0 0 1 3 3 3
3980.3 -164.3 -31.0 192 0 7.6 10.1 5.0 2.5 4 1 2 0 0
3980.0 -133.4 -30.6 210 0 9.3 8.6 5.0 2.5 2 0 2 5 5
4156.7 76.4 -29.9 42 0 8.9 7.9 7.5 2.5 4 0 3 3 3
4172.4 156.9 -28.9 267 0 13.0 7.9 7.5 2.5 2 0 3 1 1
4169.2 112.9 -29.4 70 0 8.6 8.9 5.0 2.5 2 1 2 5 5
4163.5 144.5 -29.0 287 0 9.2 7.2 7.5 2.5 2 0 3 1 1
4177.5 125.2 -29.3 63 0 7.6 5.2 7.5 2.5 4 0 3 4 4
4200.9 154.5 -29.1 316 0 9.4 7.2 2.5 2.5 2 0 1 2 2
4127.5 65.9 -29.9 204 0 8.0 6.0 7.5 2.5 2 0 3 2 2
3999.2 -96.0 -31.2 189 0 10.3 14.9 2.5 2.5 2 1 1 5 5
3991.2 -68.9 -30.8 179 0 10.1 6.9 2.5 2.5 2 0 1 0 0
4002.1 -55.2 -30.9 181 0 10.0 6.7 5.0 2.5 2 0 2 0 0
3993.6 -101.7 -30.8 273 0 7.0 4.7 7.5 2.5 2 0 3 3 3
4004.6 -70.3 -31.2 178 0 5.9 10.0 7.5 2.5 2 1 3 4 4
4018.5 -71.1 -31.1 196 0 6.1 8.1 5.0 2.5 2 1 2 3 3
4039.2 -109.9 -31.8 36 0 8.9 7.7 5.0 2.5 2 0 2 4 4
4045.0 4.4 -29.2 280 0 9.2 13.0 7.5 0.0 0 1 3 2 2
4061.8 -30.2 -29.9 352 0 10.9 7.1 5.0 0.0 0 0 2 2 2
4018.6 -30.0 -29.9 180 0 9.8 8.6 7.5 2.5 2 0 3 4 4
4075.2 -51.9 -30.4 354 0 6.9 6.5 5.0 2.5 2 0 2 3 3
4059.7 -98.7 -31.6 29 0 8.9 8.5 7.5 2.5 2 0 3 0 0
4055.1 -5.3 -29.4 306 0 5.9 11.4 2.5 2.5 2 1 1 5 5
4084.9 -26.2 -30.0 7 0 6.6 7.7 5.0 2.5 2 1 2 4 4
4047.9 -93.0 -31.5 27 0 9.3 4.3 7.5 2.5 2 0 3 4 4
4037.8 -22.6 -29.6 306 0 10.6 4.6 2.5 2.5 2 0 1 4 4
3999.9 -0.6 -29.1 210 0 6.6 5.2 5.0 2.5 2 0 2 3 3
4015.3 -98.8 -31.4 185 0 5.7 5.3 5.0 2.5 2 0 2 0 0
4025.3 17.1 -28.7 271 0 10.2 8.8 2.5 2.5 2 0 1 3 3
-1118.4 6664.1 -15.1 89 0 11.9 13.4 2.5 2.5 2 1 1 1 1
-1212.2 6798.1 -30.4 4 0 11.5 15.9 5.0 2.5 2 1 2 1 1
-1212.8 6744.9 -26.0 352 0 10.1 13.9 7.5 2.5 2 1 3 4 4
-980.8 6611.3 -7.2 5 0 10.0 8.5 2.5 2.5 2 0 1 4 4
-972.1 6596.3 -5.9 18 0 11.3 12.0 2.5 2.5 2 1 1 4 4
-949.2 6770.9 -22.9 265 0 12.4 11.7 5.0 2.5 2 0 2 0 0
-903.1 6826.6 -14.3 0 0 21.5 17.3 12.5 2.5 2 0 5 0 0
-812.1 6693.2 -9.7 269 0 14.8 10.3 5.0 2.5 2 0 2 4 4
-890.6 6552.7 -11.5 85 0 12.8 9.2 7.5 2.5 2 0 3 0 0
-700.8 6579.4 -13.5 85 0 8.2 28.6 7.5 2.5 2 1 3 2 2
-655.8 6752.0 3.4 170 0 12.6 15.3 10.0 2.5 2 1 4 4 4
-519.7 6800.3 -3.6 263 0 19.8 18.0 10.0 2.5 2 0 4 2 2
-566.9 6658.6 -8.3 268 0 21.5 8.3 5.0 2.5 2 0 2 3 3
-498.4 6494.7 -9.8 356 0 11.2 12.6 5.0 2.5 2 1 2 2 2
-408.1 6692.9 -10.6 88 0 10.8 13.6 5.0 2.5 2 1 2 3 3
-457.4 6623.5 -7.2 78 0 14.3 11.8 5.0 2.5 4 0 2 5 5
-494.2 6517.0 -9.2 358 0 11.1 13.6 2.5 2.5 2 1 1 3 3
-383.7 6824.8 -13.4 273 0 14.5 12.6 7.5 2.5 2 0 3 4 4
-444.7 6818.7 -8.8 270 0 11.1 12.6 2.5 2.5 2 1 1 4 4
-6861.6 1742.5 -14.5 139 0 11.6 15.6 10.5 3.5 4 1 3 3 3
-6857.4 1884.9 -20.3 153 0 14.6 16.7 10.5 3.5 2 1 3 0 0
-6874.7 1785.6 -15.0 233 0 15.5 14.9 10.5 3.5 2 0 3 1 1
-6839.8 1676.0 -12.1 347 0 12.4 9.1 10.5 3.5 2 0 3 2 2
-6875.2 2083.1 -27.5 123 0 25.2 18.9 10.0 2.5 2 0 4 3 3
-153.9 6563.1 -28.7 185 0 18.7 26.1 12.5 2.5 2 1 5 1 1
-114.5 6603.2 -31.2 271 0 19.6 23.0 10.0 2.5 2 0 4 4 4
-59.8 6552.9 -30.6 90 0 16.4 27.2 7.5 2.5 2 1 3 4 4
-120.8 6667.8 -30.7 268 0 10.9 14.8 7.5 2.5 2 1 3 5 5
-110.8 6663.3 -31.9 184 0 9.4 12.9 2.5 2.5 2 1 1 5 5
-135.5 6736.5 -31.3 192 0 11.5 16.6 12.5 2.5 2 0 5 3 3
-145.1 6728.7 -29.9 189 0 7.7 8.0 5.0 2.5 2 0 2 0 0
-143.1 6739.1 -30.2 192 0 8.8 8.1 2.5 2.5 2 0 1 3 3
20.3 6533.5 -32.3 234 0 20.2 45.4 10.0 2.5 2 1 4 2 2
79.5 6782.4 -31.8 84 0 9.3 19.8 2.5 2.5 2 1 1 5 5
-23.7 6754.7 -33.6 95 0 10.6 6.7 7.5 2.5 2 0 3 1 1
43.4 6657.1 -33.0 88 0 8.6 11.0 5.0 2.5 2 1 2 0 0
121.4 6616.3 -32.0 180 0 14.4 12.5 7.5 2.5 2 0 3 5 5
175.1 6685.3 -31.7 259 0 11.4 13.4 10.0 2.5 2 1 4 3 3
265.5 6827.4 -28.5 173 0 8.7 20.6 7.5 0.0 0 1 3 2 2
299.8 6792.6 -27.9 180 0 10.1 11.2 7.5 2.5 2 1 3 2 2
332.4 6748.8 -27.8 94 0 8.2 11.8 5.0 2.5 2 1 2 0 0
355.3 6766.6 -27.5 353 0 11.1 20.5 12.5 0.0 0 1 5 2 2
621.8 6527.7 -25.8 0 0 11.6 19.8 7.5 2.5 2 0 3 2 2
554.5 6587.0 -26.8 263 0 9.2 62.7 7.5 2.5 2 1 3 2 2
628.4 6598.9 -25.5 277 0 12.7 64.1 7.5 2.5 2 1 3 2 2
659.1 6588.2 -24.4 266 0 13.3 18.3 2.5 2.5 2 0 1 3 3
668.7 6705.6 -22.6 87 0 7.1 11.9 7.5 2.5 2 1 3 5 5
717.6 6743.0 -21.5 279 0 10.2 11.2 2.5 2.5 4 1 1 5 5
-2433.3 5827.7 -16.1 33 0 26.7 11.3 12.5 2.5 4 0 5 0 0
-6103.5 -3239.5 -27.0 91 0 12.0 53.7 14.0 3.5 2 1 4 1 1
-6746.8 -1062.9 -15.6 258 0 22.8 30.0 7.0 0.0 0 1 2 1 1
1268.3 2174.8 -12.4 191 0 13.8 24.9 10.0 0.0 0 1 4 2 2
-5373.1 -835.8 -26.6 180 0 7.0 9.1 10.5 3.5 4 1 3 5 5
-5304.1 -549.1 -23.2 204 0 13.5 25.3 10.5 3.5 2 1 3 3 3
1185.8 -607.0 -15.8 101 0 22.2 22.8 10.5 3.5 2 1 3 2 2
-6198.8 -3298.0 -27.3 73 0 19.6 37.8 14.0 0.0 0 1 4 2 2
5841.9 3762.3 -32.7 98 0 13.3 15.4 2.5 2.5 2 1 1 5 5
5965.6 3346.4 -19.8 93 0 12.5 13.8 7.5 2.5 2 1 3 3 3
6186.7 3195.4 -12.0 108 0 18.2 19.8 10.0 2.5 2 1 4 4 4
6139.7 3133.3 -20.0 273 0 16.7 14.0 7.5 2.5 2 0 3 5 5
6208.2 2980.6 -29.2 88 0 12.0 10.6 5.0 2.5 2 0 2 0 0
6798.6 3710.7 14.3 173 0 11.9 9.6 5.0 2.5 2 0 2 1 1
6799.0 3576.7 4.6 86 0 10.2 8.4 5.0 2.5 2 0 2 3 3
6913.1 3947.7 18.2 270 0 12.3 11.3 7.5 2.5 2 0 3 1 1
6690.4 3994.7 13.8 5 0 14.0 13.4 10.0 2.5 2 0 4 3 3
6454.9 3758.5 14.6 173 0 11.9 10.4 5.0 2.5 2 0 2 5 5
6298.1 3763.4 -5.1 85 0 11.9 9.6 2.5 2.5 2 0 1 3 3
6272.6 3822.3 -8.5 180 0 10.8 9.4 7.5 2.5 2 0 3 4 4
6059.7 3603.5 -23.0 102 0 11.2 10.8 2.5 2.5 2 0 1 2 2
6072.4 3648.9 -24.2 180 0 8.6 10.1 2.5 0.0 0 1 1 0 0
5821.1 3565.9 -30.8 260 0 8.3 13.1 5.0 2.5 2 1 2 4 4
-316.9 5500.1 -11.9 358 0 9.6 11.7 2.5 2.5 4 1 1 1 1
-347.5 5373.8 -12.6 93 0 10.5 15.1 2.5 2.5 2 1 1 0 0
-263.2 5322.7 -15.6 271 0 11.7 18.2 5.0 2.5 2 1 2 2 2
-280.7 5249.0 -22.0 184 0 5.4 9.4 7.5 2.5 4 1 3 5 5
-278.2 5255.1 -21.2 176 0 4.4 7.1 5.0 2.5 2 1 2 4 4
-212.9 5251.1 -19.2 355 0 8.3 9.2 7.5 2.5 2 1 3 3 3
-48.5 5165.5 -32.5 155 0 6.0 7.0 5.0 2.5 2 1 2 1 1
-20.2 5141.8 -32.5 58 0 9.9 10.1 5.0 2.5 2 1 2 4 4
-18.5 5179.2 -32.5 344 0 8.2 9.3 5.0 2.5 2 1 2 4 4
-36.7 5210.4 -32.3 176 0 5.1 8.0 7.5 0.0 0 1 3 0 0
7.4 5247.4 -32.3 4 0 13.3 7.1 5.0 2.5 2 0 2 1 1
-32.7 5366.2 -12.8 265 0 6.2 10.3 7.5 2.5 2 1 3 1 1
-114.2 5255.7 -19.0 267 0 7.8 6.7 7.5 2.5 2 0 3 1 1
-164.3 5388.5 -1.9 124 0 23.8 13.6 12.5 2.5 2 0 5 0 0
-144.8 5412.1 0.3 307 0 13.3 10.5 5.0 2.5 2 0 2 1 1
-160.6 5423.3 0.7 308 0 13.8 9.9 7.5 2.5 2 0 3 0 0
-220.5 5415.0 -2.6 207 0 7.8 17.0 5.0 2.5 2 1 2 3 3
-71.8 4778.4 -21.2 27 0 8.6 8.3 7.5 2.5 2 0 3 0 0
-64.0 4796.7 -22.2 22 0 9.9 5.2 5.0 2.5 2 0 2 2 2
-76.2 4848.8 -24.2 216 0 6.5 7.4 5.0 2.5 2 1 2 5 5
-95.0 4807.1 -21.8 219 0 8.8 7.2 7.5 2.5 4 0 3 1 1
-164.1 4674.8 -15.2 272 0 12.9 16.4 7.5 2.5 2 1 3 2 2
-38.3 4655.3 -16.6 133 0 11.9 9.0 2.5 0.0 0 0 1 2 2
19.7 4639.2 -17.9 87 0 11.7 15.5 5.0 2.5 4 1 2 3 3
7.5 4706.6 -20.1 203 0 7.7 8.5 2.5 2.5 2 1 1 4 4
41.0 4671.0 -19.4 355 0 14.7 7.7 7.5 2.5 2 0 3 3 3
4560.3 5186.9 -28.9 205 0 14.9 17.4 17.5 0.0 0 1 7 5 5
4592.1 5226.4 -29.8 273 0 7.2 11.9 5.0 2.5 2 1 2 0 0
4521.2 5132.9 -25.2 89 0 13.8 9.8 7.5 2.5 2 0 3 5 5
4441.8 5071.2 -22.3 354 0 5.7 7.1 7.5 2.5 2 1 3 0 0
4614.0 4945.8 -22.5 0 0 9.1 5.8 5.0 2.5 2 0 2 1 1
4560.5 4954.3 -23.0 93 0 18.2 11.9 5.0 2.5 2 0 2 2 2
4437.3 5039.9 -22.5 19 0 19.5 26.7 7.5 2.5 2 1 3 3 3
4438.2 4992.0 -22.7 358 0 8.4 11.5 2.5 2.5 2 1 1 4 4
4403.4 4969.3 -22.8 180 0 7.0 7.9 5.0 2.5 2 1 2 3 3
4376.1 5037.5 -20.4 86 0 20.6 11.6 5.0 2.5 2 0 2 1 1
4340.8 4854.9 -21.3 204 0 19.8 15.4 12.5 2.5 2 0 5 3 3
4388.0 4903.1 -22.9 270 0 4.9 10.3 5.0 0.0 0 1 2 4 4
4404.0 4862.0 -23.4 355 0 5.9 8.4 7.5 2.5 2 1 3 4 4
4346.1 4945.2 -19.8 264 0 12.8 10.2 2.5 2.5 4 0 1 2 2
4391.7 4670.3 -24.4 89 0 13.9 12.4 7.5 2.5 2 0 3 2 2
4202.1 4747.4 -13.0 90 0 9.3 12.5 5.0 2.5 4 1 2 1 1
4220.7 4792.5 -14.3 243 0 11.9 15.9 10.0 0.0 0 1 4 2 2
4337.4 4823.6 -20.5 27 0 6.4 6.6 2.5 2.5 2 1 1 5 5
4317.1 4803.4 -19.7 82 0 7.6 11.6 7.5 2.5 2 1 3 5 5
4253.9 4893.7 -14.4 96 0 14.5 12.9 5.0 2.5 4 0 2 0 0
4266.7 4927.1 -14.4 358 0 14.9 13.1 2.5 2.5 2 0 1 2 2
4320.0 4884.6 -18.6 91 0 7.4 9.6 5.0 2.5 2 1 2 0 0
4113.0 4753.1 -10.3 263 0 24.7 24.0 10.0 2.5 2 0 4 3 3
4097.3 4828.3 -5.7 358 0 16.1 20.2 12.5 2.5 2 1 5 0 0
4102.4 4650.2 -14.4 4 0 23.3 16.2 10.0 2.5 2 0 4 1 1
4078.5 4705.1 -11.3 360 0 13.5 13.4 5.0 2.5 2 0 2 4 4
3970.4 4643.1 -12.9 350 0 8.5 14.7 2.5 2.5 2 1 1 1 1
3970.8 4732.1 -8.8 359 0 12.9 16.6 2.5 2.5 2 1 1 1 1
3910.0 4762.5 -6.5 356 0 6.3 6.0 7.5 2.5 2 0 3 5 5
3981.9 4821.9 -4.4 92 0 11.9 8.5 5.0 2.5 2 0 2 1 1
3880.6 4725.0 -7.8 80 0 6.3 9.8 5.0 2.5 2 1 2 5 5
3804.9 4672.3 -9.7 180 0 10.4 18.3 5.0 2.5 2 1 2 1 1
3776.1 4670.3 -9.1 177 0 20.6 13.7 7.5 2.5 2 0 3 2 2
3765.7 4643.2 -9.4 180 0 9.6 12.0 5.0 2.5 2 1 2 5 5
3814.8 4609.4 -10.8 89 0 16.8 16.8 7.5 2.5 2 1 3 3 3
3790.1 4699.4 -8.6 180 0 17.3 16.6 10.0 2.5 2 0 4 4 4
3776.9 4760.5 -5.4 184 0 10.6 13.7 7.5 2.5 2 1 3 0 0
3841.5 4791.1 -4.6 183 0 10.1 12.5 5.0 2.5 2 1 2 5 5
3772.9 4844.1 -1.5 187 0 9.0 9.5 7.5 2.5 2 1 3 0 0
3784.8 4835.7 -2.3 194 0 16.4 17.2 12.5 2.5 2 1 5 3 3
3857.7 4853.2 -1.9 186 0 8.6 11.2 5.0 2.5 2 1 2 1 1
3846.0 4822.7 -3.3 180 0 13.3 18.0 2.5 0.0 0 1 1 5 5
3919.1 4900.5 -0.6 266 0 10.7 12.1 2.5 2.5 2 1 1 1 1
3928.4 4863.5 -2.2 253 0 5.5 9.0 7.5 0.0 0 1 3 4 4
3971.0 4936.6 0.9 182 0 5.5 8.5 5.0 2.5 2 1 2 0 0
4045.8 4912.5 -0.9 182 0 7.3 7.8 7.5 0.0 0 1 3 1 1
4185.9 4987.2 -8.1 7 0 8.6 10.2 5.0 2.5 4 1 2 2 2
4109.7 5054.5 -3.6 181 0 13.6 11.4 2.5 2.5 2 0 1 4 4
4149.7 5120.0 -4.8 357 0 15.8 13.8 10.0 2.5 2 0 4 2 2
4091.4 5150.5 -1.4 268 0 13.1 18.6 7.5 2.5 2 1 3 5 5
4128.9 5203.3 -1.3 180 0 9.5 15.0 7.5 2.5 2 1 3 5 5
4165.2 5197.8 -2.7 0 0 6.2 9.8 2.5 2.5 2 1 1 5 5
4258.8 5124.4 -12.2 176 0 13.6 10.8 7.5 2.5 2 0 3 2 2
4391.2 5144.1 -18.5 264 0 13.9 8.4 5.0 2.5 2 0 2 3 3
4339.7 5220.1 -12.0 291 0 18.0 16.8 10.0 2.5 2 0 4 3 3
4495.9 5155.4 -25.8 180 0 10.6 17.3 7.5 2.5 2 0 3 2 2
4310.2 5336.4 -3.4 180 0 8.1 12.7 5.0 2.5 2 1 2 3 3
4341.2 5334.4 -3.1 83 0 18.5 12.1 7.5 2.5 2 0 3 2 2
4460.0 5434.0 0.5 279 0 12.9 21.0 10.0 2.5 4 1 4 1 1
4386.5 5388.1 1.3 175 0 18.3 13.8 10.0 2.5 2 0 4 3 3
4407.1 5409.2 2.9 270 0 15.1 13.0 7.5 2.5 2 0 3 2 2
4385.3 5435.2 5.4 4 0 14.2 14.7 7.5 2.5 2 1 3 5 5
4445.2 5400.5 0.9 8 0 15.5 15.1 5.0 2.5 2 0 2 4 4
4053.8 5232.1 5.2 85 0 7.1 10.7 2.5 2.5 2 1 1 4 4
4057.4 5274.5 7.1 359 0 8.9 10.6 2.5 2.5 2 1 1 3 3
4337.6 5458.1 7.3 80 0 14.1 18.1 5.0 2.5 2 1 2 4 4
4296.7 5427.7 4.4 89 0 19.5 16.1 7.5 2.5 2 0 3 0 0
4253.1 5448.3 5.8 90 0 6.8 4.5 5.0 2.5 2 0 2 0 0
4169.8 5439.2 5.1 96 0 15.1 11.5 5.0 2.5 2 0 2 4 4
4279.9 5518.7 8.0 176 0 6.3 6.6 5.0 2.5 2 1 2 5 5
4154.4 5503.6 1.0 264 0 13.1 11.0 5.0 2.5 2 0 2 2 2
4059.3 5420.8 3.4 269 0 17.3 15.9 10.0 2.5 2 0 4 4 4
4064.6 5372.1 6.1 358 0 17.7 12.0 5.0 2.5 2 0 2 5 5
4033.1 5342.0 7.1 96 0 9.8 13.5 5.0 2.5 2 1 2 4 4
3888.4 5245.1 9.1 181 0 19.4 17.6 12.5 2.5 2 0 5 4 4
3889.3 5269.7 7.6 180 0 11.5 11.5 7.5 2.5 2 1 3 2 2
3864.3 5396.5 -2.7 85 0 11.5 12.4 5.0 2.5 2 1 2 2 2
3830.2 5386.0 -1.3 86 0 3.7 9.2 5.0 2.5 2 1 2 5 5
4761.1 5406.3 -30.9 56 0 26.4 17.1 7.5 0.0 0 0 3 0 0
4857.8 5206.7 -26.2 263 0 14.9 15.0 5.0 0.0 0 1 2 3 3
3438.1 6652.5 20.5 282 0 6.8 11.4 2.5 2.5 4 1 1 0 0
3503.9 6525.9 15.7 180 0 9.4 12.0 2.5 2.5 2 1 1 2 2
3608.0 6466.9 8.8 89 0 18.2 13.2 5.0 2.5 2 0 2 2 2
3467.9 6783.1 26.7 264 0 10.1 13.8 7.5 2.5 2 1 3 5 5
3518.7 6824.6 29.7 272 0 16.0 10.5 7.5 2.5 2 0 3 2 2
3531.6 6779.0 28.5 1 0 10.0 14.5 5.0 2.5 2 1 2 2 2
4098.0 6768.6 -10.8 89 0 10.9 11.3 5.0 2.5 2 1 2 2 2
4104.3 6803.3 -9.6 271 0 13.7 8.3 2.5 2.5 2 0 1 5 5
4120.9 6818.2 -7.8 264 0 11.5 11.1 5.0 2.5 2 0 2 5 5
3841.3 6807.8 -6.5 268 0 13.6 16.3 5.0 2.5 2 1 2 5 5
3865.2 6812.6 -10.0 263 0 15.3 19.3 12.5 2.5 2 1 5 2 2
3932.1 6823.2 -16.6 97 0 20.1 14.2 10.0 2.5 2 0 4 1 1
3907.8 6641.7 -13.6 175 0 13.6 12.6 7.5 2.5 2 0 3 1 1
3945.1 6629.5 -17.1 267 0 12.6 16.3 5.0 2.5 2 1 2 4 4
3919.7 6554.5 -13.3 92 0 9.8 13.2 5.0 2.5 2 1 2 1 1
3970.9 6596.6 -19.4 359 0 16.0 17.1 12.5 2.5 2 1 5 0 0
4092.7 6572.3 -18.6 359 0 17.7 18.6 12.5 0.0 0 1 5 4 4
4123.0 6698.6 -11.1 96 0 14.6 13.0 2.5 2.5 2 0 1 3 3
4176.2 6612.9 -9.4 93 0 12.6 14.3 5.0 2.5 4 1 2 5 5
4148.3 6754.6 -8.0 275 0 15.4 17.6 10.0 2.5 2 1 4 2 2
4554.3 6646.2 -16.8 0 0 16.0 13.5 7.5 2.5 2 0 3 5 5
