2467.3 3394.7 -272.6 107 0 34.7 16.8 14.0 3.5 2 0 4 4 4
2493.5 3352.7 -269.6 14 0 13.9 34.4 10.5 3.5 2 1 3 0 0
2665.2 3641.9 -266.5 36 0 53.7 9.8 10.5 3.5 2 0 3 5 5
2480.1 3305.8 -270.8 23 0 11.4 36.1 10.5 3.5 2 1 3 5 5
2747.7 3162.0 -269.8 114 0 10.8 14.1 10.5 3.5 2 1 3 3 3
2818.6 3157.3 -269.3 87 0 9.9 17.2 10.5 0.0 0 1 3 1 1
2962.1 2592.6 -249.9 4 0 13.1 15.0 5.0 2.5 2 1 2 1 1
3003.9 2372.6 -248.6 93 0 11.1 14.3 5.0 0.0 0 1 2 2 2
2838.7 1973.0 -238.6 6 0 6.4 5.1 7.5 2.5 2 0 3 2 2
3052.8 3773.2 -273.1 90 0 14.6 18.7 10.5 3.5 2 1 3 1 1
2867.3 3718.2 -268.4 34 0 14.8 32.3 10.5 3.5 4 1 3 5 5
4502.5 2049.5 -197.8 103 0 8.7 5.7 5.0 2.5 2 0 2 0 0
2629.0 3522.9 -272.3 188 0 6.3 7.2 10.5 3.5 4 1 3 0 0
2634.4 3564.7 -271.6 220 0 13.0 27.8 10.5 3.5 2 1 3 3 3
2487.0 3260.2 -274.2 207 0 16.6 11.2 14.0 3.5 2 0 4 5 5
2482.1 3281.5 -272.8 208 0 19.6 9.6 10.5 3.5 2 0 3 2 2
2472.6 3230.3 -275.0 204 0 5.9 7.7 10.5 3.5 2 1 3 1 1
2473.2 3290.3 -271.4 24 0 12.0 9.3 10.5 3.5 4 0 3 5 5
2708.0 3180.5 -269.3 134 0 7.5 21.9 10.5 3.5 2 1 3 3 3
4742.4 -1806.0 -261.0 16 0 43.4 30.0 2.5 0.0 0 0 1 4 4
4804.4 -1451.3 -270.6 86 0 16.8 17.7 12.5 2.5 4 1 5 5 5
6008.0 -12.4 -267.4 88 0 19.1 24.5 10.0 2.5 2 1 4 4 4
-909.6 -6267.4 -257.2 268 0 32.3 15.3 10.0 2.5 2 0 4 0 0
-839.1 -6271.2 -262.4 0 0 10.8 25.6 12.5 2.5 2 1 5 3 3
-4300.5 6.7 -268.6 13 0 13.2 7.6 7.5 0.0 0 0 3 3 3
-4302.9 -14.3 -270.5 3 0 19.9 13.3 12.5 2.5 2 0 5 1 1
-4495.0 19.4 -270.7 354 0 26.8 8.6 7.5 2.5 2 0 3 5 5
-4503.6 18.6 -270.9 354 0 26.8 9.0 7.5 2.5 2 0 3 3 3
-1424.2 412.7 -226.8 26 0 9.2 27.7 10.5 3.5 2 1 3 1 1
-1491.4 388.2 -219.9 201 0 8.3 14.6 10.5 0.0 0 1 3 2 2
-1446.7 368.0 -220.7 26 0 12.0 26.3 10.5 0.0 0 1 3 5 5
-1461.2 346.8 -219.0 31 0 29.7 17.9 10.5 0.0 0 0 3 3 3
-1621.1 630.0 -232.3 3 0 19.0 13.0 10.5 0.0 0 0 3 5 5
-1648.8 642.9 -233.8 276 0 25.9 11.3 10.5 3.5 2 0 3 5 5
-1656.1 615.6 -234.1 97 0 16.9 12.6 10.5 3.5 2 0 3 0 0
-1666.0 602.1 -234.5 185 0 21.4 13.0 10.5 3.5 2 0 3 5 5
-1668.5 570.0 -235.5 189 0 21.6 12.6 10.5 0.0 0 0 3 0 0
-1533.7 482.0 -230.4 103 0 28.6 8.6 10.5 3.5 2 0 3 3 3
-1546.4 526.5 -230.5 283 0 9.7 7.6 10.5 3.5 2 0 3 5 5
-1556.4 484.9 -230.6 103 0 9.5 32.8 10.5 0.0 0 1 3 2 2
495.9 -5478.0 -284.5 236 0 17.1 30.6 14.0 3.5 2 1 4 4 4
2388.4 3043.3 -277.2 203 0 34.1 40.2 10.5 0.0 0 1 3 0 0
4128.9 1912.9 -204.8 215 0 13.8 32.3 10.0 2.5 2 1 4 2 2
-854.1 -6224.9 -255.9 266 0 22.1 13.3 12.5 2.5 4 0 5 3 3
1665.0 2353.1 -265.2 350 0 13.6 16.0 7.5 2.5 2 1 3 2 2
2984.8 6650.7 -240.8 46 0 18.2 15.5 10.0 2.5 2 0 4 5 5
1984.3 5635.0 -228.5 184 0 5.8 7.0 5.0 2.5 4 1 2 4 4
1995.6 5655.7 -228.0 271 0 13.6 8.0 5.0 0.0 0 0 2 4 4
1988.7 5641.6 -228.0 182 0 7.0 13.7 5.0 0.0 0 1 2 4 4
2267.0 5555.6 -253.4 126 0 6.9 13.7 5.0 2.5 4 1 2 1 1
2145.1 5482.8 -251.9 88 0 18.6 10.8 7.5 0.0 0 0 3 5 5
1798.0 5513.3 -223.8 140 0 4.6 11.6 5.0 2.5 2 1 2 0 0
1790.7 5568.7 -227.5 239 0 12.8 11.6 2.5 2.5 2 0 1 4 4
2569.1 4955.8 -224.3 1 0 8.0 10.8 5.0 2.5 2 1 2 2 2
2317.9 4654.4 -237.5 84 0 14.8 13.5 7.5 2.5 4 0 3 5 5
5878.2 5560.7 228.3 275 0 7.3 12.2 7.5 2.5 2 1 3 0 0
6104.6 5536.8 165.3 90 0 5.7 5.4 2.5 0.0 0 0 1 4 4
6034.1 5687.3 192.2 92 0 5.2 9.5 5.0 0.0 0 1 2 5 5
6138.3 5734.2 171.4 12 0 14.7 6.7 5.0 0.0 0 0 2 2 2
6028.6 5351.6 183.7 178 0 13.9 20.2 10.0 2.5 2 1 4 0 0
6042.7 5540.5 171.1 271 0 6.9 13.6 2.5 2.5 2 1 1 0 0
6029.1 5405.1 173.9 46 0 7.6 7.5 5.0 2.5 4 0 2 3 3
5992.4 5320.3 179.1 20 0 11.3 8.5 5.0 2.5 2 0 2 2 2
6003.8 5516.7 179.6 91 0 9.6 8.6 2.5 2.5 4 0 1 3 3
5975.9 5528.7 187.9 136 0 4.1 10.4 5.0 2.5 2 1 2 4 4
5717.0 5347.9 239.9 13 0 27.0 15.8 7.5 0.0 0 0 3 0 0
5852.4 5571.5 246.5 31 0 9.2 8.1 7.5 2.5 2 0 3 2 2
2489.7 3522.3 -277.5 88 0 8.6 8.8 10.5 3.5 2 0 3 2 2
2498.5 3506.5 -279.4 279 0 18.1 11.7 14.0 3.5 2 0 4 1 1
2108.7 3953.5 -264.3 4 0 18.0 11.9 5.0 2.5 2 0 2 5 5
2112.4 3734.4 -270.7 274 0 10.2 13.6 5.0 2.5 2 1 2 4 4
2562.6 6090.0 -246.9 265 0 5.9 14.1 7.5 2.5 2 0 3 5 5
2617.6 4604.6 -241.5 115 0 8.3 13.0 7.5 2.5 2 1 3 0 0
3006.7 4191.6 -264.2 281 0 15.9 17.1 14.0 0.0 0 1 4 4 4
2942.2 2551.2 -253.0 140 0 16.5 8.3 7.5 2.5 4 0 3 5 5
2815.0 2606.6 -254.2 67 0 17.8 13.4 5.0 2.5 2 0 2 1 1
2613.4 2819.5 -270.5 233 0 13.2 18.8 14.0 3.5 2 1 4 1 1
2636.5 2708.2 -255.8 164 0 11.9 16.5 7.5 2.5 2 1 3 2 2
2833.8 2453.8 -229.6 160 0 8.7 15.3 2.5 2.5 2 1 1 1 1
2958.5 2463.3 -245.0 92 0 11.7 8.2 5.0 0.0 0 0 2 4 4
3023.7 2506.2 -251.1 115 0 16.9 24.4 12.5 2.5 2 1 5 0 0
2199.9 2943.0 -262.6 256 0 9.8 8.9 10.5 3.5 2 0 3 5 5
2502.1 3333.8 -270.8 192 0 23.8 10.4 14.0 3.5 2 0 4 3 3
2422.0 3199.9 -263.2 359 0 12.9 16.9 10.5 3.5 2 1 3 5 5
5498.0 5279.6 282.0 89 0 9.9 9.1 5.0 2.5 2 0 2 4 4
5523.7 5268.1 283.6 269 0 8.7 9.0 5.0 0.0 0 1 2 5 5
2598.2 3555.3 -271.2 43 0 18.4 14.7 14.0 3.5 4 0 4 1 1
2623.8 3565.4 -268.9 42 0 6.5 7.4 10.5 0.0 0 1 3 5 5
2615.1 3557.4 -270.9 46 0 6.7 7.7 10.5 3.5 2 1 3 1 1
2924.8 3728.8 -270.8 181 0 17.6 33.4 10.5 3.5 2 1 3 2 2
3840.9 2384.6 -251.3 275 0 13.3 18.2 5.0 0.0 0 1 2 2 2
3812.7 2417.1 -254.9 306 0 10.2 13.3 7.5 2.5 2 1 3 2 2
2393.5 3598.1 -272.5 313 0 8.8 8.1 10.5 3.5 4 0 3 4 4
2463.0 3214.2 -275.5 204 0 12.9 14.5 14.0 3.5 2 1 4 5 5
2739.0 2862.3 -273.2 343 0 17.7 11.5 14.0 3.5 2 0 4 3 3
2215.5 2353.8 -270.6 181 0 10.7 8.9 5.0 2.5 2 0 2 2 2
573.4 -5639.8 -286.5 89 0 13.0 28.1 14.0 3.5 2 1 4 0 0
612.7 -5397.8 -289.0 151 0 19.7 21.3 14.0 3.5 4 1 4 0 0
611.4 -5434.1 -287.7 309 0 18.0 24.5 10.5 3.5 2 1 3 2 2
542.1 -5341.4 -279.1 22 0 32.5 26.3 14.0 0.0 0 0 4 2 2
2108.8 2706.1 -269.6 195 0 12.0 12.3 5.0 2.5 2 1 2 3 3
2328.5 2943.0 -273.4 225 0 12.4 13.2 10.5 3.5 2 1 3 3 3
3122.7 3550.1 -274.5 18 0 19.3 13.4 10.5 3.5 2 0 3 4 4
2487.1 3306.6 -273.6 218 0 10.5 44.9 14.0 3.5 2 1 4 4 4
1598.6 4068.9 -256.7 136 0 6.8 11.0 5.0 2.5 2 1 2 0 0
1534.5 4039.7 -256.3 222 0 6.4 9.4 5.0 2.5 2 1 2 3 3
3080.8 3619.7 -272.0 90 0 16.6 17.0 10.5 3.5 2 1 3 5 5
3059.5 4064.2 -269.2 98 0 10.3 7.3 10.5 3.5 2 0 3 4 4
2792.0 3703.6 -266.8 148 0 22.6 38.4 10.5 0.0 0 1 3 5 5
2944.6 3788.8 -269.7 265 0 7.1 7.2 10.5 3.5 2 1 3 4 4
3062.4 3620.5 -270.0 87 0 5.7 10.5 10.5 3.5 2 1 3 2 2
2834.9 3676.2 -266.3 275 0 7.0 7.3 10.5 3.5 2 1 3 3 3
2961.4 4048.3 -265.5 275 0 12.3 14.1 14.0 0.0 0 1 4 4 4
2897.4 4713.0 -252.7 101 0 6.4 6.1 2.5 2.5 4 0 1 2 2
1767.0 2965.4 -255.4 231 0 7.2 14.3 7.5 2.5 2 1 3 5 5
1802.9 3166.1 -266.6 115 0 11.6 17.9 14.0 3.5 2 1 4 5 5
1824.0 3252.5 -263.9 210 0 21.6 25.4 14.0 3.5 2 1 4 0 0
2149.7 2824.8 -275.0 214 0 19.8 28.3 10.0 0.0 0 1 4 1 1
2239.9 2928.5 -266.3 56 0 8.2 12.8 10.5 3.5 2 1 3 3 3
2737.4 4987.7 -235.0 194 0 6.1 7.8 5.0 2.5 2 1 2 0 0
3000.4 4311.6 -262.7 315 0 13.2 23.9 12.5 2.5 4 1 5 0 0
2436.3 3654.7 -254.9 1 0 16.7 11.4 14.0 3.5 4 0 4 3 3
2695.6 3620.7 -270.3 259 0 11.7 8.4 10.5 0.0 0 0 3 1 1
2624.7 3415.5 -276.8 13 0 11.4 11.9 14.0 3.5 2 1 4 2 2
1735.8 2535.2 -251.0 88 0 16.9 21.0 10.0 2.5 2 1 4 0 0
1838.1 2542.8 -253.2 88 0 15.1 21.3 10.0 2.5 2 1 4 0 0
1929.6 2277.1 -278.5 64 0 10.9 10.9 7.5 2.5 2 1 3 1 1
3706.5 3470.8 -273.7 317 0 9.5 7.8 5.0 2.5 2 0 2 2 2
3961.4 3410.9 -266.4 82 0 15.1 12.8 7.5 0.0 0 0 3 0 0
3942.7 3455.3 -264.1 260 0 13.7 22.3 12.5 2.5 2 1 5 5 5
4016.2 3459.0 -267.7 267 0 16.4 19.9 12.5 2.5 4 1 5 1 1
4154.0 3403.1 -268.6 263 0 13.0 14.2 2.5 2.5 2 1 1 3 3
2669.8 3597.0 -271.1 217 0 10.6 15.9 10.5 3.5 2 1 3 1 1
1893.1 2424.1 -264.9 63 0 16.9 10.9 5.0 2.5 4 0 2 1 1
2150.6 2645.4 -272.3 355 0 7.6 7.0 5.0 2.5 2 0 2 4 4
4653.5 4704.2 77.6 162 0 6.7 7.6 7.5 2.5 2 1 3 5 5
4678.4 4694.6 82.4 0 0 7.0 6.1 7.5 2.5 2 0 3 0 0
4662.1 4654.1 76.7 165 0 7.1 6.6 7.5 2.5 4 0 3 2 2
4688.7 4617.8 80.3 346 0 8.3 7.2 7.5 2.5 2 0 3 3 3
3174.8 4241.7 -270.1 0 0 17.0 5.8 2.5 2.5 2 0 1 5 5
3397.4 4574.9 -244.2 181 0 19.3 12.9 2.5 2.5 2 0 1 4 4
3390.7 4415.6 -250.6 271 0 9.7 11.7 2.5 2.5 4 1 1 1 1
3286.4 4351.6 -259.4 271 0 6.3 8.0 2.5 2.5 4 1 1 3 3
3321.9 4499.4 -252.2 270 0 6.4 9.7 5.0 2.5 2 1 2 2 2
3164.6 4519.5 -267.3 357 0 7.8 4.9 2.5 2.5 2 0 1 3 3
3148.1 4521.4 -268.4 183 0 12.9 7.7 2.5 2.5 2 0 1 3 3
3123.8 4457.9 -270.1 181 0 12.9 6.7 7.5 2.5 2 0 3 5 5
3113.0 4423.8 -270.0 184 0 12.6 5.8 2.5 2.5 2 0 1 5 5
3093.3 4391.6 -269.6 182 0 8.5 6.3 5.0 2.5 2 0 2 0 0
4243.4 3385.9 -269.3 156 0 15.2 11.7 2.5 2.5 2 0 1 2 2
4278.0 3264.8 -265.7 269 0 7.8 11.6 2.5 2.5 2 1 1 1 1
4483.9 3191.3 -251.7 168 0 15.3 16.7 10.0 2.5 2 1 4 0 0
4533.4 3296.2 -261.8 127 0 8.9 8.2 5.0 2.5 2 0 2 0 0
4590.8 3221.5 -252.2 316 0 25.6 14.2 12.5 2.5 2 0 5 1 1
3703.5 5082.2 -156.4 270 0 4.9 12.0 5.0 0.0 0 1 2 4 4
3793.4 5161.2 -141.7 358 0 13.5 6.3 2.5 2.5 2 0 1 5 5
3905.1 5210.6 -123.2 90 0 7.6 12.3 5.0 2.5 2 1 2 2 2
3883.4 5104.6 -112.6 87 0 7.8 11.1 7.5 2.5 2 1 3 3 3
3738.5 4858.3 -168.0 185 0 9.7 9.1 5.0 0.0 0 0 2 4 4
5049.8 4088.6 -150.7 82 0 8.8 8.8 7.5 2.5 2 1 3 2 2
5130.0 3823.5 -227.0 63 0 14.1 11.2 7.5 2.5 4 0 3 5 5
3045.3 4940.7 -249.2 2 0 6.3 7.0 7.5 0.0 0 1 3 5 5
3016.6 4951.3 -248.5 270 0 4.7 7.0 2.5 2.5 2 1 1 2 2
3096.5 4754.1 -262.7 269 0 4.4 7.5 5.0 2.5 2 1 2 3 3
3091.1 4775.0 -261.7 273 0 4.2 9.2 7.5 2.5 2 1 3 4 4
3080.5 4797.7 -260.5 273 0 4.1 8.2 5.0 2.5 2 1 2 5 5
4389.2 3262.2 -266.3 268 0 14.1 9.7 7.5 2.5 2 0 3 5 5
4475.5 3251.6 -262.1 178 0 16.2 16.6 12.5 2.5 2 1 5 4 4
4151.7 2947.6 -248.7 139 0 18.5 13.9 12.5 2.5 2 0 5 4 4
4300.5 2836.9 -230.0 328 0 12.6 15.2 5.0 0.0 0 1 2 3 3
4286.8 2802.0 -229.3 49 0 13.8 16.4 7.5 2.5 2 1 3 3 3
4188.7 2989.2 -249.1 236 0 21.7 13.5 12.5 0.0 0 0 5 2 2
4396.0 3060.9 -239.0 271 0 10.5 12.3 7.5 2.5 2 1 3 4 4
4493.0 2933.7 -228.1 61 0 14.6 15.8 5.0 2.5 2 1 2 1 1
3111.0 2479.3 -256.7 267 0 12.4 16.6 7.5 2.5 4 1 3 2 2
3390.3 4442.5 -248.8 87 0 7.4 8.4 2.5 2.5 4 1 1 1 1
3384.0 4669.3 -246.0 356 0 7.0 7.1 5.0 2.5 2 1 2 2 2
3480.4 4699.2 -236.6 96 0 7.1 8.4 7.5 2.5 2 1 3 1 1
3450.7 4639.5 -239.8 276 0 10.4 11.4 5.0 2.5 2 1 2 3 3
3399.6 4704.9 -244.0 96 0 6.5 19.8 5.0 2.5 2 1 2 2 2
3394.9 4652.2 -244.8 276 0 7.0 14.8 7.5 0.0 0 1 3 2 2
3213.3 4596.9 -261.8 96 0 5.6 17.0 2.5 2.5 2 1 1 0 0
3190.4 4646.9 -263.8 96 0 5.7 13.2 2.5 2.5 2 1 1 1 1
3555.0 4794.3 -220.5 174 0 6.5 5.1 2.5 2.5 2 0 1 2 2
3570.2 4741.6 -217.1 84 0 8.8 8.4 5.0 2.5 2 0 2 2 2
3589.8 4761.9 -213.3 84 0 8.3 9.4 7.5 2.5 2 1 3 3 3
3673.7 4744.9 -180.7 264 0 5.7 10.6 2.5 2.5 4 1 1 1 1
3761.1 4697.2 -153.8 233 0 5.7 6.7 7.5 2.5 2 1 3 4 4
3819.8 4742.5 -135.0 351 0 10.7 7.6 7.5 2.5 2 0 3 1 1
3801.8 4817.0 -147.5 272 0 6.8 14.6 5.0 0.0 0 1 2 5 5
203.8 2173.0 -256.7 138 0 6.8 4.9 7.5 2.5 2 0 3 4 4
2901.5 1426.3 -209.1 180 0 9.5 7.0 7.5 2.5 2 0 3 2 2
2959.2 1465.9 -210.0 360 0 17.6 12.3 7.5 2.5 2 0 3 1 1
2946.5 1414.1 -200.7 345 0 5.9 8.2 7.5 2.5 2 1 3 1 1
2915.2 1364.8 -197.5 84 0 13.8 8.9 7.5 2.5 2 0 3 5 5
2893.2 1140.7 -164.2 88 0 8.4 13.2 7.5 2.5 2 1 3 5 5
2829.9 986.2 -160.3 91 0 7.3 13.1 7.5 2.5 2 1 3 5 5
2903.8 783.7 -106.4 271 0 8.0 12.2 7.5 2.5 2 1 3 1 1
2956.2 743.4 -90.5 91 0 12.9 12.3 7.5 2.5 2 0 3 1 1
3056.8 795.9 -55.6 350 0 9.5 8.0 5.0 2.5 2 0 2 1 1
2958.5 845.3 -97.0 80 0 12.3 14.1 7.5 2.5 2 1 3 0 0
3005.8 857.7 -78.7 254 0 10.4 16.0 7.5 2.5 2 1 3 0 0
3211.4 1135.5 -67.0 200 0 18.5 11.6 7.5 2.5 2 0 3 2 2
3185.3 1208.9 -91.3 290 0 13.5 17.3 7.5 2.5 2 1 3 4 4
3374.7 1160.3 -61.4 172 0 6.2 5.2 7.5 2.5 2 0 3 1 1
252.7 2334.4 -261.0 194 0 13.4 19.7 12.5 2.5 2 1 5 3 3
4358.9 2088.6 -217.1 80 0 11.8 28.8 10.0 2.5 2 1 4 2 2
6061.1 2896.2 243.5 87 0 10.5 21.3 10.0 2.5 2 1 4 2 2
6009.3 3173.1 181.1 265 0 11.6 22.3 15.0 0.0 0 1 6 1 1
5769.1 2910.2 104.5 147 0 9.4 7.7 7.5 2.5 2 0 3 1 1
6133.2 2743.0 246.1 89 0 9.3 20.4 7.5 2.5 2 1 3 4 4
5977.7 2648.6 177.5 183 0 12.9 16.2 5.0 2.5 2 1 2 5 5
5725.9 2735.9 98.7 72 0 11.0 14.4 7.5 2.5 2 1 3 0 0
3139.7 3102.9 -273.3 156 0 7.2 10.7 10.5 3.5 4 1 3 5 5
3138.8 3143.3 -273.2 269 1 11.5 14.0 14.0 3.5 4 1 4 2 2
3199.7 3116.2 -277.6 264 1 13.2 14.8 14.0 3.5 2 1 4 2 2
3239.5 3078.3 -277.7 92 0 6.4 8.1 10.5 3.5 2 1 3 1 1
3260.4 3091.1 -275.8 272 1 10.3 17.4 14.0 3.5 2 1 4 2 2
3303.9 3132.6 -267.4 92 0 4.6 7.7 7.5 2.5 2 1 3 3 3
3317.4 3083.0 -270.2 358 1 10.2 10.5 14.0 3.5 2 1 4 4 4
3323.5 3025.9 -266.1 178 0 8.5 8.7 5.0 2.5 2 1 2 1 1
3307.0 3041.7 -269.6 358 0 8.2 9.9 10.5 3.5 2 1 3 4 4
527.9 2171.1 -266.9 91 0 14.9 19.3 10.0 2.5 2 1 4 2 2
553.3 2279.4 -270.2 138 0 8.9 9.9 5.0 0.0 0 1 2 0 0
564.9 2386.0 -262.3 40 0 15.4 12.6 5.0 2.5 2 0 2 0 0
506.1 2510.1 -262.7 42 0 12.6 6.2 7.5 2.5 2 0 3 3 3
295.5 2474.1 -266.5 105 0 8.3 7.6 5.0 2.5 2 0 2 3 3
861.6 1767.4 -244.5 140 0 5.6 8.3 5.0 2.5 2 1 2 1 1
-354.9 1423.2 -247.1 50 0 12.0 8.2 7.5 2.5 2 0 3 3 3
5329.2 3318.1 -120.6 60 0 6.5 5.9 7.5 2.5 2 0 3 2 2
4976.5 3158.6 -162.2 100 0 15.0 14.5 7.5 0.0 0 0 3 1 1
3241.4 2784.2 -259.8 24 0 7.2 10.2 5.0 2.5 2 1 2 0 0
201.6 1589.6 -261.4 83 0 16.7 12.4 10.0 2.5 2 0 4 5 5
270.2 1458.8 -263.8 67 0 6.0 7.8 7.5 2.5 2 1 3 4 4
553.0 1150.3 -260.5 168 0 7.7 12.4 7.5 2.5 2 1 3 4 4
4609.8 2107.9 -195.0 358 0 12.4 11.9 7.5 2.5 4 0 3 2 2
4709.9 2142.4 -183.3 161 0 12.9 12.2 7.5 2.5 4 0 3 5 5
4701.4 2268.4 -183.4 342 0 25.1 21.5 10.0 2.5 2 0 4 5 5
417.8 1662.1 -245.7 268 0 8.5 10.8 2.5 2.5 2 1 1 2 2
414.8 1452.5 -255.5 90 0 22.7 14.8 10.0 2.5 2 0 4 3 3
287.1 1675.1 -248.0 51 0 11.7 13.8 5.0 2.5 2 1 2 2 2
278.7 1664.8 -250.2 321 0 12.8 12.7 5.0 2.5 4 0 2 4 4
328.8 1666.3 -245.0 51 1 12.2 11.5 10.0 2.5 4 0 4 5 5
351.9 1826.6 -252.0 321 0 27.6 26.1 12.5 0.0 0 0 5 1 1
245.0 1974.0 -261.2 52 0 17.5 11.8 7.5 2.5 2 0 3 4 4
590.9 1637.0 -250.1 0 0 11.4 8.0 5.0 2.5 2 0 2 5 5
500.1 1610.7 -255.0 48 0 12.3 10.6 7.5 2.5 2 0 3 3 3
3880.5 3432.1 -252.3 190 0 13.9 17.4 5.0 2.5 2 1 2 2 2
3645.4 2218.1 -256.4 256 0 16.3 16.9 10.0 2.5 2 1 4 5 5
3676.6 2217.9 -255.1 268 0 11.8 19.3 5.0 2.5 4 1 2 0 0
3630.8 2261.9 -263.1 60 0 14.8 15.0 7.5 0.0 0 1 3 5 5
4979.7 3298.7 -168.1 357 0 23.7 25.4 12.5 0.0 0 1 5 3 3
4802.5 3209.8 -201.8 270 0 11.1 8.2 5.0 2.5 2 0 2 0 0
4797.0 3197.5 -201.3 180 0 8.2 11.1 7.5 2.5 2 0 3 1 1
3335.0 5250.9 -240.8 62 0 7.7 7.7 7.5 2.5 2 1 3 5 5
3252.6 5238.5 -243.2 219 0 25.8 20.9 12.5 2.5 2 0 5 4 4
3251.2 5110.8 -232.8 59 0 19.7 17.3 12.5 2.5 2 0 5 0 0
2743.2 3444.1 -265.7 55 0 22.9 16.4 10.5 3.5 2 0 3 2 2
3408.1 5174.4 -231.9 186 0 14.8 18.4 10.0 2.5 2 1 4 0 0
4634.8 2675.5 -163.5 34 0 9.3 6.9 7.5 2.5 2 0 3 3 3
1730.6 3028.0 -267.3 5 0 18.0 15.8 15.0 0.0 0 0 6 4 4
2476.5 2942.4 -274.3 110 0 12.5 11.8 5.0 2.5 4 0 2 1 1
2370.1 2988.5 -273.5 210 0 24.6 20.9 10.5 3.5 2 0 3 3 3
2550.9 3088.1 -270.5 309 0 15.1 12.7 7.5 2.5 2 0 3 2 2
2226.2 3668.8 -267.6 337 0 12.2 16.2 14.0 0.0 0 1 4 0 0
1738.7 4367.5 -253.0 270 0 5.8 9.7 5.0 2.5 2 1 2 2 2
1737.0 4175.3 -258.8 169 0 12.0 11.8 2.5 2.5 2 0 1 0 0
1860.0 4076.9 -270.6 79 0 11.3 15.7 2.5 2.5 2 1 1 4 4
1901.9 4122.0 -268.8 349 0 16.7 12.1 5.0 2.5 2 0 2 5 5
1927.3 4157.6 -267.2 79 0 11.0 11.0 7.5 2.5 4 1 3 1 1
1942.4 4157.7 -264.2 190 0 8.4 16.5 5.0 2.5 2 1 2 4 4
4039.8 2759.2 -237.4 243 0 12.7 17.1 5.0 2.5 4 1 2 4 4
4084.5 2764.4 -236.8 332 0 23.3 17.9 10.0 2.5 2 0 4 1 1
4016.6 2703.8 -232.7 153 0 9.5 25.0 7.5 2.5 4 1 3 2 2
4010.2 2170.7 -232.9 86 0 29.6 17.5 10.0 2.5 2 0 4 1 1
3651.8 5296.2 -197.1 260 0 7.1 9.3 2.5 0.0 0 1 1 0 0
3687.4 5304.5 -191.0 4 0 10.4 9.3 2.5 2.5 2 0 1 0 0
1484.6 1594.8 -272.2 301 0 9.4 6.8 2.5 2.5 2 0 1 4 4
1435.1 1581.2 -263.3 21 0 11.3 10.2 5.0 2.5 2 0 2 3 3
1446.6 1602.7 -262.3 41 0 17.8 8.1 7.5 2.5 2 0 3 5 5
1012.3 2912.0 -260.4 159 0 11.3 16.0 2.5 2.5 2 1 1 5 5
1203.3 2358.5 -226.7 90 0 15.1 15.8 7.5 2.5 2 1 3 0 0
1575.9 3323.3 -274.8 77 0 9.5 12.6 2.5 2.5 2 1 1 4 4
4010.4 2336.2 -234.3 351 0 13.1 8.0 5.0 2.5 4 0 2 3 3
4012.2 2305.2 -233.8 346 0 11.6 7.8 5.0 2.5 2 0 2 1 1
3969.4 2217.3 -234.9 175 0 14.1 7.9 5.0 2.5 4 0 2 3 3
4000.1 2220.9 -233.2 277 0 7.7 5.9 5.0 2.5 4 0 2 2 2
4071.9 2206.1 -224.4 194 0 20.3 14.8 10.0 0.0 0 0 4 4 4
3870.8 2532.1 -252.1 16 0 17.9 11.3 5.0 2.5 2 0 2 4 4
3830.7 2483.8 -253.1 120 0 7.4 9.9 5.0 2.5 2 1 2 4 4
3764.3 2471.1 -249.7 30 0 18.3 12.8 7.5 0.0 0 0 3 0 0
2923.6 5342.3 -247.0 137 0 10.7 6.3 7.5 2.5 2 0 3 5 5
3017.4 5715.3 -241.8 85 0 13.1 18.5 5.0 2.5 2 1 2 2 2
3007.1 2247.5 -245.8 47 0 22.8 17.8 12.5 2.5 2 0 5 3 3
3492.3 5930.9 -220.9 94 0 8.2 12.4 5.0 2.5 4 1 2 1 1
2780.7 6118.4 -227.1 349 0 10.7 8.9 5.0 0.0 0 0 2 5 5
2792.7 6074.6 -229.0 353 0 11.9 9.9 5.0 2.5 2 0 2 3 3
2956.7 5895.0 -243.4 350 0 11.9 17.5 5.0 2.5 2 1 2 2 2
2632.7 5961.1 -233.4 268 0 10.5 9.2 7.5 2.5 2 0 3 3 3
2576.6 5661.8 -246.2 275 0 6.4 10.6 5.0 2.5 2 1 2 2 2
2601.6 5603.0 -253.7 343 0 11.1 7.9 5.0 2.5 2 0 2 0 0
2577.4 5584.6 -255.2 176 0 10.1 7.0 7.5 2.5 2 0 3 2 2
2497.5 5631.1 -249.0 98 0 8.2 9.8 7.5 2.5 2 1 3 2 2
2655.4 4790.6 -234.5 117 0 13.5 16.6 7.5 2.5 2 1 3 2 2
2771.3 4891.7 -239.2 359 0 12.0 14.2 5.0 2.5 2 1 2 2 2
3033.1 4837.1 -256.7 184 0 9.7 10.4 2.5 2.5 2 1 1 3 3
3064.3 4732.9 -262.6 184 0 16.1 14.8 12.5 2.5 2 0 5 4 4
2763.7 4808.7 -241.8 189 0 19.5 12.1 5.0 0.0 0 0 2 0 0
2641.6 4750.1 -233.2 32 0 12.0 11.6 7.5 2.5 2 0 3 1 1
2710.8 4746.0 -239.5 267 0 10.4 11.1 5.0 2.5 2 1 2 5 5
2755.9 5079.9 -242.9 202 0 18.9 12.4 7.5 2.5 2 0 3 3 3
4566.3 2869.5 -211.3 84 0 26.6 22.2 7.5 2.5 2 0 3 5 5
4668.3 3006.6 -226.4 84 0 14.1 31.4 10.0 2.5 2 1 4 3 3
4641.0 3216.6 -249.5 93 0 9.5 8.0 7.5 2.5 2 0 3 3 3
4716.7 3327.1 -239.5 316 0 18.9 18.2 12.5 2.5 2 0 5 2 2
4668.4 3311.9 -248.6 272 0 11.1 13.2 7.5 2.5 2 1 3 1 1
4675.6 3275.2 -242.2 88 0 11.8 12.3 7.5 2.5 2 1 3 5 5
4600.0 3327.6 -258.6 178 0 12.4 9.3 5.0 2.5 2 0 2 3 3
4636.4 3350.5 -257.8 345 0 19.7 17.1 7.5 2.5 2 0 3 5 5
2713.9 4963.2 -233.9 219 0 6.8 6.4 5.0 2.5 2 0 2 3 3
2725.6 4981.0 -234.3 218 0 10.7 5.5 7.5 2.5 2 0 3 1 1
2801.6 5006.9 -239.9 205 0 15.0 9.7 5.0 2.5 2 0 2 4 4
2809.7 4927.7 -240.7 12 0 8.8 16.6 5.0 2.5 2 1 2 4 4
2840.5 4919.9 -244.2 183 0 15.4 13.8 10.0 2.5 2 0 4 0 0
2871.9 4933.2 -245.0 84 0 15.2 23.2 12.5 2.5 2 1 5 1 1
2850.1 4979.7 -242.5 110 0 12.2 11.0 5.0 2.5 2 0 2 1 1
2858.4 5037.5 -243.4 271 0 10.6 16.2 2.5 2.5 2 1 1 2 2
2992.6 5147.7 -242.5 212 0 22.2 16.9 12.5 2.5 2 0 5 3 3
2994.4 4893.2 -252.4 106 0 14.8 14.4 5.0 2.5 2 0 2 4 4
3033.5 4917.6 -253.3 26 0 13.2 13.9 5.0 2.5 2 1 2 2 2
3045.5 4951.5 -247.3 27 0 7.9 12.5 5.0 2.5 2 1 2 0 0
3083.7 4924.4 -248.8 145 0 11.7 29.8 10.0 2.5 2 1 4 4 4
3134.7 4853.7 -254.9 54 0 17.8 19.7 10.0 2.5 2 1 4 3 3
3082.1 5056.7 -226.9 211 0 18.4 12.5 7.5 2.5 2 0 3 0 0
3187.2 5153.3 -233.8 242 0 13.7 16.6 5.0 2.5 2 1 2 0 0
3399.2 5061.7 -222.1 88 0 15.6 15.2 7.5 2.5 2 0 3 3 3
3443.5 4948.5 -216.1 266 0 8.3 13.5 7.5 0.0 0 1 3 5 5
3511.4 4999.7 -191.0 82 0 13.9 11.2 7.5 2.5 2 0 3 2 2
3579.3 4982.9 -180.8 88 0 8.7 12.7 2.5 2.5 2 1 1 3 3
3619.0 4976.0 -176.2 81 0 13.2 11.7 7.5 2.5 4 0 3 1 1
3740.7 6653.9 -233.3 34 0 12.0 9.9 5.0 2.5 2 0 2 4 4
3078.0 3977.8 -270.1 98 0 8.8 8.9 10.5 0.0 0 1 3 3 3
2971.8 4003.3 -266.1 3 0 9.7 15.7 10.5 3.5 2 1 3 5 5
2911.7 4178.3 -255.3 93 0 7.0 11.7 2.5 2.5 2 1 1 4 4
2988.9 4269.6 -259.1 43 0 14.8 14.0 7.5 2.5 2 0 3 1 1
3125.7 4684.9 -266.2 83 0 13.6 23.0 7.5 2.5 2 1 3 1 1
2951.1 4403.0 -265.2 180 0 7.7 7.7 7.5 2.5 2 0 3 1 1
3185.6 4373.9 -266.6 88 0 15.7 18.0 10.0 2.5 2 1 4 3 3
4260.8 3142.5 -260.1 176 0 13.4 15.7 7.5 2.5 2 1 3 2 2
4345.3 3265.5 -266.1 266 0 15.6 13.5 5.0 2.5 2 0 2 4 4
2778.4 5011.6 -238.1 9 0 7.4 7.2 7.5 2.5 2 0 3 3 3
3050.1 6249.1 -229.4 67 0 12.6 14.5 5.0 2.5 2 1 2 0 0
4347.9 3358.7 -269.2 178 0 12.9 6.2 5.0 2.5 2 0 2 2 2
4369.4 3320.1 -268.2 148 0 14.4 8.9 5.0 2.5 2 0 2 4 4
4373.3 3245.1 -265.6 274 0 14.7 20.4 12.5 2.5 2 1 5 2 2
4398.5 3198.8 -261.1 86 0 21.6 19.1 12.5 2.5 2 0 5 3 3
4331.7 3140.3 -255.9 356 0 22.1 11.6 12.5 0.0 0 0 5 4 4
4339.9 3198.1 -264.4 86 0 28.9 19.6 15.0 0.0 0 0 6 5 5
4301.6 3210.0 -264.5 176 0 20.2 13.8 10.0 2.5 2 0 4 3 3
4281.6 3195.1 -263.9 176 0 16.9 16.2 7.5 2.5 2 0 3 1 1
4326.1 3171.7 -260.8 356 0 16.0 13.4 5.0 2.5 2 0 2 0 0
4287.7 3159.3 -263.1 86 0 11.7 22.4 10.0 2.5 2 1 4 0 0
3349.8 6315.5 -225.1 124 0 12.0 10.9 7.5 2.5 2 0 3 1 1
3168.1 5925.9 -232.8 2 0 6.7 10.9 5.0 2.5 2 1 2 2 2
3182.1 5882.7 -234.1 10 0 10.9 13.6 7.5 2.5 2 1 3 2 2
3110.8 5818.3 -239.3 85 0 14.0 15.4 5.0 2.5 4 1 2 5 5
2900.8 5582.2 -238.6 0 0 11.6 13.0 5.0 2.5 2 1 2 5 5
2953.4 5434.9 -245.0 303 0 9.4 15.1 5.0 2.5 2 1 2 3 3
2199.3 4282.2 -253.3 86 0 8.0 10.8 2.5 2.5 2 1 1 0 0
2419.4 4383.3 -244.0 126 0 6.1 9.4 7.5 2.5 2 1 3 5 5
2605.0 4210.2 -220.2 91 0 12.1 12.0 2.5 2.5 2 0 1 5 5
2649.8 4227.9 -215.6 327 0 9.7 15.2 5.0 0.0 0 1 2 2 2
2792.1 4337.2 -242.5 92 0 13.7 12.0 10.0 2.5 2 0 4 3 3
1507.3 3759.2 -266.9 55 0 12.8 14.0 5.0 0.0 0 1 2 1 1
1423.7 4310.4 -264.0 287 0 12.8 11.9 7.5 2.5 2 0 3 3 3
3032.8 3345.9 -270.4 274 0 15.6 20.4 14.0 3.5 2 1 4 5 5
2980.2 3494.0 -263.8 183 0 16.7 19.1 10.5 3.5 2 1 3 5 5
2967.6 3535.1 -263.1 178 0 17.4 18.6 10.5 3.5 2 1 3 1 1
2955.6 3571.4 -262.1 23 0 8.0 15.5 10.5 3.5 2 1 3 0 0
2700.1 3396.3 -267.7 271 0 11.6 12.6 10.5 3.5 2 1 3 0 0
2974.9 4102.1 -264.6 175 0 9.4 8.9 10.5 3.5 4 0 3 2 2
2965.1 3716.9 -271.3 91 0 6.0 11.4 10.5 3.5 2 1 3 3 3
972.4 4029.6 -261.5 1 0 11.7 11.7 7.5 2.5 2 1 3 0 0
668.2 3677.1 -264.6 14 0 17.9 16.5 12.5 2.5 2 0 5 4 4
487.0 3491.1 -248.7 118 0 11.4 15.2 5.0 2.5 2 1 2 5 5
1981.6 3594.2 -263.5 36 0 15.2 14.5 10.5 3.5 2 0 3 2 2
2102.8 3380.7 -265.7 280 0 10.4 15.2 14.0 3.5 2 1 4 4 4
2091.1 3592.1 -263.8 25 0 12.5 17.0 5.0 2.5 2 1 2 3 3
1486.2 3157.8 -277.7 2 0 16.2 12.6 5.0 2.5 2 0 2 4 4
1735.4 1889.9 -269.5 186 0 14.4 11.7 5.0 0.0 0 0 2 3 3
1674.6 1911.1 -270.6 182 0 11.1 9.6 2.5 2.5 4 0 1 2 2
1555.5 2948.8 -267.4 358 0 6.6 4.7 5.0 2.5 2 0 2 5 5
3875.8 2623.9 -236.3 47 0 12.7 6.6 5.0 2.5 2 0 2 5 5
3926.7 2843.4 -238.4 54 0 8.6 13.4 7.5 2.5 2 1 3 3 3
3865.4 2792.4 -243.7 57 0 9.7 21.9 7.5 0.0 0 1 3 5 5
3754.5 2529.4 -248.6 318 0 12.8 13.0 2.5 2.5 2 1 1 0 0
3647.1 2413.5 -254.1 274 0 16.9 41.1 10.0 2.5 2 1 4 2 2
3589.9 2389.5 -253.1 180 0 26.9 16.9 12.5 2.5 2 0 5 4 4
3655.5 2293.1 -259.6 232 0 21.0 23.4 12.5 2.5 2 1 5 5 5
3121.7 3608.5 -275.0 267 0 11.2 6.1 10.5 3.5 2 0 3 4 4
2928.6 3702.4 -269.5 178 0 12.2 12.0 10.5 0.0 0 0 3 0 0
2930.1 3618.1 -263.9 280 0 11.8 10.4 10.5 3.5 2 0 3 2 2
2933.8 4202.9 -256.1 6 0 6.2 7.7 5.0 0.0 0 1 2 1 1
2990.9 4417.3 -266.2 180 0 12.1 6.1 7.5 2.5 2 0 3 4 4
2329.0 2741.0 -276.1 2 0 9.1 23.7 7.5 2.5 4 1 3 0 0
3117.7 4583.5 -268.8 328 0 6.7 8.6 7.5 2.5 4 1 3 1 1
2597.0 1314.2 -218.5 359 0 12.4 7.3 7.5 0.0 0 0 3 2 2
1663.9 3953.8 -259.6 56 0 9.5 17.7 5.0 2.5 2 1 2 3 3
2690.0 4190.5 -210.0 359 0 5.4 5.9 7.5 2.5 2 1 3 5 5
1709.8 4640.4 -263.5 76 0 7.5 7.4 5.0 0.0 0 0 2 1 1
2421.1 1330.5 -209.0 94 0 5.7 10.0 7.5 2.5 2 1 3 2 2
2442.3 1394.5 -214.9 277 0 7.6 16.4 7.5 0.0 0 1 3 1 1
2532.2 1425.6 -233.2 93 0 6.7 11.4 7.5 2.5 4 1 3 0 0
2645.5 1408.5 -238.7 359 0 17.5 13.1 5.0 2.5 2 0 2 2 2
2565.3 1425.0 -234.7 268 0 7.1 12.4 7.5 2.5 2 1 3 2 2
2607.8 1215.7 -212.1 173 0 12.4 19.3 5.0 2.5 2 1 2 3 3
2581.2 1076.0 -203.4 271 0 12.8 22.1 10.0 2.5 2 1 4 5 5
2501.1 1053.6 -202.9 61 0 19.1 19.2 10.0 2.5 2 1 4 2 2
2286.8 1159.1 -226.4 92 0 18.2 19.9 10.0 2.5 2 1 4 0 0
2270.6 1081.4 -216.3 359 0 15.2 14.8 7.5 2.5 2 0 3 2 2
2234.5 1009.7 -212.6 51 0 11.5 8.7 7.5 2.5 2 0 3 2 2
2454.0 1575.6 -250.9 135 0 9.5 8.0 7.5 0.0 0 0 3 4 4
2481.6 1585.2 -254.6 321 0 11.0 7.6 7.5 2.5 2 0 3 5 5
2480.9 1559.0 -251.8 154 0 10.7 12.6 7.5 0.0 0 1 3 0 0
2698.1 1421.1 -234.9 272 0 8.1 7.4 7.5 2.5 4 0 3 4 4
2648.4 3591.1 -267.3 48 0 6.4 12.2 10.5 3.5 2 1 3 1 1
2619.4 3507.2 -274.5 325 0 4.6 9.4 10.5 3.5 2 1 3 5 5
2619.9 3402.9 -276.9 15 0 9.7 11.6 10.5 3.5 2 1 3 1 1
4041.7 3408.8 -267.2 270 0 7.0 12.3 7.5 2.5 2 1 3 0 0
3885.3 3377.6 -251.8 267 0 17.5 17.9 12.5 2.5 2 1 5 4 4
3460.5 3444.3 -269.0 344 0 18.8 22.5 10.0 2.5 2 1 4 1 1
3599.5 3800.5 -262.5 268 0 15.6 15.2 7.5 2.5 2 0 3 4 4
2860.5 4863.5 -246.3 99 0 10.4 10.8 5.0 2.5 2 1 2 2 2
2884.1 4799.8 -249.1 68 0 4.3 7.2 5.0 0.0 0 1 2 2 2
2840.6 4579.1 -252.5 121 0 4.3 7.5 7.5 2.5 2 1 3 5 5
2904.1 4690.9 -254.3 278 0 5.8 6.4 7.5 2.5 2 1 3 2 2
3153.9 4733.5 -262.1 348 0 5.4 7.8 7.5 2.5 2 1 3 2 2
3022.5 4984.5 -242.3 62 0 10.7 8.5 5.0 2.5 2 0 2 5 5
3428.1 5269.4 -237.6 245 0 6.7 9.7 5.0 0.0 0 1 2 5 5
2585.4 5011.8 -225.3 355 0 4.7 6.7 7.5 2.5 2 1 3 5 5
2615.8 3977.8 -187.6 140 0 4.6 7.1 10.5 3.5 2 1 3 2 2
2969.3 3179.7 -274.9 141 0 8.3 16.4 7.5 2.5 2 1 3 0 0
2932.4 3308.7 -265.1 0 0 12.9 12.2 7.5 2.5 4 0 3 4 4
5072.2 2465.6 -92.3 352 0 9.5 6.3 7.5 2.5 2 0 3 4 4
5064.9 2414.0 -97.1 0 0 8.2 6.8 7.5 2.5 2 0 3 2 2
5029.3 2334.8 -108.5 176 0 7.1 8.3 5.0 2.5 2 1 2 1 1
5049.7 2182.9 -112.1 0 0 14.0 9.3 5.0 2.5 2 0 2 0 0
5051.7 2282.1 -108.5 213 0 10.9 7.3 7.5 0.0 0 0 3 1 1
5084.0 2347.3 -97.1 90 0 13.4 17.0 5.0 2.5 2 1 2 4 4
5115.6 2340.1 -88.3 69 0 13.5 13.9 5.0 2.5 2 1 2 2 2
5116.2 2159.5 -86.0 90 0 8.7 12.3 5.0 2.5 2 1 2 2 2
5190.8 2254.3 -67.0 267 0 11.1 18.4 7.5 2.5 2 1 3 3 3
5195.9 2442.1 -67.2 71 0 11.0 18.9 5.0 2.5 2 1 2 3 3
5322.8 2677.7 -42.5 271 0 5.7 11.9 7.5 2.5 2 1 3 2 2
5281.0 2474.0 -47.4 120 0 13.0 18.1 7.5 2.5 2 1 3 1 1
5417.9 2573.5 -11.3 90 0 9.0 11.1 7.5 2.5 2 1 3 0 0
5401.6 2459.5 -8.7 345 0 9.0 9.0 7.5 2.5 2 1 3 1 1
5509.7 2616.4 20.5 170 0 9.0 5.7 5.0 2.5 2 0 2 1 1
5484.9 2488.5 16.3 141 0 7.6 10.5 7.5 2.5 2 1 3 4 4
5508.2 2527.0 20.6 164 0 9.8 8.1 7.5 2.5 2 0 3 1 1
5573.3 2509.4 39.9 333 0 6.5 6.6 5.0 2.5 2 1 2 1 1
4736.7 1939.4 -168.9 128 0 7.7 7.0 7.5 2.5 2 0 3 4 4
4749.6 2053.0 -174.9 251 0 6.7 6.3 5.0 2.5 2 0 2 4 4
4861.8 2041.0 -153.4 270 0 5.7 5.6 7.5 2.5 2 0 3 5 5
4891.7 1967.2 -138.6 169 0 7.8 5.1 7.5 2.5 2 0 3 4 4
4986.9 2097.5 -125.3 263 0 13.7 13.3 5.0 2.5 2 0 2 4 4
1291.5 4339.2 -270.2 339 0 12.7 16.8 5.0 2.5 2 1 2 5 5
1171.7 4225.9 -268.4 304 0 11.3 25.9 12.5 2.5 2 1 5 4 4
1031.4 4258.2 -264.9 210 0 11.8 20.3 2.5 2.5 2 1 1 5 5
2370.2 6697.5 -234.9 260 0 9.2 10.4 5.0 2.5 2 1 2 0 0
2385.7 6738.3 -236.4 29 0 11.6 7.7 7.5 0.0 0 0 3 3 3
2457.6 6682.1 -234.0 58 0 9.0 16.3 7.5 2.5 2 1 3 3 3
2712.9 6636.0 -247.2 326 0 13.4 17.4 10.0 2.5 2 1 4 0 0
2325.5 6690.9 -234.8 49 0 7.3 5.9 7.5 0.0 0 0 3 0 0
2396.6 6748.4 -234.7 43 0 9.5 14.3 5.0 2.5 2 1 2 1 1
2562.4 6703.6 -244.9 178 0 14.1 13.6 2.5 2.5 2 0 1 0 0
2714.9 6674.5 -243.2 133 0 12.9 14.8 5.0 2.5 2 1 2 3 3
2820.0 6690.4 -243.1 331 0 11.4 14.3 5.0 2.5 2 1 2 2 2
4050.7 6529.2 -167.2 5 0 18.8 18.0 10.0 2.5 2 0 4 2 2
3844.0 6124.6 -152.6 352 0 17.1 27.3 12.5 2.5 2 1 5 5 5
3688.5 6545.0 -232.1 337 0 19.1 21.8 7.5 2.5 2 1 3 2 2
3566.3 5731.2 -206.3 167 0 7.4 50.7 7.5 2.5 2 1 3 1 1
3624.7 5734.8 -204.9 347 0 7.5 58.1 7.5 2.5 2 1 3 3 3
-6813.0 -4781.8 -257.8 92 0 15.7 15.5 5.0 2.5 2 0 2 4 4
-6859.8 -4621.8 -256.4 92 0 14.0 17.0 5.0 2.5 2 1 2 4 4
-6592.7 -5449.5 -276.1 182 0 15.2 13.9 5.0 2.5 2 0 2 2 2
-6648.2 -5451.5 -276.1 79 0 10.7 12.2 5.0 2.5 2 1 2 1 1
-6601.2 -5536.5 -283.2 172 0 15.0 7.6 2.5 2.5 2 0 1 5 5
-691.6 3356.0 -242.2 149 0 17.8 21.7 12.5 2.5 2 1 5 2 2
-996.8 3311.5 -241.7 69 0 10.1 16.3 5.0 2.5 2 1 2 0 0
1846.9 4545.9 -253.2 75 0 15.7 15.6 5.0 2.5 2 0 2 5 5
1374.6 4522.2 -260.4 148 0 11.3 13.0 5.0 2.5 2 1 2 0 0
-962.3 -579.5 -271.6 358 0 8.3 13.4 7.5 2.5 2 1 3 1 1
-1224.3 -614.3 -270.8 87 0 9.9 9.8 7.5 2.5 2 0 3 1 1
-1416.7 270.8 -224.4 91 0 17.7 16.9 14.0 3.5 2 0 4 5 5
-1380.9 273.0 -226.0 88 0 10.5 12.8 14.0 3.5 2 1 4 1 1
-1469.8 246.6 -220.5 264 0 17.6 15.2 14.0 0.0 0 0 4 5 5
-1403.4 -60.9 -224.5 93 0 8.2 8.8 7.5 2.5 2 1 3 1 1
5766.0 2550.2 103.8 89 0 15.5 15.2 7.5 2.5 2 0 3 2 2
234.7 -5961.1 -283.8 280 0 7.5 12.1 10.5 3.5 2 1 3 1 1
227.4 -5940.9 -285.3 78 0 18.7 10.8 10.5 3.5 2 0 3 1 1
248.6 -5936.9 -284.1 62 0 7.9 7.5 10.5 3.5 2 0 3 1 1
256.1 -5955.7 -281.7 202 0 12.9 8.7 10.5 3.5 2 0 3 0 0
211.6 -5960.8 -285.6 72 0 8.1 8.1 10.5 3.5 2 1 3 3 3
275.1 -5931.7 -281.8 234 0 13.6 9.3 10.5 3.5 2 0 3 5 5
329.3 -5830.6 -283.7 253 0 6.5 7.7 10.5 0.0 0 1 3 0 0
330.8 -5873.4 -282.7 52 0 6.6 5.8 10.5 3.5 2 0 3 0 0
359.0 -5842.1 -282.8 45 0 13.3 7.9 10.5 3.5 2 0 3 0 0
365.7 -5833.0 -283.1 44 0 6.6 7.2 10.5 3.5 2 1 3 3 3
379.0 -5821.4 -283.4 58 0 9.4 7.0 10.5 3.5 2 0 3 3 3
398.8 -5810.3 -283.6 66 0 10.6 7.2 10.5 3.5 2 0 3 0 0
407.6 -5807.1 -283.8 63 0 5.4 7.5 10.5 3.5 2 1 3 1 1
453.4 -5802.7 -282.6 240 0 8.3 5.8 10.5 3.5 2 0 3 0 0
477.2 -5789.8 -283.1 250 0 7.4 4.7 10.5 3.5 2 0 3 0 0
491.9 -5803.3 -281.5 266 0 8.8 6.5 10.5 3.5 2 0 3 5 5
488.6 -5765.6 -285.1 237 0 5.6 7.6 10.5 3.5 2 1 3 4 4
406.2 -5616.0 -284.7 257 0 15.2 17.1 14.0 3.5 2 1 4 4 4
386.5 -5704.4 -285.0 351 0 13.4 13.1 10.5 3.5 2 0 3 0 0
62.1 -5717.5 -289.4 287 0 12.4 19.7 10.5 3.5 2 1 3 3 3
-12.3 -6043.9 -291.1 242 0 42.5 14.4 14.0 0.0 0 0 4 0 0
-264.2 -6098.9 -279.4 173 0 14.3 31.1 10.5 3.5 2 1 3 2 2
-167.3 -6211.0 -285.0 183 0 9.2 12.8 10.5 3.5 2 1 3 0 0
-169.5 -6192.8 -285.5 86 0 17.7 31.3 14.0 3.5 2 1 4 0 0
-180.0 -6315.7 -285.1 180 0 11.3 5.8 10.5 3.5 2 0 3 2 2
43.2 -6397.6 -287.1 269 0 6.0 8.7 5.0 2.5 2 0 2 5 5
66.9 -6419.1 -287.3 4 0 5.8 6.3 7.5 2.5 2 1 3 0 0
132.1 -5720.9 -288.8 345 0 7.0 8.0 10.5 3.5 2 1 3 0 0
100.7 -5731.7 -288.9 162 0 10.7 5.5 10.5 3.5 2 0 3 0 0
97.5 -5715.9 -288.4 166 0 5.8 12.7 10.5 3.5 2 0 3 4 4
112.1 -5714.3 -288.6 171 0 10.7 6.3 10.5 3.5 2 0 3 1 1
127.8 -5710.8 -288.6 347 0 10.3 7.4 10.5 3.5 2 0 3 4 4
124.9 -5777.6 -290.3 160 0 6.9 12.7 10.5 3.5 4 1 3 1 1
70.4 -5758.6 -290.7 336 0 11.1 19.6 10.5 0.0 0 1 3 1 1
31.3 -5684.1 -288.9 247 0 20.2 12.2 10.5 3.5 2 0 3 5 5
27.4 -5705.7 -289.3 163 0 10.5 10.0 10.5 3.5 2 0 3 2 2
97.0 -5771.2 -290.0 339 0 8.5 6.7 10.5 3.5 4 0 3 0 0
106.6 -5766.6 -289.9 329 0 8.1 7.6 10.5 3.5 2 0 3 0 0
142.5 -5628.1 -286.4 0 0 8.6 13.8 10.5 0.0 0 1 3 1 1
97.7 -5653.2 -286.9 177 0 13.0 15.6 10.5 3.5 2 1 3 5 5
157.6 -5864.1 -288.4 170 0 8.7 4.8 10.5 3.5 2 0 3 2 2
280.1 -5914.5 -283.7 57 0 8.6 6.3 10.5 3.5 4 0 3 4 4
302.5 -5895.9 -283.3 59 0 13.1 6.4 10.5 3.5 2 0 3 2 2
344.5 -5858.1 -282.7 52 0 9.9 7.7 10.5 3.5 4 0 3 2 2
519.8 -5830.0 -279.1 87 0 6.0 8.9 10.5 3.5 4 1 3 1 1
527.6 -5729.2 -286.8 222 0 7.1 7.1 10.5 3.5 2 0 3 4 4
541.2 -5708.7 -286.9 219 0 11.7 20.4 14.0 3.5 2 0 4 5 5
563.8 -5716.8 -286.9 308 0 5.2 6.0 10.5 3.5 2 0 3 4 4
572.4 -5598.9 -286.1 200 0 9.7 8.7 10.5 3.5 2 0 3 1 1
416.7 -5699.7 -284.1 178 0 17.6 8.2 10.5 3.5 2 0 3 4 4
445.9 -5786.0 -285.3 55 0 10.3 20.3 14.0 3.5 2 1 4 4 4
497.1 -5683.2 -286.2 275 0 7.0 8.3 10.5 3.5 2 1 3 0 0
709.3 -5539.1 -286.0 254 0 15.7 9.0 10.5 3.5 2 0 3 0 0
684.9 -5736.8 -284.1 92 0 5.4 11.6 2.5 2.5 4 1 1 4 4
626.6 -5648.1 -286.0 51 0 6.4 9.6 10.5 0.0 0 1 3 0 0
318.2 -5869.2 -283.3 65 0 9.0 8.3 10.5 3.5 2 0 3 4 4
101.9 -5978.5 -289.1 78 0 4.4 8.3 10.5 3.5 2 1 3 1 1
1500.3 5470.1 -246.8 180 0 5.8 11.5 7.5 2.5 2 1 3 5 5
1507.6 5404.1 -245.6 91 0 7.8 11.1 7.5 2.5 2 1 3 1 1
1431.9 5460.4 -248.4 115 0 16.8 14.1 10.0 2.5 2 0 4 2 2
1605.9 5519.2 -242.2 228 0 5.3 7.6 7.5 2.5 2 1 3 1 1
5670.7 -2991.2 -276.5 176 0 11.1 14.4 7.5 2.5 2 1 3 4 4
5748.5 -2952.7 -274.4 180 0 7.0 15.0 2.5 2.5 2 1 1 0 0
5589.3 -2722.5 -280.0 90 0 10.9 9.7 5.0 2.5 2 0 2 5 5
5725.9 -2587.3 -276.5 355 0 13.4 15.0 2.5 0.0 0 1 1 0 0
5674.6 -2374.8 -268.9 27 0 5.2 8.0 7.5 2.5 2 1 3 1 1
5733.2 -2123.9 -264.6 270 0 12.5 15.2 7.5 2.5 2 1 3 4 4
5758.6 -2145.0 -264.6 270 0 9.7 11.4 7.5 2.5 2 1 3 5 5
5600.9 -2093.4 -262.3 171 0 9.5 12.9 2.5 2.5 2 1 1 3 3
5868.5 -2112.4 -263.5 282 0 10.7 12.4 7.5 2.5 2 1 3 2 2
6113.0 -2000.6 -273.3 92 0 12.2 11.6 2.5 2.5 2 0 1 5 5
6540.1 -2128.0 -284.1 182 0 8.8 8.0 7.5 2.5 2 0 3 4 4
6666.4 -2311.3 -281.0 82 0 11.8 8.1 7.5 2.5 2 0 3 1 1
6692.5 -3009.8 -291.6 89 0 8.6 14.0 7.5 2.5 2 1 3 3 3
6622.5 -3068.6 -285.9 88 0 13.4 24.0 10.0 2.5 2 1 4 5 5
6524.5 -3121.8 -280.6 90 0 7.8 9.8 7.5 2.5 4 1 3 0 0
6482.4 -2315.5 -287.4 85 0 18.6 12.9 5.0 2.5 2 0 2 1 1
-1945.6 -193.7 -188.1 117 0 9.6 10.8 2.5 2.5 2 1 1 2 2
-2139.7 -281.0 -206.7 178 0 8.8 18.9 5.0 2.5 2 1 2 3 3
-2180.8 -366.8 -202.8 164 0 6.6 8.7 5.0 2.5 2 1 2 3 3
-5208.7 920.0 -251.0 230 0 24.3 37.2 10.0 0.0 0 1 4 1 1
5389.9 -2831.3 -279.3 202 0 8.1 9.4 7.5 2.5 2 1 3 4 4
5316.0 -2934.1 -283.2 86 0 12.2 10.3 5.0 2.5 4 0 2 1 1
5395.0 -2878.6 -281.2 94 0 12.8 9.4 7.5 2.5 2 0 3 3 3
5516.0 -3099.9 -285.3 270 0 4.9 9.7 2.5 2.5 2 1 1 0 0
5491.3 -2510.5 -272.7 58 0 8.9 10.0 5.0 0.0 0 1 2 2 2
5454.8 -2590.1 -274.9 90 0 8.1 6.9 7.5 2.5 2 0 3 0 0
5420.8 -2647.4 -276.4 227 0 9.7 14.2 7.5 2.5 2 1 3 3 3
5228.9 -2750.2 -273.3 88 0 7.2 9.5 5.0 2.5 4 1 2 0 0
5165.2 -2759.6 -274.2 268 0 10.8 6.2 5.0 0.0 0 0 2 4 4
5050.2 -2797.1 -269.5 180 0 7.2 10.0 5.0 2.5 2 1 2 1 1
2134.7 -5729.3 -264.1 90 0 7.2 10.4 7.5 2.5 2 1 3 3 3
864.5 -2555.1 -259.6 267 0 15.9 13.3 7.5 2.5 2 0 3 2 2
844.5 -2548.6 -260.1 270 0 15.2 31.3 12.5 2.5 2 1 5 5 5
874.4 -2593.5 -269.8 282 0 11.0 29.2 15.0 0.0 0 1 6 2 2
895.1 -2497.8 -250.6 193 0 14.8 11.8 5.0 0.0 0 0 2 4 4
876.7 -2451.5 -243.0 271 0 12.3 13.8 7.5 2.5 2 1 3 5 5
876.8 -2482.5 -245.5 177 0 11.4 12.8 2.5 2.5 2 1 1 0 0
930.4 -2501.6 -253.4 353 0 17.3 8.6 7.5 2.5 2 0 3 0 0
939.9 -2579.3 -268.2 107 0 11.1 9.3 2.5 0.0 0 0 1 2 2
999.3 -2387.4 -267.8 182 0 12.0 22.0 12.5 0.0 0 1 5 3 3
1051.5 -2358.6 -269.9 359 0 14.8 12.8 7.5 2.5 2 0 3 0 0
1019.5 -2422.3 -268.4 94 0 13.2 12.3 5.0 2.5 4 0 2 3 3
1316.9 -2301.9 -277.9 7 0 8.8 11.2 7.5 2.5 2 1 3 2 2
1068.2 -2698.7 -261.3 93 0 8.3 11.0 5.0 2.5 2 1 2 3 3
906.4 -2670.3 -267.0 84 0 9.6 13.8 7.5 2.5 2 1 3 4 4
978.8 -2691.3 -263.9 270 0 12.4 16.0 2.5 2.5 2 1 1 5 5
994.4 -2795.7 -254.5 359 0 15.8 16.5 10.0 2.5 2 1 4 2 2
952.1 -2901.4 -263.0 90 0 13.6 15.7 5.0 2.5 2 1 2 5 5
891.4 -2729.9 -261.9 0 0 15.7 15.7 5.0 2.5 2 1 2 3 3
868.6 -2695.2 -264.1 264 0 15.5 12.2 5.0 2.5 2 0 2 1 1
855.8 -2751.8 -260.1 163 0 8.4 8.1 7.5 2.5 4 0 3 4 4
834.8 -2841.9 -262.6 175 0 11.6 11.0 7.5 2.5 2 0 3 3 3
862.7 -2853.6 -262.9 342 0 14.5 10.1 5.0 2.5 2 0 2 2 2
837.8 -2859.6 -264.2 161 0 14.8 10.1 10.0 2.5 2 0 4 3 3
847.0 -2876.9 -265.1 149 0 17.5 10.5 7.5 2.5 2 0 3 1 1
818.3 -2992.6 -268.2 271 0 16.7 19.4 12.5 2.5 4 1 5 0 0
846.0 -3084.4 -259.0 18 0 14.5 14.6 7.5 2.5 2 1 3 3 3
846.7 -3047.8 -264.4 93 0 15.1 16.0 7.5 2.5 2 1 3 5 5
918.6 -3076.7 -268.3 177 0 7.7 10.8 5.0 2.5 2 1 2 2 2
981.1 -3040.4 -265.9 271 0 7.6 14.0 7.5 2.5 2 1 3 1 1
975.5 -3100.6 -265.9 359 0 19.2 20.7 10.0 2.5 2 1 4 0 0
990.0 -3092.5 -263.8 22 0 10.7 6.2 5.0 0.0 0 0 2 5 5
994.9 -2960.7 -269.7 198 0 14.3 27.3 10.0 2.5 2 1 4 3 3
1135.5 -3012.1 -261.0 181 0 11.0 9.5 5.0 2.5 2 0 2 5 5
1144.6 -3066.5 -257.6 184 0 7.9 11.0 5.0 2.5 2 1 2 0 0
1136.1 -3107.7 -254.5 92 0 14.0 17.7 5.0 2.5 2 1 2 3 3
1134.0 -2972.8 -265.2 186 0 9.5 14.1 2.5 2.5 4 1 1 3 3
1133.6 -2959.3 -266.8 190 0 11.9 16.5 10.0 2.5 2 1 4 4 4
1238.4 -3032.1 -267.7 358 0 13.3 19.2 12.5 2.5 2 1 5 5 5
1257.9 -3112.7 -266.9 271 0 11.9 11.3 2.5 2.5 2 0 1 5 5
1169.6 -2861.2 -263.8 358 0 14.8 11.0 5.0 2.5 2 0 2 0 0
1128.0 -2866.6 -264.4 179 0 10.7 10.8 2.5 0.0 0 1 1 0 0
1075.4 -2826.1 -258.5 89 0 13.3 25.5 12.5 2.5 2 1 5 1 1
1049.0 -1953.8 -274.2 268 0 13.0 10.6 5.0 2.5 2 0 2 3 3
1052.0 -2018.7 -265.2 186 0 9.6 12.9 2.5 2.5 2 1 1 3 3
1049.4 -2029.7 -263.9 182 0 8.7 22.1 7.5 2.5 4 1 3 5 5
1040.6 -2056.7 -261.3 179 0 11.7 11.6 5.0 2.5 2 0 2 4 4
1090.3 -2093.3 -251.8 88 0 12.8 10.6 5.0 2.5 2 0 2 0 0
1177.9 -2107.3 -262.1 271 0 5.6 7.8 7.5 2.5 2 1 3 5 5
1158.2 -2203.0 -268.9 227 0 9.7 9.4 7.5 2.5 2 0 3 1 1
1198.5 -2258.7 -279.5 87 0 11.7 18.0 2.5 2.5 2 1 1 0 0
1786.6 -3021.7 -279.8 90 0 7.6 8.6 7.5 2.5 2 1 3 2 2
1800.9 -2998.5 -279.9 358 0 11.3 16.4 5.0 2.5 2 1 2 1 1
1850.9 -3053.7 -277.8 202 0 11.9 7.8 2.5 2.5 2 0 1 2 2
1826.1 -3095.3 -278.0 179 0 9.7 10.5 7.5 2.5 2 1 3 1 1
1850.9 -3081.0 -277.7 270 0 14.7 17.5 12.5 2.5 2 1 5 4 4
1819.9 -3120.3 -278.0 180 0 12.5 14.1 5.0 2.5 2 1 2 3 3
1848.5 -3124.3 -277.5 89 0 16.7 12.5 7.5 2.5 2 0 3 0 0
1893.6 -3109.0 -276.8 4 0 20.5 20.0 7.5 2.5 4 0 3 1 1
1888.5 -3025.9 -277.0 272 0 13.4 46.4 10.0 0.0 0 1 4 3 3
1882.3 -2996.8 -276.1 196 0 8.7 16.2 2.5 2.5 2 1 1 5 5
1951.0 -3083.7 -272.9 91 0 13.5 12.4 5.0 2.5 2 0 2 3 3
1930.6 -2908.0 -268.6 84 0 12.5 25.4 10.0 2.5 2 1 4 2 2
1724.5 -2718.5 -277.0 270 0 12.9 19.6 10.0 2.5 2 1 4 5 5
1109.5 -1979.8 -264.4 270 0 19.6 11.4 2.5 2.5 2 0 1 4 4
1129.7 -2010.5 -259.7 90 0 19.0 14.8 10.0 2.5 2 0 4 4 4
1162.7 -2011.2 -256.7 24 0 10.5 15.5 7.5 2.5 2 1 3 2 2
1291.0 -2031.7 -272.8 0 0 15.2 24.0 10.0 2.5 2 1 4 5 5
1282.8 -2113.7 -279.7 105 0 13.0 15.6 5.0 2.5 2 1 2 3 3
1309.9 -2119.2 -282.3 89 0 13.7 14.8 2.5 2.5 2 1 1 2 2
1371.4 -2339.0 -276.1 268 0 8.6 19.0 7.5 0.0 0 1 3 3 3
1264.0 -2376.5 -276.8 179 0 12.7 10.4 2.5 2.5 2 0 1 5 5
1301.5 -2409.5 -275.7 1 0 9.6 11.4 7.5 2.5 2 1 3 4 4
1310.1 -2363.0 -276.4 266 0 14.2 13.1 7.5 2.5 2 0 3 3 3
1128.0 -2556.1 -272.8 270 0 14.8 11.4 7.5 0.0 0 0 3 3 3
1153.3 -2541.5 -273.6 270 0 11.1 12.7 2.5 2.5 2 1 1 4 4
1228.7 -2546.3 -271.1 111 0 7.6 11.7 5.0 2.5 2 1 2 2 2
1173.7 -2466.9 -276.1 111 0 8.4 8.8 5.0 2.5 2 1 2 1 1
1195.0 -2469.5 -275.9 111 0 13.9 15.7 5.0 0.0 0 1 2 3 3
1212.1 -2482.9 -275.5 108 0 21.2 16.6 7.5 2.5 2 0 3 0 0
1242.2 -2483.6 -274.9 92 0 13.3 12.2 7.5 2.5 4 0 3 0 0
1246.6 -2513.2 -274.0 293 0 15.6 12.1 5.0 2.5 2 0 2 2 2
1323.2 -2439.9 -274.7 359 0 13.0 11.8 5.0 2.5 2 0 2 3 3
1338.9 -2484.7 -273.6 91 0 18.9 11.3 10.0 2.5 2 0 4 3 3
1306.6 -2526.8 -269.1 271 0 15.8 13.0 2.5 0.0 0 0 1 1 1
1517.0 -3001.6 -267.5 3 0 9.8 14.0 5.0 2.5 2 1 2 5 5
1401.3 -2997.0 -271.6 269 0 8.3 10.2 7.5 2.5 2 1 3 1 1
1505.9 -2950.7 -261.1 323 0 13.5 16.9 2.5 2.5 2 1 1 0 0
1487.7 -2957.6 -262.5 334 0 16.8 13.3 5.0 2.5 2 0 2 0 0
1770.7 -1978.3 -259.3 241 0 12.8 17.2 7.5 2.5 4 1 3 5 5
1746.4 -2011.1 -260.6 174 0 15.2 11.5 2.5 2.5 2 0 1 0 0
1804.3 -2017.3 -260.7 0 0 12.2 9.5 7.5 2.5 2 0 3 0 0
1905.3 -2141.0 -273.8 272 0 11.5 14.5 5.0 2.5 2 1 2 3 3
1812.3 -2114.2 -267.8 178 0 17.2 14.4 7.5 2.5 2 0 3 5 5
1823.5 -2593.2 -280.2 89 0 16.3 12.7 5.0 2.5 2 0 2 0 0
1768.6 -2583.1 -276.9 179 0 10.8 10.7 7.5 2.5 2 0 3 1 1
1731.5 -2504.0 -274.8 180 0 14.6 13.5 10.0 2.5 2 0 4 3 3
1655.8 -2484.2 -274.7 160 0 18.2 11.9 7.5 2.5 2 0 3 4 4
1784.2 -2395.5 -271.2 345 0 13.9 8.9 5.0 2.5 2 0 2 5 5
1733.5 -2308.2 -258.4 358 0 14.1 10.9 5.0 2.5 2 0 2 2 2
1794.4 -2206.9 -262.0 200 0 14.2 17.5 7.5 2.5 2 1 3 1 1
1403.2 -2263.4 -277.7 93 0 9.5 9.1 2.5 2.5 2 0 1 2 2
1435.6 -2322.3 -275.8 181 0 12.1 15.3 5.0 2.5 2 1 2 4 4
1443.6 -2047.7 -278.9 206 0 15.7 34.8 12.5 2.5 2 1 5 4 4
1502.6 -2088.5 -274.8 88 0 13.2 13.1 5.0 2.5 2 0 2 0 0
1486.2 -2044.3 -277.3 190 0 14.1 31.5 10.0 2.5 2 1 4 0 0
1531.7 -2050.6 -274.9 286 0 10.2 8.0 7.5 2.5 4 0 3 5 5
1539.2 -2002.1 -277.2 350 0 9.8 13.0 5.0 0.0 0 1 2 4 4
1541.5 -2024.8 -275.7 286 0 11.6 14.6 5.0 2.5 2 1 2 3 3
1570.6 -2099.5 -270.5 271 0 11.8 14.6 5.0 2.5 2 1 2 3 3
1600.7 -2117.9 -268.8 91 0 10.4 11.1 5.0 2.5 2 1 2 1 1
1629.5 -2127.1 -267.2 107 0 14.4 12.7 5.0 2.5 2 0 2 2 2
1603.1 -2137.3 -267.9 4 0 14.5 14.9 5.0 2.5 2 1 2 5 5
1609.3 -2243.8 -265.0 1 0 14.7 11.4 10.0 0.0 0 0 4 3 3
1618.7 -2280.6 -263.1 178 0 12.7 10.2 5.0 2.5 2 0 2 3 3
1625.9 -2254.6 -262.8 180 0 13.2 14.5 7.5 2.5 2 1 3 4 4
1574.5 -2269.8 -266.6 204 0 11.0 13.2 2.5 2.5 2 1 1 2 2
1597.2 -2363.3 -263.8 179 0 4.9 6.6 7.5 2.5 2 1 3 4 4
1591.6 -2369.6 -264.1 180 0 6.9 7.2 5.0 2.5 2 1 2 2 2
1574.7 -2385.7 -266.1 21 0 10.5 10.7 5.0 2.5 4 1 2 4 4
1565.0 -2420.9 -270.3 22 0 17.8 11.3 5.0 2.5 2 0 2 4 4
1555.5 -2476.7 -272.8 16 0 18.6 17.2 10.0 2.5 2 0 4 0 0
1578.6 -2503.5 -272.1 169 0 14.7 18.0 15.0 0.0 0 1 6 0 0
1504.9 -2601.9 -258.2 271 0 10.1 30.8 17.5 0.0 0 1 7 3 3
1531.4 -2581.7 -262.4 268 0 11.2 33.8 10.0 2.5 2 1 4 0 0
1593.1 -2561.9 -268.8 166 0 9.3 14.8 7.5 2.5 2 1 3 3 3
1523.9 -2662.7 -253.2 180 0 5.3 6.2 2.5 2.5 2 1 1 3 3
1515.1 -2671.0 -252.0 179 0 6.7 9.8 2.5 2.5 2 1 1 2 2
1529.6 -2721.6 -253.6 174 0 8.1 8.2 7.5 2.5 2 1 3 3 3
1540.1 -2748.6 -255.2 89 0 10.0 8.1 7.5 2.5 2 0 3 3 3
1593.0 -2705.6 -259.7 359 0 7.0 9.2 7.5 2.5 2 1 3 3 3
1551.3 -2723.5 -256.2 180 0 8.0 8.0 5.0 2.5 4 0 2 0 0
1588.9 -2735.3 -260.8 89 0 13.1 19.3 10.0 2.5 4 1 4 0 0
1566.3 -2731.8 -257.6 90 0 7.1 10.8 2.5 2.5 2 1 1 1 1
1572.5 -2757.0 -259.6 91 0 13.9 16.5 5.0 2.5 2 1 2 4 4
1641.6 -2651.5 -264.2 67 0 14.5 11.0 5.0 2.5 2 0 2 5 5
1643.5 -2718.9 -267.7 178 0 10.1 12.2 5.0 2.5 2 1 2 2 2
1564.2 -2857.0 -261.6 91 0 7.6 4.8 7.5 2.5 2 0 3 5 5
1548.7 -2830.5 -259.8 180 0 10.4 10.3 7.5 2.5 2 0 3 1 1
1583.0 -2998.1 -275.0 91 0 14.9 17.5 7.5 2.5 2 1 3 3 3
1616.7 -2930.4 -274.6 272 0 9.0 11.7 7.5 2.5 2 1 3 3 3
1621.5 -2850.8 -267.8 18 0 15.3 21.9 12.5 2.5 2 1 5 1 1
1751.6 -3001.0 -280.7 181 0 8.5 14.5 5.0 2.5 2 1 2 2 2
1789.9 -2961.3 -280.5 357 0 15.9 13.7 10.0 2.5 2 0 4 5 5
1796.1 -2901.2 -280.5 270 0 8.5 13.8 7.5 2.5 2 1 3 3 3
1876.9 -2781.8 -279.0 269 0 14.0 12.4 7.5 2.5 2 0 3 3 3
1813.2 -2834.6 -277.4 180 0 14.3 9.1 5.0 2.5 2 0 2 0 0
1835.7 -2823.4 -276.8 270 0 13.0 19.3 10.0 2.5 4 1 4 4 4
1856.7 -2819.1 -276.1 282 0 11.5 21.6 5.0 0.0 0 1 2 5 5
827.6 -3143.2 -255.3 17 0 15.2 14.0 7.5 2.5 2 0 3 3 3
