5842.1 -2898.3 -51.2 359 0 18.6 12.4 14.0 3.5 2 0 4 3 3
3983.2 -4415.4 -44.2 57 0 13.2 26.1 14.0 3.5 2 1 4 4 4
6056.9 -2933.1 -50.8 178 0 81.6 41.6 14.0 0.0 0 0 4 5 5
5421.6 -2351.0 -44.9 276 0 25.1 70.7 14.0 0.0 0 1 4 1 1
5860.4 -2652.2 -51.6 8 0 22.6 35.0 17.5 0.0 0 1 5 2 2
3867.1 -273.0 -47.4 47 0 22.3 18.5 14.0 3.5 2 0 4 3 3
3808.8 -340.1 -45.6 228 0 14.7 19.5 14.0 3.5 2 1 4 2 2
3825.6 -306.6 -46.5 49 0 6.8 10.6 10.5 3.5 2 1 3 2 2
3896.2 -293.1 -47.5 187 0 18.4 46.9 14.0 3.5 4 1 4 3 3
3928.9 -377.8 -49.8 93 0 10.7 22.2 14.0 0.0 0 1 4 1 1
3969.9 -315.2 -48.1 2 0 55.1 17.7 14.0 3.5 2 0 4 1 1
3906.7 -270.1 -46.4 180 0 10.3 10.7 14.0 3.5 4 1 4 3 3
4049.2 26.8 -31.1 29 0 13.9 27.3 14.0 0.0 0 1 4 4 4
4320.4 531.2 -23.6 213 0 14.9 16.4 14.0 3.5 2 1 4 5 5
4314.0 514.3 -23.7 206 0 13.5 13.6 14.0 3.5 2 0 4 5 5
4287.8 465.9 -25.2 205 0 15.0 17.1 14.0 0.0 0 1 4 4 4
4297.5 524.8 -25.3 290 0 12.2 14.4 14.0 3.5 2 1 4 2 2
4264.2 521.6 -26.3 205 0 27.4 16.8 14.0 3.5 4 0 4 5 5
4478.9 505.3 -28.2 300 0 13.1 18.7 14.0 3.5 4 1 4 4 4
4434.5 1058.9 -22.0 25 0 12.9 25.4 15.0 0.0 0 1 6 2 2
2138.6 6638.8 48.3 48 0 7.4 7.4 7.5 0.0 0 1 3 5 5
5900.6 -598.5 -44.4 161 0 39.6 39.5 17.5 0.0 0 0 5 5 5
5949.2 -801.0 -44.7 167 0 19.0 20.8 14.0 3.5 2 1 4 4 4
6780.3 -1614.1 -40.1 250 0 52.5 40.6 10.5 0.0 0 0 3 5 5
688.5 6221.8 -19.8 347 0 46.2 21.6 5.0 2.5 2 0 2 1 1
772.3 6393.9 -19.4 271 0 27.6 38.4 12.5 0.0 0 1 5 1 1
6908.0 -1478.9 -48.4 339 0 88.6 58.6 10.5 0.0 0 0 3 1 1
4420.3 796.5 -23.9 24 0 11.1 20.5 10.0 2.5 2 1 4 4 4
4558.7 864.2 -29.6 345 0 13.6 9.9 10.5 3.5 2 0 3 5 5
4558.3 833.9 -29.8 77 0 10.6 18.4 14.0 0.0 0 1 4 2 2
4470.7 857.4 -26.8 178 0 12.3 19.9 14.0 3.5 2 1 4 5 5
922.4 5965.8 -34.4 109 0 18.8 23.3 17.5 0.0 0 1 7 2 2
974.5 6818.7 -30.7 271 0 14.1 19.0 12.5 2.5 2 1 5 5 5
2615.8 -107.3 -32.8 259 0 55.3 31.2 12.5 0.0 0 0 5 1 1
2279.0 493.6 -15.7 355 0 129.1 29.8 12.5 0.0 0 0 5 5 5
2398.1 327.6 -14.6 94 0 74.2 11.6 12.5 2.5 2 0 5 5 5
3317.4 -5362.9 -49.9 258 0 19.8 10.0 14.0 3.5 2 0 4 1 1
5391.5 -3870.7 -44.2 278 0 18.1 22.6 17.5 3.5 2 0 5 4 4
2500.5 -4974.2 -40.7 88 0 22.8 18.1 14.0 3.5 2 0 4 4 4
4521.5 -4032.1 -43.6 246 0 63.0 52.7 10.5 0.0 0 0 3 5 5
6066.5 -3807.0 -46.0 350 0 27.8 18.7 14.0 3.5 4 0 4 5 5
2721.0 -2373.0 -51.6 346 0 11.8 13.5 5.0 2.5 2 1 2 2 2
5308.9 -1291.9 -36.9 244 0 28.4 54.4 14.0 0.0 0 1 4 5 5
5418.9 -1243.2 -27.4 62 0 39.5 39.0 14.0 0.0 0 0 4 0 0
5222.1 -3562.9 -44.3 352 0 37.6 38.4 3.5 0.0 0 1 1 2 2
2828.1 -4834.2 -45.6 336 0 65.3 11.6 14.0 3.5 2 0 4 4 4
2965.7 -5150.2 -48.8 337 0 9.3 42.6 7.5 2.5 2 1 3 3 3
2750.8 -4801.7 -44.5 153 0 17.1 33.6 14.0 3.5 2 1 4 4 4
2747.5 -4815.0 -44.2 242 0 19.7 10.3 14.0 3.5 2 0 4 4 4
2930.6 -4799.0 -45.9 334 0 39.9 12.6 14.0 0.0 0 0 4 5 5
2808.3 -4789.7 -45.4 336 0 20.3 11.7 14.0 3.5 2 0 4 5 5
2846.7 -4874.5 -45.7 335 0 13.8 30.1 14.0 3.5 2 1 4 3 3
3028.5 -5176.6 -48.2 336 0 10.2 11.0 14.0 3.5 2 1 4 5 5
2494.4 -4596.5 -19.9 357 0 50.8 20.0 10.5 3.5 2 0 3 5 5
2504.1 -4666.0 -18.7 0 0 10.0 22.7 10.5 3.5 2 1 3 4 4
2473.5 -4813.4 -28.5 317 0 40.2 17.0 14.0 3.5 2 0 4 2 2
2490.0 -4713.7 -20.4 91 0 10.5 18.3 10.5 3.5 2 1 3 3 3
2513.0 -4689.7 -21.1 1 0 21.1 14.6 10.5 3.5 4 0 3 0 0
2376.3 -4677.7 -21.5 177 0 20.6 12.1 14.0 3.5 4 0 4 4 4
2499.6 -4506.5 -25.2 8 0 33.2 22.3 10.5 0.0 0 0 3 0 0
2496.8 -4841.8 -30.4 315 0 18.9 11.0 14.0 3.5 2 0 4 0 0
2529.9 -4708.0 -25.7 270 0 9.5 44.5 10.5 3.5 2 1 3 3 3
2458.7 -4694.3 -18.9 180 0 16.8 22.1 10.5 3.5 2 1 3 1 1
2456.4 -4637.4 -17.7 178 0 26.4 14.9 10.5 3.5 2 0 3 0 0
2493.7 -4790.6 -27.4 181 0 14.0 25.1 10.5 3.5 2 1 3 5 5
2439.6 -4472.3 -24.2 6 0 23.7 12.9 10.5 0.0 0 0 3 0 0
4564.6 -3254.0 -46.4 344 0 63.8 10.3 12.5 2.5 2 0 5 1 1
6109.2 -3138.5 -49.4 10 0 6.3 10.5 2.5 0.0 0 1 1 2 2
6449.1 -3288.6 -47.5 162 0 26.2 22.0 14.0 3.5 2 0 4 1 1
6441.8 -2109.1 -53.0 64 0 50.2 12.2 15.0 2.5 2 0 6 2 2
6590.5 -2054.5 -55.2 303 0 38.0 15.9 17.5 0.0 0 0 5 5 5
6612.5 -2075.9 -54.8 306 0 4.7 13.3 10.5 3.5 2 1 3 2 2
6340.2 -2083.7 -49.3 184 0 34.1 12.6 12.5 2.5 2 0 5 1 1
6549.5 -2093.5 -55.5 123 0 15.3 32.8 17.5 0.0 0 1 5 0 0
5880.4 -2202.4 -51.9 61 0 10.3 23.8 14.0 3.5 2 1 4 5 5
5846.8 -2263.5 -51.4 90 0 27.7 33.8 14.0 0.0 0 1 4 2 2
6143.3 -4531.1 -50.2 168 0 15.7 23.6 17.5 3.5 2 1 5 1 1
6141.1 -4461.4 -50.6 168 0 19.7 14.4 17.5 3.5 2 0 5 4 4
6229.0 -4440.9 -49.3 348 0 18.3 17.9 17.5 3.5 2 0 5 0 0
6207.5 -4443.7 -49.8 348 0 13.9 19.8 17.5 3.5 2 1 5 2 2
6160.6 -4453.6 -50.4 168 0 12.1 19.4 17.5 3.5 2 1 5 3 3
6106.4 -3925.7 -46.0 183 0 10.9 45.5 7.5 2.5 2 1 3 0 0
3279.1 -2371.3 -35.4 319 0 16.4 79.8 10.5 3.5 4 1 3 4 4
5859.3 -2777.8 -50.2 2 0 28.3 10.8 14.0 3.5 2 0 4 5 5
3250.5 -1884.0 -39.5 78 0 23.8 44.5 14.0 0.0 0 1 4 5 5
3304.4 -2396.8 -38.1 317 0 18.1 80.3 14.0 3.5 2 1 4 4 4
2084.3 1364.8 -2.9 81 0 9.0 36.7 7.5 2.5 2 1 3 1 1
2127.0 1263.4 -6.2 176 0 26.0 11.3 10.0 2.5 2 0 4 5 5
2074.6 1204.8 -8.2 359 0 9.6 25.7 5.0 2.5 4 1 2 5 5
2074.4 1136.5 -12.4 90 0 39.2 35.6 12.5 0.0 0 0 5 4 4
2070.0 1329.8 -1.7 82 0 10.0 21.5 2.5 2.5 2 1 1 3 3
2104.2 1183.7 -10.2 0 0 16.3 31.9 10.0 0.0 0 1 4 1 1
2008.1 1371.9 -0.4 174 0 40.4 17.4 15.0 2.5 2 0 6 4 4
2089.1 1320.9 -2.6 352 0 13.2 10.0 5.0 2.5 2 0 2 5 5
2019.9 1337.8 -0.9 265 0 16.5 30.2 12.5 2.5 2 1 5 2 2
2071.5 1353.2 -1.8 82 0 16.3 14.5 10.0 2.5 2 0 4 5 5
2071.4 1298.3 -2.7 352 0 12.2 48.9 15.0 0.0 0 0 6 5 5
2030.4 1209.1 -7.0 82 0 7.4 82.2 7.5 2.5 2 0 3 0 0
4084.9 -2883.4 -49.4 238 0 29.5 36.9 10.5 0.0 0 1 3 3 3
3934.7 -3010.6 -50.1 268 0 30.6 90.9 10.5 0.0 0 1 3 3 3
4175.7 -2629.1 -53.6 49 0 77.8 133.0 14.0 0.0 0 1 4 3 3
6260.3 -3422.6 -45.8 347 0 27.3 19.5 17.5 0.0 0 0 5 5 5
6271.0 -3407.0 -46.3 79 0 20.6 36.5 17.5 0.0 0 1 5 2 2
6482.3 -3677.9 -47.9 82 0 13.0 29.0 7.5 2.5 2 1 3 4 4
6355.9 -4538.7 -53.6 172 0 62.9 25.1 10.0 2.5 2 0 4 0 0
4868.7 -3853.4 -43.4 256 0 9.4 36.3 10.5 3.5 2 1 3 0 0
5721.8 -3934.0 -45.4 271 0 14.1 36.2 17.5 0.0 0 1 5 5 5
5692.8 -3990.8 -45.1 159 0 14.1 22.9 17.5 3.5 2 1 5 2 2
4858.2 920.4 -22.0 357 0 20.9 38.4 14.0 0.0 0 1 4 1 1
4753.1 1004.1 -22.4 269 0 8.0 66.1 10.5 3.5 2 1 3 4 4
2033.5 1655.7 -21.5 238 0 21.8 32.1 10.0 0.0 0 1 4 3 3
1947.2 1793.3 -33.5 338 0 8.2 10.6 5.0 2.5 2 1 2 1 1
1933.7 1796.4 -34.9 26 0 14.8 14.9 12.5 2.5 4 1 5 5 5
1909.0 1827.6 -35.6 237 0 8.3 17.5 8.0 2.5 2 1 2 5 5
2000.9 1660.8 -23.7 55 0 22.3 26.5 12.5 0.0 0 1 5 5 5
-5124.6 -230.5 -33.4 180 0 10.0 28.0 7.5 0.0 0 1 3 5 5
-5826.0 140.6 -36.8 78 0 16.2 33.6 12.5 0.0 0 1 5 2 2
5449.2 -2747.1 -52.9 194 0 14.3 20.6 10.5 3.5 4 1 3 4 4
6704.6 -2504.9 -45.0 170 0 10.0 34.4 17.5 3.5 2 1 5 4 4
6680.7 -2364.0 -44.2 171 0 28.0 36.9 17.5 0.0 0 1 5 5 5
2874.4 -4784.8 -46.0 65 0 27.1 36.2 14.0 0.0 0 1 4 4 4
2778.9 -5111.4 -48.2 247 0 120.0 46.2 7.5 0.0 0 0 3 1 1
2787.0 -5203.3 -49.0 67 0 65.3 30.7 12.5 0.0 0 0 5 5 5
2127.6 -5209.0 -43.4 352 1 13.9 13.6 14.0 3.5 2 0 4 1 1
2098.5 -5207.3 -44.2 270 0 9.8 10.0 10.5 3.5 2 1 3 2 2
6014.6 -2795.3 -50.7 2 0 27.1 93.7 17.5 0.0 0 1 5 3 3
5907.9 -2663.4 -50.6 173 0 18.2 38.1 17.5 3.5 2 1 5 1 1
5899.2 -2685.0 -50.2 182 0 15.6 34.6 17.5 3.5 2 1 5 5 5
5790.5 -2609.5 -53.9 281 0 34.4 16.3 17.5 3.5 2 0 5 0 0
5880.7 -2448.3 -53.8 2 0 17.0 39.5 17.5 0.0 0 1 5 1 1
5405.7 -3651.7 -45.2 263 0 9.5 23.2 10.5 3.5 2 1 3 1 1
5432.9 -3736.1 -45.0 87 0 18.2 32.8 14.0 3.5 2 1 4 5 5
5333.3 -3767.4 -44.4 173 0 19.1 40.9 14.0 3.5 2 1 4 4 4
-218.5 -6371.5 -42.9 358 0 65.4 37.6 10.0 0.0 0 0 4 0 0
-2087.7 -364.1 -47.6 275 0 15.2 22.5 10.0 2.5 2 1 4 3 3
91.2 -1479.4 -40.0 134 0 11.6 12.2 5.0 2.5 4 1 2 0 0
6418.9 2665.0 -28.9 177 0 70.7 85.7 12.5 0.0 0 1 5 3 3
3619.9 3513.1 -26.9 175 0 86.7 50.8 15.0 0.0 0 0 6 2 2
6533.9 -3294.1 -48.0 149 0 13.1 22.1 14.0 3.5 2 1 4 4 4
5793.4 -2733.7 -50.1 291 0 16.5 25.8 14.0 3.5 4 1 4 2 2
3556.6 2643.5 -1.8 178 0 16.6 86.7 12.5 2.5 4 1 5 1 1
3368.6 3025.9 5.1 306 0 19.9 28.5 12.5 0.0 0 1 5 1 1
6368.1 -3234.3 -47.6 354 0 17.5 17.0 10.0 0.0 0 0 4 4 4
6365.9 -3212.6 -47.7 354 0 17.5 17.0 7.5 2.5 4 0 3 2 2
6363.4 -3190.9 -47.5 354 0 17.5 17.0 7.5 2.5 2 0 3 0 0
2575.7 -4975.2 -43.8 146 0 21.5 14.5 14.0 3.5 2 0 4 2 2
1206.7 -5523.9 -46.1 45 0 36.6 48.5 10.0 0.0 0 1 4 3 3
622.6 -4151.1 -41.2 274 0 10.7 15.0 5.0 2.5 2 1 2 5 5
2833.9 -1942.0 -29.3 249 0 13.4 10.2 14.0 3.5 2 0 4 1 1
2661.3 -4896.9 -42.7 174 0 14.5 13.0 5.0 2.5 4 0 2 0 0
6287.2 -3432.3 -45.3 175 0 44.4 13.0 17.5 0.0 0 0 5 1 1
6289.9 -3385.7 -45.9 172 0 28.3 32.8 17.5 0.0 0 1 5 2 2
5934.0 -3821.5 -45.5 78 0 35.4 41.2 14.0 0.0 0 1 4 4 4
5903.0 -3814.0 -45.3 80 0 20.9 16.2 10.5 3.5 2 0 3 0 0
5901.5 -3837.5 -45.8 261 0 26.4 25.3 14.0 0.0 0 0 4 5 5
-368.1 -3853.8 -49.7 91 0 15.3 20.9 2.5 2.5 2 1 1 4 4
-6613.8 6657.1 -33.0 359 0 13.6 11.9 2.5 2.5 2 0 1 5 5
-6632.6 6737.4 -28.6 90 0 9.8 8.5 2.5 2.5 2 0 1 2 2
-6707.3 6756.9 -28.8 359 0 12.6 16.7 5.0 2.5 2 1 2 3 3
-6633.4 6675.1 -32.8 290 0 12.1 16.9 5.0 2.5 2 1 2 4 4
4202.7 -4049.9 -43.3 356 0 75.7 59.5 14.0 0.0 0 0 4 4 4
2317.4 6047.6 -34.0 112 0 44.2 30.7 12.5 0.0 0 0 5 2 2
2276.4 5979.0 -37.0 21 0 22.0 15.6 12.5 2.5 2 0 5 0 0
44.4 1254.8 -47.1 90 0 10.2 15.2 5.0 2.5 2 1 2 5 5
1737.3 -2396.6 -45.8 81 0 26.9 74.6 10.0 0.0 0 1 4 2 2
1738.8 -2413.7 -46.7 263 0 27.7 74.1 10.0 0.0 0 1 4 4 4
4007.3 -918.8 -52.3 257 0 21.0 21.3 10.5 3.5 4 1 3 1 1
4056.9 -958.5 -53.0 347 0 25.5 94.5 10.5 0.0 0 1 3 1 1
4073.5 -927.4 -51.5 86 0 61.5 42.0 10.5 0.0 0 0 3 4 4
5297.6 5245.9 -34.8 169 0 28.0 16.8 12.5 2.5 2 0 5 0 0
1722.2 -6106.9 -49.0 70 0 11.7 7.2 7.5 2.5 2 0 3 4 4
1711.0 -6091.1 -48.8 85 0 5.7 14.5 5.0 2.5 2 1 2 1 1
1718.7 -6058.0 -48.3 360 0 9.5 6.0 7.5 2.5 2 0 3 3 3
1715.8 -6041.6 -48.1 0 0 7.7 8.6 7.5 2.5 2 1 3 4 4
1706.2 -6044.4 -48.2 1 0 12.3 8.4 5.0 2.5 2 0 2 4 4
1693.4 -6031.0 -48.0 3 0 13.9 9.6 7.5 2.5 2 0 3 3 3
1684.0 -6045.1 -48.2 359 0 10.0 7.3 2.5 2.5 2 0 1 0 0
1682.7 -6074.3 -48.6 91 0 6.3 13.2 5.0 2.5 2 1 2 2 2
1654.8 -6109.4 -49.2 94 0 6.1 6.5 2.5 2.5 2 1 1 1 1
1634.7 -6112.5 -49.3 91 0 10.7 13.0 5.0 2.5 2 1 2 1 1
1615.7 -6127.4 -49.5 89 0 6.8 14.8 2.5 2.5 2 1 1 5 5
1605.6 -6099.4 -49.2 181 0 9.5 11.1 5.0 2.5 2 1 2 2 2
1592.4 -6085.6 -49.0 180 0 11.6 9.1 5.0 2.5 2 0 2 2 2
1595.1 -6133.4 -49.7 91 0 7.6 14.2 5.0 2.5 2 1 2 2 2
1650.6 -6072.1 -48.6 89 0 10.9 11.9 7.5 0.0 0 1 3 2 2
1640.4 -6044.5 -48.3 173 0 7.0 8.2 7.5 2.5 2 1 3 1 1
1670.5 -5981.9 -47.3 340 0 8.4 6.7 7.5 2.5 4 0 3 4 4
1629.3 -6010.7 -47.8 159 0 6.9 9.5 7.5 2.5 2 1 3 4 4
1608.6 -6015.5 -48.0 167 0 11.2 8.8 2.5 2.5 4 0 1 3 3
1661.0 -5940.1 -46.8 265 0 9.0 8.5 5.0 2.5 4 0 2 4 4
1634.0 -5935.7 -46.8 265 0 7.7 12.3 5.0 2.5 2 1 2 5 5
1614.7 -5933.6 -46.9 266 0 7.8 13.0 7.5 2.5 2 1 3 0 0
1689.2 -5955.0 -46.9 358 0 8.2 5.5 2.5 2.5 2 0 1 0 0
1692.3 -5909.1 -46.8 271 0 5.4 10.8 5.0 2.5 2 1 2 5 5
1629.8 -5905.0 -46.6 271 0 8.1 4.7 2.5 2.5 2 0 1 2 2
-3382.0 2348.8 6.2 92 0 14.6 16.2 7.5 2.5 4 1 3 3 3
-3378.6 2408.2 8.7 184 0 14.8 10.4 7.5 2.5 2 0 3 1 1
-3457.2 2414.3 -6.3 0 0 13.6 9.7 7.5 2.5 2 0 3 5 5
-3572.3 2509.6 12.9 92 0 9.8 12.9 7.5 2.5 2 1 3 4 4
-3408.2 2255.4 -11.8 93 0 7.2 8.4 7.5 2.5 2 1 3 4 4
-3365.1 2155.2 -24.0 90 0 11.1 10.2 7.5 2.5 2 0 3 1 1
-3461.6 2221.4 -28.3 97 0 15.7 14.6 7.5 2.5 2 0 3 0 0
-3337.6 2063.3 -30.5 89 0 13.2 14.1 5.0 2.5 2 1 2 5 5
-3346.0 2414.6 12.0 2 0 15.8 13.9 7.5 2.5 2 0 3 2 2
-3360.5 2461.6 11.2 1 0 9.5 10.5 7.5 2.5 2 1 3 3 3
-3428.8 2466.3 4.5 2 0 9.5 12.9 7.5 0.0 0 1 3 0 0
-3417.5 2502.7 15.5 179 0 11.3 9.2 7.5 2.5 2 0 3 3 3
-3463.8 2475.1 6.2 184 0 7.9 11.4 7.5 2.5 2 1 3 2 2
-3276.5 2030.7 -34.4 180 0 16.6 16.3 10.0 2.5 2 0 4 4 4
-3348.9 2505.8 18.9 268 0 10.6 11.5 5.0 2.5 2 1 2 5 5
-3368.3 2258.6 -2.6 91 0 9.5 9.6 7.5 2.5 2 1 3 2 2
-3502.3 2113.3 -30.2 21 0 27.2 19.5 10.0 2.5 2 0 4 0 0
-6896.5 5935.2 -17.7 282 0 7.3 18.8 5.0 2.5 2 1 2 4 4
-6887.0 5929.2 -17.0 283 0 9.9 12.7 7.5 2.5 2 1 3 2 2
-6876.9 6427.3 -31.5 0 0 9.5 12.2 7.5 2.5 2 1 3 4 4
-6735.2 6455.9 -36.3 271 0 9.6 18.4 7.5 2.5 2 1 3 4 4
-6651.5 6300.7 -29.1 89 0 8.0 15.5 5.0 2.5 2 1 2 3 3
-6667.2 6170.5 -25.2 182 0 9.5 23.8 7.5 2.5 2 1 3 3 3
-6725.4 5388.7 33.1 81 0 9.6 9.5 2.5 2.5 4 0 1 0 0
-6837.4 6473.2 -32.7 192 0 7.0 7.8 7.5 2.5 2 1 3 2 2
-6625.6 6610.9 -35.2 130 0 9.7 8.4 5.0 0.0 0 0 2 5 5
-2378.5 4846.5 -14.8 86 0 6.1 11.4 7.5 2.5 2 1 3 1 1
-2351.9 5238.4 -33.4 340 0 6.5 10.1 5.0 2.5 2 1 2 2 2
-2357.3 5087.9 -32.1 199 0 8.9 15.1 5.0 2.5 2 1 2 4 4
-2199.5 5176.1 -34.3 184 0 8.5 9.0 7.5 2.5 2 1 3 0 0
-2225.8 5002.9 -21.5 2 0 11.3 7.6 5.0 2.5 2 0 2 0 0
-2255.6 4990.2 -21.2 174 0 11.5 10.8 5.0 2.5 2 0 2 1 1
-2238.2 5074.5 -28.1 357 0 10.1 11.2 5.0 2.5 2 1 2 4 4
-2237.3 4924.7 -8.7 93 0 11.6 8.8 2.5 2.5 2 0 1 4 4
-2210.5 4947.2 -15.0 3 0 9.0 11.6 5.0 2.5 2 1 2 0 0
-1934.8 4964.9 -2.1 183 0 9.9 13.9 7.5 2.5 2 1 3 5 5
-2360.0 4573.7 -12.8 268 0 14.3 11.6 2.5 2.5 2 0 1 0 0
-2301.7 4516.2 -14.2 5 0 7.3 12.6 7.5 0.0 0 1 3 1 1
-2296.7 4527.3 -14.2 357 0 4.7 12.1 7.5 2.5 2 1 3 5 5
-2308.9 4584.2 -13.6 357 0 8.1 7.7 2.5 2.5 4 0 1 5 5
-2210.5 4562.6 -15.7 263 0 10.2 7.8 5.0 2.5 2 0 2 1 1
-1988.6 4312.1 -17.8 0 0 6.9 11.2 5.0 2.5 2 1 2 5 5
-2265.3 4303.7 -18.1 169 0 11.8 8.2 5.0 2.5 2 0 2 3 3
-2238.0 4316.5 -18.2 356 0 7.8 8.8 5.0 2.5 2 1 2 0 0
-2327.6 4226.4 -18.0 268 0 10.3 11.7 5.0 2.5 2 1 2 1 1
-2187.9 4139.3 -15.5 228 0 5.0 5.5 7.5 2.5 2 1 3 4 4
-2185.3 4148.0 -16.3 201 0 6.8 8.0 7.5 2.5 2 1 3 5 5
-2165.6 4093.5 -18.7 123 0 9.6 8.6 7.5 2.5 2 0 3 5 5
-2156.5 4128.7 -17.3 273 0 9.3 12.3 2.5 2.5 2 1 1 3 3
-2105.5 4108.2 -20.9 14 0 15.1 8.0 7.5 2.5 2 0 3 5 5
-2081.1 4046.2 -24.8 90 0 7.8 12.7 5.0 2.5 2 1 2 0 0
-2022.8 4095.8 -19.6 270 0 8.9 6.6 7.5 2.5 2 0 3 5 5
-2001.0 4180.8 -18.5 92 0 4.8 9.7 5.0 2.5 2 1 2 5 5
-2046.8 4228.4 -20.9 183 0 9.7 9.8 5.0 2.5 2 1 2 1 1
4161.0 -5286.6 -55.0 261 0 6.9 7.7 10.5 3.5 2 1 3 0 0
4180.1 -5292.7 -55.0 349 0 9.7 7.8 10.5 3.5 4 0 3 3 3
4246.2 -5265.8 -54.1 254 0 12.6 10.7 14.0 3.5 2 0 4 5 5
1490.8 -1745.8 -41.7 0 0 15.1 13.3 7.5 2.5 2 0 3 2 2
893.1 -1244.2 -19.8 344 0 18.0 15.1 10.0 2.5 2 0 4 0 0
898.2 -1231.2 -18.6 75 0 16.5 14.9 7.5 2.5 2 0 3 0 0
899.2 -1264.8 -20.0 345 0 12.5 16.3 7.5 2.5 2 0 3 0 0
887.0 -1280.9 -20.1 162 0 13.6 16.2 5.0 2.5 2 0 2 0 0
900.3 -1307.9 -20.5 89 0 14.7 12.4 7.5 2.5 2 0 3 1 1
915.8 -1287.8 -18.7 155 0 14.9 14.5 10.0 2.5 2 0 4 2 2
910.3 -1274.8 -18.7 159 0 12.3 13.4 2.5 2.5 2 0 1 4 4
906.5 -1263.6 -18.6 164 0 11.7 12.6 5.0 2.5 2 0 2 0 0
902.4 -1251.5 -18.5 160 0 13.8 13.1 5.0 2.5 2 0 2 4 4
3025.6 -1789.8 -40.3 65 0 9.2 39.4 7.5 2.5 2 1 3 1 1
3165.5 -1921.8 -36.5 259 1 13.8 11.8 14.0 3.5 2 0 4 2 2
1233.7 -3638.5 -45.7 87 0 8.3 6.9 5.0 2.5 2 0 2 3 3
1212.4 -3654.2 -46.4 92 0 6.7 12.0 7.5 2.5 2 1 3 3 3
1188.3 -3697.2 -45.9 94 0 6.3 9.0 5.0 2.5 2 1 2 3 3
1322.6 -3691.8 -44.4 285 0 9.0 15.0 2.5 2.5 2 1 1 5 5
1426.9 -3635.6 -41.5 71 0 11.5 10.2 2.5 2.5 2 0 1 3 3
1276.0 -3739.2 -43.4 180 0 7.2 12.1 5.0 2.5 2 1 2 3 3
1149.4 -3523.0 -38.6 154 0 8.6 9.7 5.0 0.0 0 1 2 2 2
1158.7 -3457.3 -33.6 91 0 10.1 17.1 2.5 2.5 4 1 1 0 0
1173.2 -3523.5 -38.6 344 0 5.6 5.5 7.5 2.5 2 0 3 3 3
1202.8 -3449.1 -33.4 189 0 13.6 7.7 7.5 2.5 2 0 3 5 5
1258.8 -3516.7 -38.1 1 0 12.1 12.4 5.0 2.5 2 1 2 0 0
1269.7 -3486.2 -35.9 359 0 13.5 10.1 7.5 2.5 2 0 3 4 4
1269.5 -3558.5 -41.0 180 0 9.9 5.6 7.5 2.5 2 0 3 0 0
1219.4 -3547.4 -40.3 180 0 10.3 13.0 7.5 2.5 2 1 3 5 5
1341.4 -3551.8 -39.9 86 0 14.4 6.4 5.0 2.5 2 0 2 5 5
1283.7 -3528.5 -38.7 181 0 7.2 17.1 5.0 2.5 2 1 2 4 4
1332.3 -3496.6 -36.5 270 0 6.8 7.8 2.5 2.5 2 1 1 0 0
1336.8 -3455.2 -34.0 271 0 6.0 15.0 2.5 2.5 2 1 1 5 5
1399.7 -3558.2 -38.8 1 0 14.6 14.3 7.5 2.5 2 0 3 4 4
1363.0 -3561.0 -39.3 89 0 7.5 15.2 2.5 2.5 2 1 1 0 0
1376.0 -3567.0 -39.0 90 0 9.9 10.8 5.0 2.5 2 1 2 5 5
1348.5 -3495.6 -36.3 271 0 6.6 7.2 5.0 0.0 0 1 2 0 0
1290.9 -3482.7 -35.3 178 0 7.1 7.6 7.5 2.5 2 1 3 2 2
1544.4 -3704.0 -42.9 89 0 10.6 11.3 2.5 2.5 4 1 1 4 4
1544.8 -3650.9 -41.4 358 0 9.3 4.9 5.0 2.5 2 0 2 0 0
1545.5 -3612.4 -40.5 276 0 6.9 10.6 5.0 2.5 2 1 2 2 2
1574.5 -3632.7 -41.1 88 0 11.0 9.7 5.0 2.5 2 0 2 5 5
1482.7 -3597.8 -38.6 179 0 7.9 10.0 5.0 2.5 2 1 2 2 2
1427.1 -3580.1 -39.1 163 0 6.9 10.2 7.5 2.5 2 1 3 4 4
1468.7 -3470.4 -34.5 180 0 9.2 12.1 5.0 2.5 2 1 2 0 0
1569.3 -3528.9 -38.3 268 0 14.1 12.9 5.0 2.5 4 0 2 2 2
1554.8 -3565.8 -39.0 0 0 12.3 8.8 5.0 2.5 2 0 2 3 3
1449.7 -3568.9 -38.2 248 0 6.7 5.8 5.0 2.5 2 0 2 3 3
1627.9 -3633.9 -41.8 269 0 10.3 5.7 2.5 2.5 4 0 1 3 3
1645.8 -3530.9 -40.1 79 0 9.0 11.3 2.5 2.5 2 1 1 5 5
1670.5 -3585.0 -42.3 87 0 14.1 11.9 10.0 2.5 4 0 4 0 0
1656.8 -3480.3 -38.4 266 0 10.6 10.5 7.5 2.5 2 0 3 3 3
1623.0 -3532.2 -40.0 178 0 9.5 9.8 2.5 0.0 0 1 1 1 1
1621.3 -3507.1 -39.2 176 0 10.0 14.1 5.0 2.5 4 1 2 4 4
1592.7 -3540.6 -38.9 179 0 10.0 13.4 5.0 2.5 2 1 2 1 1
1625.4 -3482.5 -38.4 270 0 12.0 9.4 2.5 2.5 2 0 1 1 1
1601.5 -3444.7 -36.6 271 0 13.9 9.7 2.5 2.5 2 0 1 5 5
1580.5 -3515.1 -38.2 180 0 24.2 8.9 7.5 2.5 2 0 3 3 3
1710.8 -3563.3 -42.3 2 0 14.5 12.5 7.5 2.5 2 0 3 4 4
1718.1 -3483.4 -39.3 355 0 11.1 12.7 7.5 2.5 2 1 3 2 2
1710.4 -3534.5 -41.0 2 0 7.5 10.5 2.5 2.5 2 1 1 5 5
1588.0 -3450.3 -37.0 271 0 8.6 14.1 5.0 0.0 0 1 2 1 1
1165.0 -3302.9 -35.9 272 0 13.5 12.3 2.5 2.5 2 0 1 2 2
1204.9 -3307.3 -35.6 252 0 13.9 7.0 7.5 2.5 2 0 3 5 5
1270.8 -3375.2 -34.3 3 0 14.2 15.0 2.5 2.5 2 1 1 5 5
1228.7 -3372.6 -34.4 181 0 8.9 6.5 5.0 2.5 2 0 2 5 5
1351.3 -3412.0 -33.1 90 0 8.3 9.3 5.0 2.5 2 1 2 2 2
1305.2 -3336.2 -34.7 94 0 10.2 10.1 7.5 2.5 2 0 3 0 0
1304.0 -3410.6 -33.3 174 0 9.5 7.2 7.5 2.5 2 0 3 4 4
1357.9 -3393.1 -33.2 237 0 8.3 5.6 5.0 2.5 2 0 2 4 4
1302.9 -3378.2 -33.8 269 0 9.2 10.8 5.0 2.5 2 1 2 1 1
1334.3 -3438.7 -33.0 1 0 7.9 7.3 5.0 2.5 2 0 2 0 0
1316.0 -3438.8 -33.1 89 0 6.8 7.5 7.5 2.5 2 1 3 0 0
1360.4 -3306.9 -34.7 271 0 7.4 9.3 7.5 2.5 2 1 3 0 0
1409.6 -3374.2 -33.3 338 0 7.3 11.7 5.0 2.5 2 1 2 4 4
1390.5 -3352.0 -33.8 319 0 8.4 7.7 2.5 2.5 2 0 1 4 4
1320.8 -3399.9 -33.3 267 0 8.4 5.6 2.5 2.5 2 0 1 3 3
28.6 721.3 -39.5 87 0 10.3 14.5 5.0 0.0 0 1 2 4 4
48.8 775.8 -42.6 359 0 11.3 10.9 7.5 2.5 2 0 3 4 4
-26.1 887.5 -38.4 267 0 10.2 21.8 2.5 2.5 4 1 1 0 0
-110.0 773.2 -25.4 90 0 10.0 10.0 2.5 2.5 2 0 1 2 2
-66.8 770.4 -29.4 356 0 12.1 8.9 7.5 2.5 2 0 3 1 1
-125.2 866.9 -27.2 358 0 9.1 12.5 5.0 2.5 2 1 2 5 5
-158.5 910.8 -29.3 265 0 10.5 8.5 5.0 2.5 2 0 2 5 5
93.9 1290.0 -45.9 76 0 25.8 9.9 7.5 2.5 2 0 3 5 5
135.7 1306.0 -45.5 345 0 9.9 31.6 7.5 2.5 2 0 3 2 2
87.5 1273.0 -45.8 76 0 10.9 11.8 7.5 2.5 2 1 3 1 1
-2237.3 -6182.9 -55.1 176 0 15.6 12.4 5.0 2.5 2 0 2 3 3
-2254.9 -6163.2 -55.2 177 0 14.6 17.5 7.5 2.5 2 1 3 5 5
-2288.5 -6101.8 -55.5 158 0 13.8 26.9 7.5 2.5 2 1 3 4 4
-2292.1 -6084.9 -55.3 177 0 11.7 12.7 7.5 2.5 2 1 3 1 1
-654.0 2639.2 -26.0 184 0 6.9 8.6 7.5 2.5 2 1 3 1 1
-589.7 2607.8 -20.1 268 0 7.6 6.7 5.0 2.5 2 0 2 1 1
-584.4 2557.6 -19.6 86 0 6.9 7.4 2.5 2.5 2 1 1 1 1
-618.2 2602.7 -22.5 184 0 8.2 8.8 2.5 2.5 4 1 1 4 4
-614.2 2564.3 -22.3 94 0 4.4 7.3 2.5 2.5 2 1 1 2 2
-616.2 2551.7 -22.3 173 0 6.7 15.4 7.5 2.5 2 1 3 1 1
-633.6 2614.3 -24.1 173 0 7.8 7.2 7.5 2.5 2 0 3 0 0
-563.4 2635.1 -17.6 271 0 8.1 8.1 5.0 2.5 2 1 2 1 1
-552.3 2661.7 -16.4 265 0 7.4 10.3 5.0 2.5 2 1 2 5 5
-557.2 2582.7 -16.8 92 0 5.4 9.1 2.5 2.5 2 1 1 4 4
-582.2 2586.3 -19.4 88 0 7.1 10.3 5.0 2.5 2 1 2 0 0
-509.7 2599.9 -15.9 359 0 8.4 7.2 7.5 2.5 2 0 3 4 4
-456.6 2694.2 -10.7 182 0 8.1 13.0 5.0 2.5 4 1 2 3 3
-462.6 2689.8 -11.0 270 0 6.3 12.7 7.5 0.0 0 1 3 5 5
-473.2 2638.8 -13.3 92 0 4.9 10.3 5.0 2.5 2 1 2 4 4
-431.3 2737.7 -10.1 175 0 7.7 11.7 5.0 2.5 4 1 2 0 0
-412.7 2664.1 -14.2 89 0 8.5 10.7 7.5 2.5 2 1 3 2 2
-395.1 2733.7 -12.3 356 0 10.6 7.2 2.5 2.5 2 0 1 5 5
-393.4 2749.6 -11.6 0 0 8.0 11.5 5.0 2.5 2 1 2 0 0
-369.9 2706.2 -15.5 353 0 6.7 6.3 2.5 2.5 2 0 1 2 2
-365.8 2814.6 -10.9 272 0 8.4 6.3 2.5 2.5 4 0 1 0 0
-398.9 2797.7 -9.0 182 0 6.5 5.3 5.0 2.5 2 0 2 1 1
-411.3 2817.6 -9.4 152 0 5.8 10.3 5.0 2.5 2 1 2 5 5
-491.1 2688.2 -10.5 270 0 8.1 10.3 2.5 0.0 0 1 1 4 4
-501.1 2834.0 -18.6 359 0 6.7 8.9 2.5 2.5 2 1 1 3 3
-352.1 2601.7 -22.4 271 0 11.5 9.9 7.5 2.5 2 0 3 2 2
-321.9 2650.5 -22.6 180 0 11.3 9.8 5.0 2.5 2 0 2 2 2
-270.2 2665.3 -25.7 270 0 9.8 10.7 7.5 0.0 0 1 3 1 1
-272.2 2695.2 -24.0 271 0 7.9 9.1 5.0 2.5 2 1 2 5 5
-228.3 2676.0 -28.3 277 0 7.1 10.7 7.5 2.5 2 1 3 5 5
-132.0 2716.7 -30.7 267 0 7.2 14.9 7.5 2.5 2 1 3 1 1
-152.9 2668.2 -31.3 189 0 10.2 8.9 7.5 2.5 2 0 3 0 0
-152.7 2573.6 -32.9 87 0 8.2 9.4 2.5 0.0 0 1 1 2 2
-97.1 2694.2 -31.2 0 0 13.2 7.4 5.0 2.5 2 0 2 4 4
-332.7 2795.6 -14.3 97 0 7.2 7.3 2.5 2.5 4 1 1 0 0
-320.5 2836.8 -13.4 273 0 8.1 7.1 5.0 2.5 2 0 2 1 1
-295.2 2829.3 -15.8 268 0 4.0 7.7 7.5 2.5 2 1 3 2 2
-342.9 2781.2 -14.2 92 0 6.6 7.5 7.5 2.5 2 0 3 3 3
-129.8 2607.5 -32.5 354 0 6.1 8.8 5.0 0.0 0 1 2 3 3
-97.4 2580.8 -33.3 268 0 7.9 9.1 7.5 2.5 2 1 3 2 2
-95.8 2587.3 -33.2 180 0 10.1 10.5 5.0 2.5 2 1 2 4 4
-201.3 2808.4 -24.0 114 0 9.5 11.8 5.0 0.0 0 1 2 5 5
-165.9 2842.5 -25.5 268 0 7.0 10.2 7.5 2.5 2 1 3 2 2
-223.7 2803.0 -22.5 89 0 11.1 11.4 7.5 2.5 2 1 3 5 5
-124.2 2846.2 -28.3 269 0 14.0 6.7 7.5 2.5 2 0 3 4 4
-91.7 2827.7 -28.8 6 0 9.3 4.5 5.0 2.5 2 0 2 1 1
-181.0 2844.0 -24.0 266 0 4.8 6.5 2.5 2.5 4 1 1 4 4
-3709.6 6689.5 -29.5 359 0 18.8 14.4 10.0 2.5 4 0 4 4 4
-3783.5 6663.4 -33.7 357 0 10.9 9.3 7.5 2.5 2 0 3 2 2
-3690.3 6824.6 -24.0 0 0 8.3 8.9 5.0 2.5 2 1 2 2 2
-3762.0 6701.5 -30.2 357 0 11.4 9.5 5.0 0.0 0 0 2 3 3
-3568.8 6825.2 -27.7 1 0 14.0 13.3 5.0 2.5 2 0 2 1 1
-3922.4 6785.0 -36.7 323 0 34.9 9.7 7.5 2.5 2 0 3 0 0
-3927.2 6749.2 -39.1 23 0 9.4 12.0 5.0 2.5 2 1 2 2 2
-4101.8 6568.0 -29.4 1 1 15.5 14.3 10.0 2.5 2 0 4 1 1
-4184.0 6520.9 -27.9 268 0 7.5 10.5 5.0 0.0 0 1 2 1 1
-4188.6 6613.0 -35.4 90 0 15.1 16.2 7.5 2.5 2 1 3 5 5
-4082.7 6614.9 -32.5 186 0 8.2 9.0 7.5 0.0 0 1 3 5 5
-4077.7 6670.2 -35.6 360 0 12.7 12.2 5.0 2.5 4 0 2 5 5
-3989.7 6597.4 -36.2 356 0 10.9 10.0 7.5 2.5 2 0 3 3 3
-718.8 -2854.9 -39.4 94 0 12.2 8.5 5.0 2.5 2 0 2 2 2
2344.8 1281.9 -14.9 352 0 12.1 30.0 10.0 0.0 0 1 4 2 2
4518.1 2768.4 4.0 267 0 37.4 19.8 12.5 2.5 2 0 5 1 1
6829.2 -3202.8 -45.4 265 0 8.9 13.5 10.5 3.5 4 1 3 5 5
5855.1 -3397.2 -48.1 268 0 30.4 29.9 7.5 0.0 0 0 3 5 5
5608.0 -3544.5 -42.5 0 0 33.4 36.4 17.5 0.0 0 1 5 2 2
4749.1 1512.6 -14.4 109 0 11.7 19.4 7.5 2.5 2 1 3 3 3
3064.8 -4500.9 -42.4 84 0 25.3 15.9 14.0 3.5 2 0 4 3 3
3594.1 -3026.3 -45.3 359 0 11.7 18.0 7.5 2.5 2 1 3 3 3
6056.7 -2278.4 -48.1 256 0 29.0 16.1 14.0 3.5 2 0 4 2 2
3969.5 -4651.1 -43.8 357 0 16.0 17.2 14.0 3.5 4 1 4 2 2
3938.2 -2986.8 -49.3 261 0 21.2 15.1 10.5 3.5 2 0 3 3 3
6075.7 -3478.9 -46.9 90 0 13.7 22.5 17.5 3.5 2 1 5 4 4
6347.9 -3090.1 -47.1 341 0 16.1 16.4 17.5 0.0 0 1 5 0 0
5997.7 -2337.8 -47.8 187 0 23.0 16.8 14.0 3.5 4 0 4 1 1
5031.1 -3721.3 -42.2 89 0 10.0 22.9 10.5 3.5 4 1 3 5 5
6373.4 -4298.8 -48.5 184 0 15.9 15.6 17.5 3.5 2 0 5 4 4
2693.3 1708.0 -16.2 28 0 10.9 33.6 7.5 0.0 0 1 3 0 0
2801.5 -4718.5 -41.8 334 0 7.2 30.5 3.5 3.5 2 1 1 2 2
2899.3 -4620.5 -44.8 79 0 10.7 19.8 5.0 0.0 0 1 2 1 1
-5213.8 -471.4 -33.0 151 0 17.6 34.4 15.0 0.0 0 1 6 4 4
6357.9 -4585.3 -53.9 346 0 14.0 33.1 10.0 2.5 2 1 4 1 1
6321.3 -4570.4 -53.3 169 0 23.4 33.8 15.0 0.0 0 1 6 2 2
