1480.4 -4162.3 -320.8 208 0 21.9 82.4 7.5 0.0 0 1 3 5 5
1626.3 -4871.0 -333.4 115 0 27.3 19.0 10.5 3.5 2 0 3 3 3
3051.8 -6288.5 -352.1 53 0 13.3 29.8 7.5 2.5 2 1 3 3 3
3072.1 -6256.7 -352.2 325 0 29.1 15.6 7.5 2.5 2 0 3 4 4
4785.6 -6381.3 -110.3 348 0 11.6 12.1 7.5 0.0 0 1 3 0 0
3200.0 -6771.8 -339.7 88 0 32.9 10.1 12.5 2.5 2 0 5 0 0
3262.4 -6700.6 -335.6 358 0 8.5 12.7 3.5 0.0 0 1 1 0 0
3108.9 -6547.9 -329.6 339 0 9.8 5.7 10.5 2.5 2 0 3 2 2
3259.5 -6679.4 -335.0 357 0 32.0 6.9 3.5 2.5 2 0 1 1 1
3209.7 -6709.2 -337.5 268 0 11.0 26.5 10.0 2.5 2 1 4 1 1
2633.2 -4463.2 -341.9 82 0 15.8 31.7 10.0 2.5 2 1 4 4 4
1193.7 -5219.4 -347.7 290 0 14.2 28.8 14.0 3.5 2 1 4 5 5
2638.7 -4406.1 -343.0 269 0 12.0 6.0 7.5 2.5 2 0 3 4 4
2557.0 -5494.2 -350.9 186 0 7.6 10.3 7.5 2.5 2 1 3 4 4
1434.9 -4715.2 -338.3 168 0 10.0 15.1 14.0 3.5 4 1 4 3 3
6454.9 -4917.5 -330.7 78 0 14.4 7.7 5.0 2.5 2 0 2 0 0
6438.7 -4921.4 -330.6 78 0 13.2 7.7 7.5 2.5 2 0 3 2 2
6418.5 -4916.2 -331.6 84 0 10.7 19.6 2.5 0.0 0 1 1 1 1
3089.3 -6571.5 -328.6 2 0 21.0 14.3 17.5 0.0 0 0 7 2 2
1080.6 -3714.5 -243.1 356 0 8.5 17.6 7.5 2.5 4 1 3 0 0
1442.2 -4335.3 -326.7 167 0 10.6 38.2 10.0 2.5 2 1 4 0 0
3376.3 -6290.7 -336.8 175 0 13.1 23.1 10.0 2.5 2 1 4 1 1
2882.5 -6543.0 -334.9 196 0 12.5 21.3 12.5 2.5 2 1 5 3 3
3154.3 -6580.5 -328.7 166 0 14.1 28.2 17.5 0.0 0 1 7 5 5
3257.4 -6719.2 -337.1 358 0 27.5 11.2 10.0 2.5 2 0 4 4 4
3077.8 -6573.9 -328.4 359 0 20.2 11.3 7.5 2.5 2 0 3 3 3
3266.3 -6500.4 -328.4 289 0 9.6 41.9 7.5 2.5 2 1 3 0 0
3152.6 -4442.5 -318.5 314 0 15.3 13.7 5.0 2.5 2 0 2 0 0
2590.4 -4585.0 -340.5 167 0 12.4 10.3 2.5 0.0 0 0 1 3 3
3000.5 -4724.9 -339.3 244 0 12.9 8.6 7.5 2.5 2 0 3 4 4
2841.1 -6739.8 -327.6 304 0 8.4 8.2 7.5 2.5 2 0 3 4 4
2865.1 -6716.0 -328.9 173 0 7.7 6.7 5.0 2.5 2 0 2 0 0
3061.5 -6393.9 -343.1 334 0 6.6 8.1 5.0 2.5 4 1 2 5 5
4580.4 -6092.5 -186.8 89 0 10.5 17.8 5.0 2.5 2 1 2 4 4
4632.5 -5963.8 -191.5 87 0 16.3 12.3 7.5 2.5 2 0 3 4 4
4543.4 -5985.9 -211.6 85 0 11.4 13.8 5.0 2.5 2 1 2 1 1
4383.3 -6145.7 -230.7 311 0 9.6 27.4 7.5 2.5 4 1 3 5 5
3160.9 -6344.6 -342.1 241 0 9.4 16.5 5.0 2.5 2 1 2 1 1
2305.5 -3918.9 -310.4 258 0 16.9 15.8 5.0 2.5 2 0 2 2 2
1738.1 -5538.6 -340.2 3 0 10.3 5.8 5.0 2.5 2 0 2 3 3
3068.2 -6388.9 -343.2 137 0 7.4 8.0 5.0 2.5 2 1 2 0 0
3147.3 -6351.2 -342.5 176 0 10.0 16.1 2.5 2.5 2 1 1 4 4
3184.8 -6430.9 -336.2 318 0 13.6 22.1 12.5 2.5 2 1 5 2 2
3122.5 -6423.0 -339.0 264 0 23.5 15.6 10.0 0.0 0 0 4 1 1
3904.9 -5603.4 -224.6 316 0 8.4 18.5 5.0 0.0 0 1 2 4 4
3962.1 -5935.4 -308.3 333 0 10.7 12.5 5.0 0.0 0 1 2 3 3
4011.8 -5873.7 -298.3 174 0 16.0 15.8 12.5 2.5 2 0 5 1 1
3922.5 -5844.1 -298.5 247 0 23.6 18.9 15.0 0.0 0 0 6 5 5
3587.1 -6095.5 -340.0 268 0 18.2 19.3 10.0 2.5 4 1 4 5 5
3534.1 -6128.7 -340.7 358 0 9.4 14.0 7.5 2.5 2 1 3 0 0
3544.6 -4942.8 -266.4 177 0 24.6 17.6 10.0 2.5 4 0 4 4 4
3578.8 -4992.7 -262.2 357 0 20.2 16.2 10.0 2.5 2 0 4 2 2
3492.2 -4892.8 -276.8 264 0 23.0 12.1 10.0 2.5 2 0 4 0 0
3546.3 -5184.6 -282.3 257 0 16.2 19.5 12.5 2.5 2 1 5 4 4
3572.6 -5095.0 -270.7 265 0 13.1 12.3 5.0 2.5 4 0 2 4 4
3623.7 -5184.8 -266.5 268 0 16.9 8.5 5.0 2.5 2 0 2 4 4
3711.3 -5178.3 -252.3 341 0 11.5 25.4 12.5 2.5 2 1 5 4 4
2636.4 -6753.5 -333.4 45 0 14.9 14.0 2.5 2.5 2 0 1 4 4
4050.2 -6326.5 -301.1 283 0 6.8 11.6 7.5 2.5 2 1 3 0 0
4168.3 -6406.5 -284.4 270 0 9.5 10.8 7.5 2.5 2 1 3 3 3
4225.8 -6640.7 -284.2 331 0 6.2 9.8 2.5 2.5 2 1 1 3 3
4180.5 -6427.7 -287.2 61 0 15.0 11.4 5.0 2.5 2 0 2 0 0
3822.2 -6361.2 -338.7 353 0 33.6 21.5 12.5 0.0 0 0 5 5 5
3759.4 -6588.5 -336.1 114 0 22.4 13.2 7.5 2.5 2 0 3 3 3
2865.8 -6731.7 -329.5 216 0 8.5 9.5 5.0 0.0 0 1 2 2 2
2833.2 -6730.2 -326.5 25 0 7.6 9.3 7.5 2.5 2 1 3 2 2
2846.4 -6698.7 -326.7 35 0 4.8 6.7 5.0 0.0 0 1 2 5 5
2838.6 -6711.8 -326.4 21 0 5.6 5.9 2.5 2.5 2 1 1 0 0
2857.3 -6763.5 -329.5 127 0 7.5 12.8 2.5 2.5 2 1 1 2 2
2868.3 -6623.6 -328.1 5 0 15.8 18.6 10.0 0.0 0 1 4 0 0
2739.9 -6740.9 -329.7 358 0 14.1 17.0 5.0 2.5 2 1 2 2 2
2410.9 -3347.1 -284.2 190 0 6.8 6.7 7.5 2.5 2 0 3 1 1
2436.1 -3379.1 -282.4 352 0 12.4 11.2 5.0 2.5 2 0 2 5 5
2532.3 -3906.9 -330.1 351 0 10.7 14.0 7.5 2.5 2 1 3 5 5
2476.0 -4025.9 -325.5 60 0 8.9 7.4 2.5 2.5 2 0 1 5 5
2508.7 -4043.6 -328.4 253 0 6.4 10.1 7.5 2.5 2 1 3 0 0
2461.1 -4995.2 -337.9 173 0 6.3 8.7 5.0 0.0 0 1 2 4 4
2491.1 -5024.3 -338.9 15 0 6.1 6.5 7.5 2.5 2 1 3 5 5
3583.7 -5398.0 -263.6 327 0 33.4 13.2 7.5 2.5 2 0 3 2 2
3303.7 -5204.2 -328.9 358 0 6.7 6.0 2.5 2.5 2 0 1 1 1
3173.3 -5273.4 -337.8 320 0 10.2 11.6 5.0 2.5 2 1 2 0 0
3161.0 -5441.5 -315.3 166 0 11.1 9.9 2.5 0.0 0 0 1 2 2
3195.9 -5441.4 -311.6 265 0 10.2 10.3 7.5 2.5 2 1 3 4 4
3379.9 -5298.8 -304.1 132 0 7.4 12.7 7.5 2.5 2 1 3 2 2
3102.3 -6499.5 -334.4 171 0 9.6 6.6 7.5 2.5 2 0 3 5 5
2473.5 -4083.0 -325.2 90 0 7.9 6.4 5.0 0.0 0 0 2 1 1
2533.0 -4261.6 -335.9 92 0 11.0 7.6 2.5 2.5 4 0 1 5 5
1562.6 -4595.6 -322.6 0 0 11.7 13.7 10.5 3.5 2 1 3 3 3
1489.0 -4678.6 -338.6 327 0 24.0 12.1 14.0 3.5 2 0 4 5 5
1508.8 -4763.5 -335.6 338 0 25.2 10.8 14.0 3.5 2 0 4 3 3
1580.0 -4823.2 -332.5 244 0 15.6 9.8 10.5 3.5 2 0 3 5 5
1777.1 -5526.6 -332.1 358 0 14.8 12.3 5.0 2.5 2 0 2 1 1
1795.6 -5614.4 -339.3 323 0 10.6 10.6 5.0 2.5 2 0 2 1 1
1857.7 -5674.5 -335.0 204 0 11.2 13.0 5.0 2.5 2 1 2 0 0
2728.1 -5380.2 -347.2 133 0 9.4 8.9 7.5 2.5 2 0 3 5 5
2563.8 -5322.2 -339.2 305 0 12.8 16.6 5.0 2.5 2 1 2 3 3
2613.3 -5211.8 -339.9 93 0 14.2 18.2 12.5 2.5 2 1 5 0 0
2567.1 -5170.8 -338.4 295 0 15.8 15.1 2.5 2.5 2 0 1 2 2
2509.5 -4749.8 -342.6 74 0 23.7 17.6 12.5 2.5 2 0 5 1 1
2297.8 -4725.2 -329.8 270 0 15.1 12.4 5.0 2.5 2 0 2 0 0
1180.7 -4727.1 -333.9 228 0 16.2 10.4 10.5 3.5 2 0 3 1 1
1349.4 -4598.4 -334.0 293 0 18.6 14.3 14.0 3.5 2 0 4 0 0
1245.0 -5341.6 -351.7 13 0 27.6 12.2 10.5 3.5 2 0 3 2 2
1249.1 -5290.3 -351.2 285 0 14.1 29.4 10.5 3.5 2 1 3 2 2
1277.0 -5138.1 -344.2 66 0 8.0 9.0 5.0 2.5 2 1 2 4 4
1444.3 -5075.0 -350.1 155 0 16.2 18.4 10.5 3.5 2 1 3 3 3
1504.5 -5053.8 -350.2 49 0 18.4 17.3 10.5 3.5 4 0 3 4 4
1529.6 -5017.0 -348.4 22 0 16.7 16.9 10.5 3.5 2 1 3 3 3
1591.6 -4797.7 -327.7 156 0 11.5 14.5 10.5 0.0 0 1 3 2 2
1728.3 -4971.5 -330.3 26 0 11.8 13.3 14.0 3.5 2 1 4 0 0
1688.8 -5041.0 -340.0 186 0 15.9 12.2 14.0 3.5 2 0 4 5 5
2660.1 -5144.5 -343.8 237 0 9.4 8.0 5.0 2.5 2 0 2 1 1
2493.9 -3865.9 -327.7 239 0 5.1 9.8 5.0 2.5 2 1 2 2 2
2511.1 -3966.6 -328.2 27 0 14.4 13.0 2.5 2.5 4 0 1 2 2
2665.1 -5275.1 -342.4 287 0 6.9 11.7 7.5 2.5 2 1 3 0 0
2681.0 -5169.6 -344.7 79 0 8.5 8.0 7.5 0.0 0 0 3 5 5
2546.1 -5304.9 -340.8 307 0 13.1 20.2 10.0 2.5 2 1 4 2 2
2370.8 -5234.5 -342.7 69 0 9.6 8.1 5.0 2.5 2 0 2 2 2
-3714.5 -1707.1 348.1 329 0 6.6 10.0 7.5 2.5 2 1 3 0 0
5396.9 6144.8 -145.2 158 0 5.8 10.1 5.0 2.5 2 1 2 2 2
5722.6 6517.5 -114.3 95 0 7.9 8.7 5.0 2.5 4 1 2 3 3
5668.1 6464.6 -98.7 169 0 7.3 7.4 5.0 2.5 2 1 2 3 3
5591.9 6367.7 -116.3 44 0 6.3 10.0 7.5 2.5 4 1 3 5 5
5461.4 6373.8 -108.9 275 0 11.6 9.1 5.0 2.5 2 0 2 3 3
5463.1 6158.7 -154.0 271 0 8.7 6.3 7.5 2.5 2 0 3 3 3
5464.4 6088.5 -160.7 48 0 10.7 9.7 7.5 2.5 2 0 3 2 2
5031.8 -4035.4 -205.7 8 0 8.7 11.6 2.5 2.5 2 1 1 1 1
5044.1 -4002.2 -220.3 2 0 7.4 8.7 2.5 2.5 2 1 1 3 3
4973.8 -3985.5 -223.8 84 0 11.7 5.2 7.5 0.0 0 0 3 5 5
4991.7 -3980.9 -226.4 90 0 11.3 7.4 2.5 2.5 2 0 1 3 3
5047.7 -3907.4 -250.7 1 0 6.8 17.8 5.0 2.5 2 1 2 2 2
5090.6 -3749.0 -268.8 0 0 9.6 9.8 5.0 2.5 2 1 2 4 4
5195.8 -3673.4 -284.4 59 0 11.9 17.5 5.0 2.5 2 1 2 2 2
5232.3 -3646.4 -286.3 14 0 13.6 17.9 5.0 2.5 2 1 2 0 0
5199.9 -3609.0 -284.9 183 0 8.2 22.5 7.5 2.5 2 1 3 5 5
5248.2 -3655.4 -288.3 53 0 9.5 7.4 2.5 2.5 2 0 1 3 3
5213.8 -3639.1 -284.7 13 0 8.0 5.9 5.0 2.5 2 0 2 0 0
5267.5 -3605.6 -289.2 141 0 11.3 8.4 5.0 2.5 4 0 2 3 3
5282.4 -3620.6 -290.4 145 0 13.2 6.9 7.5 2.5 2 0 3 4 4
5295.5 -3645.6 -291.7 151 0 17.1 13.6 7.5 2.5 2 0 3 1 1
5315.6 -3684.5 -293.9 155 0 13.6 6.5 7.5 0.0 0 0 3 4 4
5323.6 -3736.1 -297.0 180 0 14.8 16.7 2.5 0.0 0 1 1 2 2
5293.7 -3831.4 -296.1 47 0 15.9 17.0 10.0 2.5 2 1 4 2 2
5402.4 -3770.3 -298.3 55 0 10.9 12.9 5.0 2.5 2 1 2 0 0
5425.9 -3679.0 -290.1 189 0 7.5 8.2 2.5 2.5 2 1 1 0 0
5468.5 -3680.5 -287.9 271 0 9.5 10.2 2.5 2.5 2 1 1 2 2
5468.6 -3602.4 -274.3 124 0 9.7 7.2 5.0 2.5 2 0 2 5 5
4916.8 -3843.6 -250.0 87 0 8.9 10.3 5.0 2.5 4 1 2 2 2
4917.4 -3815.8 -246.5 271 0 8.3 9.2 5.0 2.5 2 1 2 2 2
4968.9 -3851.3 -246.7 3 0 9.9 9.9 7.5 2.5 4 0 3 3 3
5129.2 -4694.5 -182.5 235 0 9.0 13.8 7.5 2.5 2 1 3 4 4
5411.1 -4480.6 -268.5 90 0 7.1 12.1 5.0 2.5 2 1 2 5 5
5400.9 -4250.7 -283.8 90 0 15.4 15.1 5.0 2.5 2 0 2 3 3
4994.7 -3876.1 -252.5 179 0 10.7 10.6 5.0 2.5 2 0 2 1 1
4953.1 -3872.5 -247.8 1 0 6.3 10.6 2.5 2.5 2 1 1 5 5
4988.7 -3860.1 -251.4 239 0 12.0 8.5 5.0 2.5 2 0 2 3 3
4937.0 -3856.8 -247.5 93 0 9.2 11.0 7.5 2.5 2 1 3 2 2
4911.6 -3865.2 -247.9 164 0 8.8 6.6 7.5 2.5 2 0 3 3 3
4863.3 -3773.5 -240.0 4 0 14.0 9.4 5.0 2.5 2 0 2 0 0
4893.5 -3615.5 -221.3 166 0 12.2 8.9 5.0 2.5 2 0 2 5 5
4920.0 -3633.8 -227.6 108 0 10.3 7.6 7.5 0.0 0 0 3 2 2
4974.4 -3619.5 -244.8 335 0 14.2 6.6 5.0 0.0 0 0 2 4 4
4959.8 -3651.5 -242.5 75 0 7.9 11.4 7.5 2.5 2 1 3 3 3
5068.4 -3675.2 -267.2 311 0 6.0 6.3 2.5 2.5 2 1 1 2 2
4370.7 -4238.1 4.6 28 0 7.7 4.2 2.5 2.5 2 0 1 5 5
4814.7 -4113.0 -151.1 250 0 6.7 11.5 5.0 2.5 2 1 2 0 0
4771.6 -4126.3 -140.6 188 0 8.3 13.2 7.5 2.5 2 1 3 0 0
4839.7 -3921.1 -229.8 359 0 8.3 13.8 2.5 2.5 2 1 1 5 5
4768.6 -3946.2 -213.0 89 0 11.1 7.6 5.0 2.5 2 0 2 5 5
4775.0 -3920.9 -216.5 270 0 11.8 8.1 5.0 2.5 2 0 2 3 3
4728.3 -3872.9 -210.5 284 0 7.5 11.7 5.0 2.5 2 1 2 2 2
5347.0 -3928.6 -293.9 140 0 8.7 5.9 7.5 0.0 0 0 3 4 4
5369.3 -3898.4 -298.6 331 0 5.1 6.3 5.0 2.5 2 1 2 5 5
4897.6 -3842.8 -250.6 153 0 6.6 9.0 5.0 2.5 2 1 2 5 5
4920.5 -3914.5 -239.2 274 0 9.6 5.2 7.5 2.5 2 0 3 1 1
4897.9 -4121.2 -159.9 242 0 9.3 10.0 2.5 2.5 2 1 1 0 0
5528.8 -4725.3 -299.8 80 0 11.7 9.7 2.5 2.5 2 0 1 1 1
5433.6 -4694.5 -269.6 135 0 9.1 13.2 5.0 2.5 2 1 2 4 4
5543.3 -4625.7 -301.2 273 0 7.3 11.1 5.0 2.5 2 1 2 5 5
3519.1 -5947.5 -326.8 90 0 14.4 23.3 12.5 2.5 2 1 5 3 3
3739.8 -5117.1 -238.1 359 0 13.5 16.6 5.0 2.5 2 1 2 0 0
702.6 -4640.9 -289.9 2 0 9.6 8.6 10.5 3.5 2 0 3 1 1
454.6 -4487.6 -237.6 357 0 6.2 6.1 5.0 2.5 2 0 2 0 0
6355.3 5071.3 -287.9 125 0 11.4 26.0 15.0 0.0 0 1 6 1 1
