-5985.6 6432.3 -14.0 170 0 115.0 23.1 7.5 0.0 0 0 3 0 0
-5944.5 6463.0 -12.7 166 0 60.9 19.2 12.5 2.5 2 0 5 3 3
-6366.1 5167.8 1.1 107 0 23.8 33.9 7.5 0.0 0 1 3 4 4
-6312.9 5987.2 0.1 120 0 34.8 39.7 10.0 0.0 0 1 4 4 4
-6322.3 5128.9 1.9 221 0 11.1 14.1 5.0 2.5 2 1 2 5 5
-6268.4 5050.3 1.4 275 0 36.5 14.7 7.5 2.5 2 0 3 0 0
-6292.5 5968.2 -0.2 119 0 15.3 20.5 7.5 2.5 2 1 3 0 0
-6229.2 5387.3 -1.9 180 0 18.4 9.9 7.5 2.5 2 0 3 5 5
-6089.9 5906.8 -1.1 12 0 21.2 27.4 7.5 0.0 0 1 3 3 3
-6141.1 5904.0 -1.2 103 0 36.8 20.3 12.5 0.0 0 0 5 1 1
-6123.7 5791.2 -3.2 185 0 7.1 21.0 5.0 2.5 2 1 2 3 3
-6124.6 5780.2 -3.1 182 0 5.6 20.4 2.5 2.5 2 1 1 1 1
-6123.3 5828.6 -2.8 180 0 12.3 26.0 15.0 0.0 0 1 6 0 0
-6070.7 5847.9 -2.7 274 0 12.4 61.7 7.5 0.0 0 1 3 2 2
-6089.1 5846.3 -2.9 273 0 12.3 71.0 10.0 2.5 2 1 4 3 3
-6133.9 5766.3 -3.6 1 0 25.2 37.8 10.0 0.0 0 1 4 2 2
-6281.2 5745.7 -4.7 117 0 12.6 12.9 2.5 2.5 2 1 1 1 1
-6292.9 5746.0 -4.9 297 0 17.3 18.5 10.0 2.5 2 1 4 3 3
-6297.3 5758.1 -4.6 115 0 23.7 15.8 10.0 2.5 2 0 4 2 2
-6523.5 5584.9 -4.9 285 0 22.3 37.8 7.5 0.0 0 1 3 2 2
-6350.2 5934.7 -3.1 22 0 60.1 37.2 15.0 0.0 0 0 6 3 3
-6307.4 5956.6 -0.7 300 0 15.6 15.3 2.5 2.5 2 0 1 2 2
-6296.3 5949.0 -1.0 301 0 9.2 25.3 5.0 2.5 2 1 2 3 3
-6282.8 5939.5 -1.2 298 0 22.3 21.6 7.5 2.5 4 0 3 2 2
-6264.7 5926.2 -1.4 301 0 17.9 22.4 10.0 0.0 0 1 4 0 0
-6130.9 5836.9 -2.8 359 0 18.0 40.2 10.0 2.5 2 1 4 3 3
-6125.9 5760.7 -3.1 183 0 28.1 15.0 10.0 2.5 2 0 4 0 0
-6314.4 5456.4 -3.7 84 0 14.4 57.7 10.0 2.5 2 1 4 5 5
-6747.3 5131.5 0.1 268 0 26.5 14.3 7.5 2.5 2 0 3 4 4
-6746.2 5109.7 0.4 268 0 11.8 27.6 5.0 0.0 0 1 2 0 0
-6694.4 5142.6 0.9 267 0 9.0 33.5 7.5 0.0 0 1 3 2 2
-6659.3 5146.7 1.1 266 0 56.9 9.3 7.5 0.0 0 0 3 1 1
-6594.2 5144.3 2.4 270 0 13.3 22.5 7.5 2.5 2 1 3 5 5
-6709.4 5659.3 -4.3 261 0 20.0 46.1 10.0 2.5 2 1 4 0 0
-6696.6 5837.3 -5.4 46 0 19.7 18.4 10.0 0.0 0 0 4 5 5
-6732.0 5769.5 -4.2 128 0 17.3 13.3 7.5 2.5 2 0 3 0 0
-6681.1 5724.5 -4.2 83 0 27.4 10.7 7.5 2.5 2 0 3 0 0
-6552.0 5873.9 -4.2 269 0 16.9 33.3 10.0 2.5 2 1 4 1 1
-6475.3 6085.1 -2.9 44 0 35.8 17.5 12.5 2.5 4 0 5 1 1
-6474.4 5990.6 -3.2 44 0 56.7 32.1 10.0 0.0 0 0 4 0 0
-6265.8 5953.5 -0.4 116 0 14.1 14.4 2.5 2.5 2 1 1 4 4
-6243.1 5962.7 -0.1 118 0 8.5 40.5 7.5 2.5 4 1 3 1 1
-6251.2 5946.6 -0.5 112 0 8.5 14.8 7.5 2.5 2 1 3 1 1
-6233.0 5938.6 -0.7 112 0 25.1 18.2 7.5 2.5 2 0 3 1 1
-6225.8 5957.2 -0.2 112 0 21.7 8.5 5.0 2.5 2 0 2 3 3
-6215.4 5931.5 -0.7 112 0 12.9 27.5 10.0 2.5 2 0 4 5 5
-6341.7 5661.8 -4.9 257 0 18.3 39.7 7.5 0.0 0 1 3 0 0
-6775.1 6221.9 0.5 189 0 19.3 7.0 5.0 2.5 2 0 2 4 4
-6799.8 6325.9 -0.9 189 0 47.1 16.0 10.0 2.5 2 0 4 1 1
-6776.7 6288.9 -0.5 189 0 56.4 9.2 7.5 2.5 2 0 3 3 3
-6817.2 6193.0 0.3 189 0 47.8 21.5 10.0 2.5 2 0 4 5 5
-5971.1 5871.9 -1.6 80 0 15.1 14.0 10.0 2.5 2 0 4 2 2
-5979.1 5851.5 -1.9 265 0 25.1 16.2 10.0 2.5 2 0 4 2 2
-6246.7 5733.1 -4.4 110 0 32.7 21.2 10.0 0.0 0 0 4 1 1
-6294.8 5722.7 -4.9 273 0 34.9 29.5 10.0 0.0 0 0 4 4 4
-6012.0 5485.0 -1.5 91 0 12.5 71.8 7.5 2.5 4 1 3 4 4
-5854.2 5639.0 -2.3 258 0 57.9 23.8 2.5 2.5 2 0 1 5 5
-6906.1 6658.4 -1.7 185 0 17.1 30.8 10.0 2.5 2 1 4 5 5
-6748.3 6433.4 -1.9 135 0 42.3 7.1 7.5 2.5 2 0 3 0 0
-6615.3 6320.0 1.0 85 0 16.7 19.6 10.0 2.5 2 1 4 1 1
-6480.4 6454.1 -1.0 89 0 22.1 15.5 7.5 2.5 2 0 3 2 2
-6453.0 6458.0 -3.4 86 0 25.8 44.5 12.5 0.0 0 1 5 0 0
-6413.4 6491.7 -4.8 353 0 38.8 23.9 10.0 0.0 0 0 4 4 4
-6578.4 6461.5 -1.0 90 0 22.8 13.4 10.0 2.5 2 0 4 0 0
-6074.2 6303.8 -11.2 95 0 20.7 23.6 10.0 0.0 0 1 4 2 2
-6592.3 5964.7 -3.9 224 0 28.3 12.6 12.5 2.5 2 0 5 4 4
-5303.0 4903.8 -4.0 2 0 16.3 25.8 12.5 0.0 0 1 5 5 5
-5881.7 4558.4 -4.5 80 0 22.5 33.9 12.5 0.0 0 1 5 3 3
-6127.4 4457.8 -5.6 80 0 45.0 26.6 12.5 0.0 0 0 5 3 3
-6206.3 4506.9 -6.6 261 0 26.2 43.8 10.0 0.0 0 1 4 5 5
-5664.6 5641.1 -5.7 138 0 40.5 21.1 10.0 0.0 0 0 4 1 1
-6433.4 5147.5 2.5 269 0 16.4 16.8 7.5 2.5 2 1 3 0 0
-6433.5 5181.5 2.0 355 0 11.7 10.7 2.5 2.5 4 0 1 4 4
-5436.9 5521.4 -3.4 173 0 24.4 16.5 7.5 2.5 4 0 3 5 5
-5789.2 5610.1 -2.6 348 0 24.3 28.8 10.0 0.0 0 1 4 5 5
-5730.9 6020.5 -2.7 231 0 18.9 39.1 10.0 2.5 2 1 4 1 1
-5946.4 5731.2 -1.5 80 0 14.4 17.5 12.5 2.5 2 1 5 0 0
-5357.8 6263.4 -10.0 140 0 25.9 14.3 10.0 2.5 2 0 4 5 5
