6840.9 5044.7 -19.0 59 0 27.1 25.6 7.5 0.0 0 0 3 0 0
6849.1 6629.2 -9.3 122 0 48.6 13.0 7.5 2.5 2 0 3 4 4
6879.2 6635.0 -9.0 31 0 15.5 18.9 5.0 2.5 2 0 2 3 3
6785.5 6554.2 -6.9 220 0 20.1 52.2 10.0 2.5 2 0 4 4 4
6744.5 6521.8 -5.8 221 0 45.4 15.4 12.5 2.5 2 0 5 4 4
6715.8 6183.8 -11.7 165 0 52.9 33.6 10.0 0.0 0 0 4 1 1
6777.9 6751.3 -7.3 190 0 14.5 18.7 7.5 0.0 0 1 3 0 0
6680.1 6424.8 -7.1 176 0 51.1 15.7 15.0 2.5 2 0 6 4 4
6810.3 5905.7 -14.0 121 0 41.3 9.4 7.5 2.5 2 0 3 0 0
6819.3 5911.3 -13.9 121 0 21.7 10.3 2.5 2.5 2 0 1 1 1
6872.1 5881.7 -14.0 110 0 24.7 53.7 10.0 2.5 2 1 4 0 0
6418.2 6304.5 -9.3 356 0 58.2 44.1 10.0 0.0 0 0 4 4 4
6017.2 6460.2 -2.9 290 0 12.0 17.5 5.0 2.5 2 1 2 0 0
5792.5 6561.9 -5.0 334 0 16.8 17.2 7.5 2.5 2 1 3 5 5
6077.8 6731.4 -9.0 259 0 19.6 38.7 10.0 2.5 2 1 4 1 1
6309.6 6812.3 -12.9 259 0 50.8 72.6 15.0 0.0 0 1 6 3 3
4425.9 6086.3 8.9 95 0 47.7 101.9 10.0 0.0 0 1 4 0 0
5853.2 6173.7 -12.8 270 0 25.5 40.3 10.0 0.0 0 1 4 4 4
-5171.3 6807.7 1.9 276 0 46.1 36.7 15.0 0.0 0 0 6 1 1
-5130.8 6797.8 1.5 276 0 28.2 20.1 10.0 2.5 2 0 4 4 4
-5044.9 6801.2 0.5 97 0 34.1 51.9 10.0 0.0 0 1 4 4 4
-5059.3 6695.7 0.6 97 0 25.3 38.8 7.5 0.0 0 1 3 0 0
-5082.6 6794.8 1.0 275 0 19.4 12.6 12.0 2.5 2 0 3 4 4
-5082.1 6778.8 1.0 278 0 14.5 7.8 8.0 2.5 2 0 2 0 0
5801.4 6173.2 -13.3 271 0 20.7 46.8 15.0 2.5 2 1 6 3 3
5690.6 5429.9 -11.3 279 0 11.2 37.3 12.5 2.5 2 1 5 5 5
5584.0 6343.7 -8.6 354 0 30.1 45.6 12.5 0.0 0 1 5 4 4
6074.2 6246.9 -7.4 352 0 24.9 16.2 12.5 2.5 4 0 5 4 4
6626.3 6579.0 -2.6 269 0 21.0 32.6 10.0 0.0 0 1 4 4 4
6047.6 6698.6 -7.9 257 0 12.5 24.2 15.0 0.0 0 1 6 2 2
-6300.2 -8.6 -2.9 63 0 13.5 30.5 10.0 2.5 2 1 4 2 2
-1260.8 3722.2 -10.5 275 0 14.8 15.4 14.0 3.5 2 1 4 1 1
-1381.0 2981.3 -12.9 357 0 43.4 43.1 12.5 0.0 0 0 5 5 5
-3783.0 5420.7 -2.8 106 0 26.0 26.5 10.0 0.0 0 1 4 5 5
4532.2 6028.1 7.6 8 0 41.7 15.7 7.5 2.5 2 0 3 2 2
