5184.0 -902.6 -344.9 180 0 18.1 14.1 7.5 2.5 2 0 3 0 0
5165.9 -882.7 -344.0 269 0 25.2 40.4 12.5 0.0 0 1 5 0 0
5138.5 -913.1 -341.6 88 0 13.8 36.8 10.0 0.0 0 1 4 2 2
3571.1 3725.7 -155.9 314 0 41.3 21.5 12.5 0.0 0 0 5 1 1
3822.2 2011.2 -296.3 4 0 15.7 14.4 2.5 2.5 2 0 1 1 1
-2639.8 -3707.6 -39.1 268 0 31.2 11.0 7.5 2.5 2 0 3 4 4
3136.2 676.4 -338.5 91 0 15.4 13.8 2.5 2.5 2 0 1 5 5
1547.8 -4257.5 -365.0 322 0 20.0 10.2 10.5 3.5 2 0 3 4 4
1382.8 -4115.9 -363.2 318 0 16.8 19.4 10.5 3.5 2 1 3 4 4
5297.0 -858.3 -351.1 244 0 18.8 17.4 10.0 0.0 0 0 4 3 3
5273.3 -876.1 -350.7 227 0 26.7 23.3 10.0 0.0 0 0 4 0 0
5251.3 -903.5 -349.0 214 0 36.1 7.9 7.5 2.5 4 0 3 2 2
5074.8 -949.5 -337.8 107 0 7.5 8.9 2.5 2.5 2 1 1 1 1
-6801.9 6609.4 353.1 17 0 20.2 10.9 10.0 2.5 2 0 4 2 2
-6387.4 6108.2 367.4 179 0 20.3 15.8 10.0 2.5 2 0 4 0 0
-6396.8 6233.2 356.8 177 0 13.7 14.9 5.0 2.5 2 1 2 0 0
-6399.6 6388.0 351.1 18 0 21.6 18.5 12.5 2.5 2 0 5 1 1
-6233.1 5562.0 342.3 69 0 16.5 13.7 10.0 0.0 0 0 4 3 3
-6209.4 5161.9 347.9 46 0 35.8 11.3 10.0 2.5 2 0 4 5 5
-5731.6 5092.2 342.3 89 0 18.5 19.1 7.5 2.5 2 1 3 4 4
-5975.1 4812.3 344.6 81 0 15.9 13.8 7.5 2.5 2 0 3 3 3
1059.6 -3236.5 -361.9 79 0 24.9 17.4 12.5 2.5 4 0 5 0 0
1733.5 -4657.9 -367.7 86 0 13.4 9.4 7.5 2.5 2 0 3 0 0
-6035.2 4843.8 348.7 103 0 20.1 19.4 12.5 2.5 2 0 5 3 3
-6084.3 5583.7 344.5 86 0 18.1 16.0 7.5 2.5 2 0 3 4 4
-6089.3 5630.9 344.5 139 0 11.8 34.9 12.5 2.5 4 1 5 4 4
2049.4 -5183.4 -367.9 358 0 13.5 6.8 7.5 0.0 0 0 3 0 0
-5945.9 5569.6 344.0 257 0 11.1 7.3 7.5 2.5 2 0 3 5 5
3705.0 -6301.0 -377.7 188 0 21.3 25.4 10.5 0.0 0 1 3 4 4
3694.4 -6290.6 -377.1 188 0 28.5 9.3 10.5 0.0 0 0 3 4 4
3691.4 -6188.2 -376.0 23 0 19.2 24.7 14.0 0.0 0 1 4 1 1
4717.5 -6304.2 -374.8 281 0 15.6 20.0 10.0 2.5 4 1 4 5 5
4986.6 -6260.7 -376.7 100 0 20.8 22.1 10.0 2.5 2 1 4 1 1
6599.2 -6223.4 -370.6 85 0 13.4 14.9 5.0 2.5 2 1 2 2 2
-6678.6 5075.9 345.7 44 0 53.6 30.6 10.0 0.0 0 0 4 3 3
-4405.7 138.4 206.3 90 0 10.9 8.1 5.0 0.0 0 0 2 0 0
-4379.0 200.2 191.0 262 0 9.3 10.3 7.5 2.5 2 1 3 4 4
-4210.4 -382.2 202.4 89 0 9.7 11.9 5.0 2.5 4 1 2 2 2
-3755.3 -429.5 28.1 100 0 5.9 10.7 7.5 0.0 0 1 3 1 1
-3870.3 -597.2 57.0 138 0 8.8 8.7 7.5 0.0 0 0 3 4 4
-3330.4 -518.0 -3.0 30 0 8.3 6.0 2.5 2.5 2 0 1 3 3
-510.3 -1464.4 -292.5 115 0 19.4 7.4 5.0 2.5 2 0 2 1 1
-451.5 -1521.3 -298.8 313 0 11.9 5.1 7.5 2.5 2 0 3 5 5
-434.0 -1515.3 -298.9 120 0 13.1 9.2 7.5 2.5 2 0 3 5 5
-257.0 -1638.4 -314.7 116 0 10.9 7.8 7.5 0.0 0 0 3 0 0
-259.1 -1670.1 -314.6 308 0 11.2 10.4 2.5 2.5 2 0 1 4 4
-377.3 -1620.1 -307.1 78 0 6.9 10.0 7.5 2.5 2 1 3 2 2
-364.0 -1804.0 -293.3 22 0 7.0 15.4 5.0 0.0 0 1 2 0 0
-793.6 -1521.6 -279.7 84 0 16.4 16.3 10.0 0.0 0 0 4 4 4
-541.1 -1350.4 -291.0 134 0 12.0 5.6 2.5 2.5 2 0 1 4 4
-697.9 -1306.2 -282.8 84 0 6.3 17.7 2.5 2.5 2 1 1 4 4
-395.8 -1062.6 -286.7 130 0 5.5 8.0 2.5 2.5 2 0 1 4 4
-391.9 -1067.7 -287.3 151 0 7.6 6.9 5.0 2.5 2 0 2 4 4
-158.6 -1712.9 -322.3 90 0 5.3 7.4 5.0 0.0 0 1 2 0 0
-499.0 -1482.8 -294.4 300 0 15.6 10.1 5.0 2.5 2 0 2 3 3
-682.9 -831.5 -248.0 181 0 4.9 13.0 5.0 2.5 2 1 2 3 3
299.2 -1175.6 -325.9 175 0 6.1 13.7 7.5 2.5 2 1 3 0 0
-159.3 -1020.8 -277.7 77 0 9.4 8.3 7.5 2.5 2 0 3 5 5
146.7 -6751.2 -352.1 196 0 10.5 14.7 5.0 0.0 0 1 2 3 3
142.0 -6773.9 -352.5 181 0 14.5 12.3 7.5 2.5 2 0 3 2 2
110.6 -6808.0 -347.8 7 0 8.5 8.0 7.5 2.5 2 0 3 2 2
47.6 -6752.3 -345.0 105 0 5.6 10.8 5.0 2.5 2 1 2 5 5
-148.7 -6753.6 -326.6 1 0 10.4 16.0 7.5 2.5 2 1 3 0 0
6526.6 -5450.3 -365.6 116 0 10.4 16.3 5.0 2.5 2 1 2 2 2
6441.3 -5370.4 -358.4 90 0 9.9 18.4 7.5 0.0 0 1 3 0 0
6667.7 -5498.2 -357.1 253 0 8.3 9.9 7.5 2.5 2 1 3 2 2
6727.9 -5518.3 -358.7 83 0 14.7 15.5 5.0 2.5 2 1 2 1 1
6365.3 -4897.8 -362.9 270 0 8.7 9.0 2.5 2.5 2 1 1 5 5
6434.0 -5019.5 -367.3 90 0 9.3 12.3 5.0 2.5 2 0 2 5 5
6522.1 -4972.4 -360.9 88 0 15.7 14.9 5.0 2.5 4 0 2 5 5
6573.4 -4825.6 -357.1 90 0 13.7 16.1 7.5 2.5 2 1 3 0 0
6608.3 -5004.1 -364.7 100 0 15.9 19.3 7.5 2.5 2 1 3 4 4
6644.2 -4837.0 -360.9 71 0 16.4 18.0 10.0 0.0 0 1 4 5 5
6428.1 -4869.6 -355.3 92 0 12.2 19.4 2.5 2.5 2 1 1 2 2
6412.4 -4504.5 -351.9 90 0 16.0 20.8 10.0 2.5 4 1 4 1 1
6479.1 -4433.2 -349.1 84 0 13.4 17.9 7.5 2.5 2 1 3 0 0
6604.4 -4604.5 -357.7 79 0 16.8 18.2 10.0 0.0 0 1 4 2 2
6911.8 -4459.0 -345.5 356 0 13.4 13.8 2.5 2.5 4 1 1 4 4
6486.3 -5368.6 -360.0 267 0 9.3 13.2 5.0 2.5 2 1 2 2 2
6550.6 -5405.8 -364.2 272 0 12.2 16.7 5.0 2.5 2 1 2 5 5
6446.5 -5475.1 -359.3 87 0 15.8 19.6 12.5 2.5 2 1 5 1 1
6704.0 -5114.0 -362.6 92 0 12.5 8.3 2.5 2.5 2 0 1 5 5
6809.3 -5125.5 -365.8 291 0 8.8 14.3 5.0 2.5 2 1 2 3 3
52.8 -5673.6 -331.5 272 0 13.8 11.7 5.0 2.5 2 0 2 5 5
117.9 -5668.4 -337.6 92 0 13.8 11.7 5.0 2.5 2 0 2 3 3
-28.1 -5657.5 -318.2 272 0 13.8 11.7 5.0 2.5 2 0 2 5 5
-17.4 -5758.6 -300.3 92 0 13.8 11.7 5.0 2.5 2 0 2 1 1
-69.0 -5583.4 -308.5 92 0 13.8 11.7 10.0 2.5 2 0 4 1 1
282.3 -5797.6 -348.2 92 0 13.8 11.7 5.0 2.5 2 0 2 0 0
-111.1 -5563.3 -303.9 183 0 8.2 7.8 5.0 2.5 2 0 2 5 5
257.3 -6372.1 -331.4 274 0 10.0 10.8 7.5 2.5 4 1 3 3 3
-41.3 -6410.5 -312.7 89 0 8.6 8.9 7.5 2.5 2 1 3 0 0
-288.2 -6166.7 -263.3 104 0 14.0 15.3 10.0 2.5 2 1 4 2 2
-529.9 -6110.6 -242.4 124 0 10.6 9.4 7.5 2.5 2 0 3 1 1
-570.7 -6132.0 -233.4 280 0 13.9 11.8 7.5 0.0 0 0 3 0 0
-604.1 -6126.1 -228.8 278 0 12.6 12.7 5.0 2.5 2 1 2 1 1
-799.6 -6042.4 -208.3 257 0 6.6 14.5 7.5 0.0 0 1 3 0 0
-772.2 -6021.5 -218.0 91 0 10.7 7.0 7.5 2.5 4 0 3 2 2
157.4 -6662.9 -349.4 272 0 13.4 13.8 12.5 0.0 0 1 5 2 2
158.2 -6720.2 -351.6 180 0 12.0 17.8 5.0 2.5 2 1 2 4 4
106.7 -6511.5 -330.7 273 0 11.4 12.4 10.0 2.5 2 1 4 3 3
-6265.2 -5225.7 206.8 270 0 6.5 5.0 7.5 2.5 2 0 3 4 4
3848.0 -449.6 -321.3 95 0 11.8 9.1 5.0 2.5 2 0 2 3 3
3552.5 -354.0 -330.7 335 0 12.4 13.8 5.0 2.5 2 1 2 2 2
3542.3 -495.3 -302.7 261 0 17.6 11.7 7.5 2.5 2 0 3 0 0
-5169.6 -1127.2 138.6 1 0 8.3 11.7 2.5 2.5 2 1 1 5 5
3653.4 -6751.2 -371.3 226 0 9.0 8.2 7.5 2.5 4 0 3 1 1
-1157.6 -4494.9 -170.2 358 0 15.2 11.6 5.0 2.5 2 0 2 2 2
-1153.1 -4430.1 -173.3 187 0 17.3 12.8 10.0 2.5 2 0 4 2 2
-1159.9 -4358.0 -146.2 1 0 3.6 8.5 7.5 2.5 2 1 3 0 0
-1172.0 -4417.4 -158.4 3 0 8.4 10.3 7.5 2.5 4 1 3 5 5
-880.9 -4767.7 -252.2 4 0 10.2 12.0 10.0 0.0 0 1 4 2 2
2750.7 -6604.1 -375.5 179 0 5.8 9.4 10.5 3.5 2 1 3 2 2
2736.1 -6523.4 -376.3 359 0 7.8 7.4 10.5 3.5 2 0 3 0 0
2740.0 -6516.9 -376.3 356 0 4.2 9.6 10.5 3.5 2 1 3 2 2
2752.7 -6178.9 -365.3 174 0 5.6 5.8 5.0 2.5 4 1 2 3 3
2723.2 -6164.3 -365.8 178 0 12.4 5.4 2.5 2.5 2 0 1 3 3
2785.2 -6148.4 -363.0 269 0 13.6 7.7 5.0 2.5 2 0 2 5 5
2786.2 -6137.8 -362.4 271 0 11.7 9.1 7.5 2.5 2 0 3 3 3
2897.7 -6685.6 -374.1 71 0 19.8 12.9 14.0 3.5 2 0 4 3 3
2914.7 -6649.2 -373.3 346 0 4.8 6.5 10.5 3.5 4 1 3 2 2
2879.9 -6641.0 -374.1 185 0 6.3 13.0 10.5 3.5 2 1 3 1 1
2892.0 -6628.6 -373.8 276 0 4.9 9.1 10.5 3.5 2 1 3 3 3
2822.5 -6251.7 -366.7 86 0 11.9 9.7 2.5 2.5 2 0 1 5 5
2849.1 -6265.5 -369.1 86 0 5.1 9.3 5.0 2.5 2 1 2 3 3
2864.7 -6279.8 -372.6 96 0 7.1 4.6 5.0 2.5 2 0 2 2 2
2834.4 -6224.7 -364.8 89 0 8.8 10.1 5.0 2.5 2 1 2 4 4
2890.2 -6203.3 -361.7 269 0 7.3 4.4 5.0 2.5 2 0 2 2 2
2883.8 -6176.3 -360.7 271 0 11.6 7.0 5.0 2.5 2 0 2 0 0
2867.4 -6160.5 -360.7 271 0 9.6 11.5 7.5 2.5 2 1 3 5 5
2851.5 -6180.4 -362.1 270 0 6.6 7.0 5.0 2.5 2 1 2 3 3
2804.2 -6176.0 -363.6 269 0 8.0 7.3 5.0 2.5 2 0 2 0 0
2814.6 -6160.3 -362.3 270 0 8.4 5.3 2.5 0.0 0 0 1 3 3
2813.9 -6151.4 -362.0 286 0 10.0 7.6 7.5 0.0 0 0 3 4 4
2821.1 -6240.3 -366.1 95 0 8.7 6.6 7.5 2.5 2 0 3 1 1
2917.0 -6241.0 -367.9 90 0 7.0 9.1 2.5 2.5 2 1 1 4 4
2930.1 -6135.3 -359.2 274 0 9.5 6.3 5.0 2.5 2 0 2 2 2
2938.3 -6213.2 -363.9 90 0 12.9 17.6 2.5 2.5 2 1 1 2 2
2936.3 -6222.5 -365.5 86 0 9.6 5.7 2.5 2.5 2 0 1 0 0
2948.8 -6235.6 -368.4 89 0 4.1 8.4 5.0 2.5 2 1 2 0 0
2976.2 -6216.2 -366.5 9 0 5.5 8.8 5.0 2.5 2 1 2 2 2
2977.6 -6207.5 -365.3 6 0 9.0 8.2 7.5 2.5 2 0 3 5 5
2971.7 -6198.8 -363.0 43 0 7.0 10.5 5.0 2.5 2 1 2 2 2
4125.1 -6345.9 -376.1 227 0 36.3 25.1 10.5 0.0 0 0 3 2 2
