5389.5 -5369.7 3.9 255 0 14.7 26.7 12.5 2.5 2 1 5 0 0
5811.7 -5391.0 5.8 182 0 18.0 54.9 10.0 2.5 2 0 4 0 0
6003.3 -5409.9 1.1 258 0 21.2 21.8 12.5 2.5 2 1 5 2 2
5971.8 -5360.2 2.4 174 0 34.7 18.6 5.0 0.0 0 0 2 4 4
6150.1 -4998.5 -1.6 266 0 27.8 24.3 10.0 0.0 0 0 4 2 2
5904.6 -4887.2 3.3 293 0 18.7 17.4 7.5 2.5 2 0 3 0 0
5787.2 -5271.0 5.8 114 0 24.8 12.1 7.5 2.5 2 0 3 3 3
5635.7 -5434.3 -0.5 359 0 24.7 10.7 10.0 2.5 2 0 4 2 2
6898.8 -4433.4 -8.1 1 0 71.7 41.6 15.0 0.0 0 0 6 5 5
5875.7 -5425.4 5.6 229 0 13.1 17.9 2.5 2.5 2 0 1 5 5
5963.6 -5389.9 3.4 0 0 10.0 9.9 7.5 2.5 2 0 3 0 0
-3761.9 -5517.8 -63.0 321 0 12.1 9.6 2.5 2.5 2 0 1 3 3
-3825.4 -5385.2 -71.8 53 0 10.2 15.4 10.0 2.5 4 1 4 5 5
-3800.2 -4837.0 -29.3 263 0 7.6 14.0 5.0 2.5 2 1 2 1 1
-3798.3 -4954.4 -31.9 82 0 16.4 12.7 7.5 2.5 2 0 3 1 1
-4395.0 -4954.2 -71.6 202 0 15.3 11.8 7.5 2.5 4 0 3 0 0
-6168.0 -540.8 -64.0 3 0 13.6 7.3 2.5 2.5 2 0 1 4 4
-6148.5 -361.2 -56.8 251 0 18.0 14.8 12.5 2.5 4 0 5 5 5
-6258.9 -1130.4 -51.8 340 0 13.6 19.9 12.5 2.5 2 1 5 4 4
-6255.1 -1060.4 -46.0 108 0 11.0 9.9 7.5 2.5 2 0 3 0 0
-6142.2 -963.4 -62.3 295 0 11.4 9.9 7.5 2.5 2 0 3 4 4
-6226.7 -957.8 -58.1 156 0 8.9 8.1 5.0 2.5 2 0 2 5 5
-6185.3 -824.7 -61.0 356 0 15.3 11.6 5.0 2.5 2 0 2 4 4
-4733.9 5852.7 -33.3 316 0 24.7 10.6 17.5 0.0 0 0 7 4 4
-4744.7 5792.2 -34.9 120 0 9.7 44.3 7.5 2.5 4 1 3 2 2
-4735.0 5792.8 -35.7 126 0 7.9 31.7 5.0 0.0 0 1 2 3 3
-4760.9 5675.8 -35.1 20 0 23.3 19.7 10.0 2.5 2 0 4 0 0
-4782.1 5854.7 -34.0 171 0 11.2 32.6 12.5 2.5 2 0 5 1 1
-4754.3 6175.5 -41.8 92 0 13.1 17.6 5.0 2.5 2 1 2 4 4
-193.0 -3626.2 -29.5 349 0 7.3 12.5 5.0 2.5 4 1 2 0 0
-215.8 -3434.6 -35.4 176 0 6.5 11.0 7.5 0.0 0 1 3 2 2
-19.1 -3351.7 -37.6 90 0 15.1 27.8 10.0 2.5 2 1 4 2 2
57.8 -3261.7 -30.3 358 0 9.8 5.8 7.5 2.5 2 0 3 4 4
77.7 -3328.2 -31.5 0 0 4.2 11.3 5.0 2.5 2 1 2 5 5
68.7 -3336.3 -33.6 344 0 4.3 8.0 2.5 2.5 2 1 1 3 3
88.5 -3359.6 -33.6 351 0 5.4 10.9 2.5 2.5 4 1 1 5 5
-127.9 -3150.2 -8.5 78 0 10.7 9.2 7.5 2.5 2 0 3 5 5
-111.8 -3123.5 -12.1 255 0 11.6 22.6 7.5 0.0 0 1 3 1 1
-455.1 -3025.5 -34.0 57 0 11.5 14.7 2.5 0.0 0 1 1 3 3
-557.1 -2953.9 -46.0 337 0 12.8 11.6 7.5 2.5 2 0 3 1 1
-505.0 -3133.4 -24.9 282 0 15.8 19.4 10.0 0.0 0 1 4 1 1
-516.6 -3003.4 -42.3 267 0 11.3 9.1 5.0 2.5 2 0 2 0 0
-524.8 -3162.0 -26.2 174 0 8.6 6.9 7.5 2.5 2 0 3 1 1
-530.0 -3226.0 -30.0 85 0 7.3 12.2 5.0 2.5 4 1 2 1 1
-504.3 -3222.7 -23.8 0 0 7.9 5.8 2.5 2.5 2 0 1 2 2
-670.0 -3252.6 -30.2 88 0 10.6 10.2 2.5 2.5 4 0 1 3 3
-450.9 -3404.2 -35.4 90 0 10.5 11.1 10.0 2.5 4 1 4 3 3
-380.4 -3376.8 -24.4 270 0 11.1 12.2 10.0 2.5 2 1 4 2 2
-347.1 -3431.9 -30.4 89 0 12.8 14.7 7.5 2.5 2 1 3 4 4
-407.4 -3415.2 -34.1 83 0 16.9 12.5 5.0 2.5 2 0 2 0 0
-308.2 -3434.8 -34.0 92 0 12.4 12.1 5.0 2.5 2 0 2 3 3
-548.0 -3429.1 -39.8 101 0 12.0 14.2 7.5 2.5 2 1 3 4 4
-551.3 -3389.1 -39.2 271 0 11.0 7.9 7.5 2.5 2 0 3 2 2
-544.0 -3515.5 -42.1 10 0 9.3 11.8 5.0 0.0 0 1 2 5 5
-673.8 -3543.0 -44.6 180 0 10.6 9.0 5.0 2.5 2 0 2 0 0
-680.9 -3563.2 -45.0 231 0 10.3 7.6 2.5 2.5 2 0 1 2 2
-4833.9 6195.6 -41.5 227 0 8.7 8.6 5.0 2.5 2 0 2 4 4
-621.6 -3518.4 -44.8 110 0 11.7 9.8 7.5 2.5 2 0 3 3 3
-659.4 -3670.5 -46.7 354 0 12.2 11.3 5.0 0.0 0 0 2 3 3
-667.7 -3867.8 -46.2 271 0 15.2 13.3 5.0 2.5 2 0 2 5 5
-542.3 -3899.7 -41.3 354 0 11.6 9.7 5.0 2.5 2 0 2 1 1
-1059.2 -2093.6 -26.4 210 0 8.4 43.3 7.5 0.0 0 1 3 2 2
-1364.8 -1818.1 -15.9 357 0 3.7 11.8 5.0 2.5 2 0 2 1 1
-1580.7 -1551.6 -35.4 88 0 10.7 10.1 7.5 2.5 2 0 3 2 2
-1710.0 -1539.4 -34.1 248 0 5.4 7.0 5.0 2.5 2 1 2 3 3
-1639.9 -1451.2 -10.4 94 0 8.4 8.8 5.0 2.5 2 1 2 5 5
-1475.1 -1440.4 -28.5 90 0 10.3 10.0 5.0 2.5 2 0 2 2 2
-1256.0 -1063.5 -16.8 88 0 8.9 16.9 7.5 2.5 2 1 3 2 2
-1421.0 -1062.2 -11.9 76 0 9.7 10.7 7.5 2.5 2 1 3 0 0
-1461.9 -1061.5 -7.5 167 0 12.2 13.6 10.0 2.5 2 1 4 5 5
-1361.1 -859.7 -4.1 204 0 19.8 15.4 10.0 2.5 2 0 4 4 4
-1450.5 -946.9 -8.9 182 0 13.3 17.1 10.0 2.5 2 1 4 0 0
-1565.7 -934.7 -0.1 153 0 8.9 11.0 5.0 2.5 4 1 2 5 5
-1513.8 -882.9 -0.1 284 0 9.8 11.9 5.0 0.0 0 1 2 5 5
-1534.0 -817.2 -10.9 298 0 14.0 16.4 7.5 2.5 2 1 3 0 0
-1470.4 -798.4 0.0 120 0 11.6 11.1 5.0 2.5 2 0 2 5 5
-1525.0 -785.0 -11.9 98 0 13.2 17.8 5.0 2.5 2 1 2 5 5
-669.4 -2124.6 -13.6 215 0 13.8 13.7 2.5 2.5 2 0 1 1 1
-846.0 -1996.3 -20.9 320 0 10.4 17.4 5.0 0.0 0 1 2 2 2
-918.4 -2164.2 -29.5 174 0 7.4 8.4 5.0 2.5 2 1 2 4 4
-820.5 -2211.2 -28.5 280 0 10.6 11.4 7.5 2.5 2 1 3 3 3
-736.3 -2404.2 -19.1 97 0 14.8 20.1 12.5 2.5 2 1 5 2 2
-656.2 -2423.2 -21.0 16 0 17.0 20.4 10.0 2.5 2 1 4 5 5
-660.3 -2458.0 -25.0 105 0 13.3 8.6 5.0 2.5 2 0 2 5 5
-560.0 -2436.3 -23.1 79 0 9.7 14.2 7.5 2.5 2 1 3 2 2
-367.5 -2546.5 -28.6 95 0 14.5 12.8 7.5 2.5 2 0 3 5 5
-344.9 -2422.3 -27.2 273 0 9.2 9.5 7.5 2.5 2 1 3 0 0
-275.4 -2452.9 -20.1 265 0 8.4 13.0 5.0 2.5 2 1 2 4 4
-207.4 -2393.8 -16.1 358 0 8.0 15.3 7.5 2.5 2 1 3 1 1
-161.6 -2432.6 -10.2 254 0 11.5 9.9 5.0 2.5 2 0 2 3 3
-197.0 -2468.7 -13.0 108 0 12.6 10.3 7.5 0.0 0 0 3 3 3
-149.2 -2475.0 -8.7 357 0 8.4 8.0 5.0 2.5 4 0 2 0 0
-127.0 -2487.5 -9.5 7 0 10.3 9.1 2.5 2.5 2 0 1 3 3
-105.5 -2486.2 -13.2 176 0 14.1 12.9 7.5 0.0 0 0 3 2 2
-116.9 -2490.3 -10.9 4 0 8.2 6.6 2.5 2.5 2 0 1 2 2
-30.4 -2600.8 -28.0 91 0 11.6 12.3 2.5 2.5 2 1 1 0 0
-22.9 -2515.9 -25.4 257 0 6.6 7.9 7.5 2.5 4 1 3 1 1
98.7 -2500.6 -27.4 256 0 12.0 12.6 2.5 2.5 2 1 1 2 2
144.0 -2492.7 -26.2 338 0 10.0 14.1 7.5 2.5 2 1 3 1 1
96.9 -2540.7 -29.0 178 0 9.9 14.0 5.0 2.5 2 1 2 1 1
105.6 -2514.8 -27.9 267 0 8.1 7.7 5.0 0.0 0 0 2 3 3
132.0 -2506.4 -26.9 345 0 6.9 7.6 7.5 2.5 4 1 3 5 5
3.9 -2596.5 -30.0 344 0 8.8 12.9 7.5 0.0 0 1 3 2 2
80.7 -2741.5 -31.2 180 0 8.8 9.0 5.0 2.5 2 1 2 5 5
68.8 -2784.6 -29.5 184 0 6.2 8.1 2.5 2.5 2 1 1 3 3
70.4 -2807.4 -29.1 185 0 10.9 8.9 2.5 2.5 2 0 1 0 0
211.4 -2805.5 -36.1 6 0 11.6 9.3 5.0 2.5 2 0 2 2 2
182.9 -2822.9 -34.7 94 0 9.6 12.2 5.0 2.5 4 1 2 0 0
271.5 -2712.8 -34.1 63 0 8.8 10.3 5.0 2.5 2 1 2 3 3
290.9 -2481.0 -22.0 305 0 6.6 11.8 5.0 2.5 2 1 2 3 3
244.5 -2465.4 -23.0 177 0 12.7 10.6 10.0 2.5 4 0 4 5 5
-3499.1 2571.7 32.7 2 0 9.1 7.0 5.0 2.5 2 0 2 3 3
-3652.2 2940.1 12.0 108 0 9.5 15.5 2.5 2.5 2 1 1 2 2
-3667.1 3016.1 8.0 147 0 9.7 14.0 5.0 2.5 2 1 2 5 5
-3616.3 2988.8 1.5 67 0 7.0 13.5 7.5 2.5 2 1 3 3 3
-3594.9 2999.7 -2.3 7 0 11.6 10.1 5.0 2.5 2 0 2 0 0
-3661.3 3090.5 -4.5 241 0 11.2 10.1 5.0 2.5 2 0 2 1 1
-3691.7 3235.0 -26.4 358 0 10.5 11.5 7.5 0.0 0 1 3 5 5
-3703.5 3269.1 -26.7 270 0 10.6 14.6 5.0 0.0 0 1 2 2 2
-3676.5 3406.4 -29.4 189 0 11.6 10.1 14.0 3.5 2 0 4 4 4
-3589.6 3450.6 -23.8 0 0 12.6 12.7 14.0 3.5 4 1 4 0 0
-3521.0 3408.1 -20.9 83 0 11.4 14.2 14.0 3.5 2 1 4 2 2
-3491.0 3496.9 -17.4 359 0 13.2 10.8 14.0 3.5 2 0 4 3 3
-3556.8 3521.3 -20.9 268 0 13.5 18.2 14.0 3.5 2 1 4 4 4
-3628.4 3504.0 -26.4 13 0 12.8 13.5 14.0 0.0 0 1 4 5 5
-3747.3 3664.9 -30.4 130 0 10.6 10.0 7.5 0.0 0 0 3 4 4
-3751.5 3692.6 -30.6 194 0 10.7 11.3 5.0 2.5 2 1 2 5 5
-3727.7 3656.3 -29.9 111 0 15.1 13.0 7.5 2.5 2 0 3 2 2
-6833.0 2665.2 -52.5 100 0 17.7 15.4 15.0 0.0 0 0 6 3 3
-3725.6 3811.2 -23.1 57 0 8.2 11.2 5.0 2.5 2 1 2 5 5
-3446.4 3806.3 -22.8 333 0 9.6 12.7 10.5 3.5 2 1 3 0 0
-3550.0 3551.5 -19.9 77 0 14.2 21.8 14.0 3.5 2 1 4 0 0
-3549.7 3629.9 -15.8 261 0 14.6 15.4 14.0 3.5 2 1 4 5 5
-3353.7 3689.2 -30.9 90 0 12.5 14.4 14.0 3.5 2 1 4 5 5
-3317.8 3543.0 -27.7 94 0 8.2 19.3 2.5 2.5 2 1 1 1 1
-3246.8 3684.5 -33.8 92 0 11.1 13.3 5.0 2.5 2 1 2 5 5
-3229.1 3493.8 -22.0 270 0 8.6 12.5 10.5 3.5 2 1 3 3 3
-3186.0 3402.6 -11.5 87 0 11.2 12.2 10.5 3.5 2 1 3 5 5
-3323.1 3198.9 -20.0 11 0 12.0 10.0 5.0 2.5 2 0 2 1 1
-3338.3 3227.0 -19.4 308 0 11.2 10.2 7.5 2.5 2 0 3 0 0
-3073.5 3303.7 5.2 90 0 6.8 13.1 10.5 3.5 2 1 3 3 3
-3708.0 4530.4 -15.7 260 0 11.5 14.1 2.5 2.5 2 0 1 1 1
-3568.5 4329.5 -16.6 266 0 7.9 19.4 5.0 2.5 2 1 2 5 5
-3619.9 4214.9 -27.4 94 0 14.6 16.4 5.0 2.5 4 1 2 2 2
-3561.2 4441.0 -5.7 86 0 8.0 9.3 7.5 2.5 2 1 3 2 2
-3522.1 4201.8 -16.6 83 0 17.2 13.2 7.5 2.5 2 0 3 4 4
-3468.3 4378.2 -9.3 355 0 13.1 15.1 5.0 2.5 2 1 2 0 0
-3335.9 4233.8 -17.2 281 0 10.4 12.1 5.0 2.5 2 1 2 0 0
-3288.1 4228.2 -17.9 342 0 12.3 13.2 10.0 0.0 0 1 4 1 1
-3196.8 4331.5 -22.9 85 0 9.8 14.0 7.5 2.5 2 1 3 1 1
-3062.6 4209.3 -28.5 157 0 17.1 11.9 10.5 3.5 2 0 3 4 4
-3326.0 4551.3 -17.0 63 0 10.9 10.0 5.0 2.5 2 0 2 5 5
-3085.9 4310.8 -27.7 180 0 13.8 12.2 2.5 2.5 2 0 1 5 5
-3158.8 3790.4 -38.2 270 0 7.9 14.6 5.0 2.5 2 1 2 1 1
-3093.9 3610.8 -29.3 261 0 12.0 16.7 14.0 3.5 2 1 4 4 4
-3144.4 3612.6 -28.8 263 0 13.9 13.7 14.0 3.5 2 0 4 5 5
-3111.6 3510.1 -22.4 265 0 14.3 13.7 10.5 3.5 4 0 3 3 3
-3116.2 3530.0 -25.1 90 0 9.8 11.3 10.5 3.5 2 1 3 2 2
-3045.3 3532.9 -24.8 351 0 19.1 14.2 14.0 3.5 2 0 4 3 3
-3075.1 3511.9 -22.5 269 0 9.3 16.1 10.5 3.5 2 0 3 3 3
-3060.5 3512.4 -22.5 271 0 13.5 14.4 10.5 3.5 2 1 3 5 5
-2946.6 3503.6 -15.6 266 0 32.9 9.8 10.5 3.5 2 0 3 1 1
-2937.6 3514.7 -16.9 265 0 33.4 10.2 14.0 3.5 2 0 4 2 2
-2934.9 3528.3 -18.3 358 0 11.9 7.6 10.5 3.5 2 0 3 1 1
-2790.8 3458.9 -17.7 306 0 14.1 17.1 14.0 3.5 2 1 4 5 5
-2797.4 3479.8 -21.5 116 0 21.2 12.9 14.0 3.5 2 0 4 4 4
-2831.7 3492.1 -21.2 119 0 11.0 21.9 14.0 3.5 2 1 4 2 2
-2727.0 3438.6 -25.8 131 0 16.0 17.5 14.0 3.5 4 1 4 2 2
-2918.0 3543.9 -21.2 107 0 10.5 11.2 10.5 3.5 2 1 3 1 1
-2623.6 3448.7 -29.7 69 0 10.0 12.1 7.5 2.5 2 1 3 0 0
-2304.8 3165.2 -26.8 108 0 18.2 30.1 14.0 3.5 2 1 4 3 3
-2126.8 3213.0 -10.7 31 0 13.3 9.4 7.5 2.5 2 0 3 2 2
-2036.8 3283.6 2.0 188 0 13.3 10.0 7.5 2.5 2 0 3 1 1
-2098.4 3118.8 -19.8 283 0 19.9 10.2 5.0 2.5 2 0 2 3 3
-2180.9 2902.8 -27.8 18 0 14.0 12.8 5.0 2.5 2 0 2 3 3
-1881.3 2821.3 -5.0 96 0 15.1 14.4 12.5 2.5 2 0 5 4 4
-1733.9 2549.5 -15.6 57 0 7.4 9.3 5.0 2.5 2 1 2 1 1
-1721.1 2475.2 -16.2 270 0 11.2 13.3 5.0 2.5 2 1 2 0 0
-1702.9 2445.7 -15.2 104 0 13.7 9.5 7.5 0.0 0 0 3 0 0
-1510.6 2555.7 4.4 129 0 11.3 12.0 2.5 2.5 2 1 1 4 4
-1496.9 2547.4 4.2 122 0 9.3 11.6 2.5 2.5 2 1 1 5 5
-1428.0 3597.4 -16.2 103 0 11.4 14.0 5.0 2.5 2 1 2 4 4
-1405.5 3769.4 -7.4 107 0 14.5 14.2 7.5 0.0 0 0 3 5 5
-1441.8 4516.0 0.8 2 0 9.7 9.8 7.5 2.5 2 1 3 1 1
-1440.5 4550.7 -0.9 354 0 18.3 11.7 7.5 2.5 2 0 3 0 0
-1623.0 4559.0 3.3 179 0 12.2 11.1 7.5 2.5 2 0 3 3 3
-1989.2 4431.0 -11.6 80 0 14.3 11.8 7.5 2.5 2 0 3 1 1
-1950.1 4432.7 -12.7 84 0 8.9 14.4 5.0 0.0 0 1 2 2 2
-2125.7 4363.1 -12.4 85 0 9.4 10.3 7.5 2.5 2 1 3 5 5
-2335.8 4321.0 -25.8 256 0 10.5 16.2 7.5 2.5 2 1 3 1 1
-2428.1 4175.7 -15.8 347 0 14.2 11.8 5.0 2.5 4 0 2 0 0
-2394.1 4289.8 -27.1 86 0 11.3 13.0 7.5 2.5 2 1 3 3 3
-2432.1 4334.7 -33.8 19 0 14.7 8.0 5.0 2.5 2 0 2 4 4
-2449.2 4264.5 -27.0 0 0 9.2 14.4 7.5 2.5 2 1 3 3 3
-2416.0 4321.4 -30.8 199 0 17.2 7.6 2.5 2.5 2 0 1 4 4
-2225.8 4589.5 -14.6 4 0 11.3 14.5 5.0 2.5 2 1 2 2 2
-2266.4 4642.0 -12.3 268 0 11.9 16.6 5.0 2.5 2 1 2 1 1
-2779.1 4498.0 -27.7 354 0 14.4 11.9 5.0 2.5 2 0 2 0 0
-2834.1 4177.7 -37.2 101 0 14.1 20.3 10.0 0.0 0 1 4 2 2
-2703.8 4191.7 -30.5 228 0 16.3 18.4 14.0 3.5 2 1 4 1 1
-2597.5 4250.1 -32.5 194 0 20.2 22.2 17.5 0.0 0 1 7 4 4
-360.7 -6723.7 -57.3 83 0 13.7 7.1 7.5 2.5 2 0 3 0 0
-371.6 -6630.4 -58.3 173 0 11.2 11.3 7.5 2.5 2 1 3 0 0
-313.1 -6616.1 -61.3 262 0 9.1 10.6 5.0 2.5 2 1 2 5 5
-323.5 -6689.0 -60.0 175 0 12.0 11.1 5.0 2.5 2 0 2 4 4
-500.0 -6696.0 -49.5 0 0 7.9 8.4 2.5 2.5 2 1 1 3 3
-1334.4 45.6 -17.8 88 0 5.4 8.0 7.5 2.5 2 1 3 3 3
-840.0 48.7 14.2 180 0 5.7 12.9 2.5 2.5 2 1 1 5 5
-624.5 12.5 24.5 33 0 26.7 28.6 12.5 0.0 0 1 5 3 3
-626.8 48.1 33.4 32 0 9.0 7.3 5.0 2.5 2 0 2 0 0
621.0 11.3 10.0 196 0 9.5 5.6 2.5 2.5 4 0 1 1 1
632.5 21.6 9.8 279 0 5.6 14.9 5.0 2.5 2 1 2 5 5
609.7 36.0 8.7 80 0 13.4 8.0 7.5 0.0 0 0 3 1 1
651.3 88.9 9.8 22 0 14.6 12.0 5.0 2.5 2 0 2 1 1
-647.0 -6636.3 -37.2 277 0 9.3 9.6 2.5 2.5 2 1 1 2 2
-709.1 -6773.3 -26.1 66 0 15.5 12.7 5.0 2.5 2 0 2 2 2
-714.8 -6639.3 -26.8 260 0 9.7 9.9 5.0 2.5 4 1 2 5 5
-598.5 -6373.9 -54.8 234 0 6.5 6.5 2.5 2.5 2 1 1 3 3
-568.9 -6414.1 -54.9 1 0 13.8 15.7 7.5 2.5 2 1 3 3 3
-727.7 -6344.9 -38.6 265 0 14.4 11.8 5.0 2.5 4 0 2 1 1
-842.4 -6212.8 -54.2 273 0 13.5 26.3 12.5 2.5 2 1 5 3 3
-907.0 -6279.0 -44.0 90 0 13.0 18.8 5.0 2.5 2 1 2 1 1
-1081.9 -6485.5 -49.8 62 0 52.4 24.7 10.0 2.5 2 0 4 4 4
-1158.4 -6357.3 -47.2 181 0 30.8 45.3 12.5 0.0 0 1 5 1 1
-1188.2 -6078.8 -45.0 84 0 10.9 11.4 5.0 2.5 2 1 2 2 2
-1349.4 -5787.6 -53.7 92 0 13.4 12.6 7.5 2.5 2 0 3 5 5
-1282.8 -5430.7 -50.1 1 0 17.9 13.8 7.5 2.5 2 0 3 5 5
-1328.0 -5409.6 -47.7 183 0 13.5 13.3 5.0 2.5 2 0 2 1 1
-1078.2 -4873.6 -36.1 356 0 12.3 17.0 5.0 2.5 2 1 2 3 3
-1066.5 -4929.1 -34.3 83 0 14.7 12.2 5.0 2.5 2 0 2 1 1
-986.0 -5123.1 -55.7 90 0 14.2 13.4 7.5 2.5 2 0 3 3 3
-817.5 -5443.9 -45.5 3 0 6.9 9.8 7.5 2.5 2 1 3 1 1
-715.7 -5221.3 -60.3 244 0 22.5 21.8 12.5 2.5 2 0 5 0 0
-689.7 -5237.9 -62.2 234 0 17.8 26.9 12.5 2.5 2 1 5 2 2
-642.5 -5258.8 -62.8 65 0 17.0 15.6 2.5 2.5 4 0 1 2 2
-585.2 -5538.1 -55.6 166 0 11.2 9.8 5.0 2.5 2 0 2 1 1
-548.9 -5496.3 -57.2 356 0 15.0 16.7 10.0 2.5 2 1 4 4 4
-499.4 -5644.1 -57.1 176 0 10.6 14.8 2.5 2.5 2 1 1 3 3
728.6 171.8 11.0 283 0 10.9 13.8 10.0 2.5 2 1 4 1 1
835.7 30.2 14.3 87 0 9.3 28.4 7.5 0.0 0 1 3 2 2
978.3 114.5 11.7 85 0 13.1 12.2 7.5 2.5 2 0 3 4 4
1006.8 112.7 12.5 85 0 19.9 11.5 5.0 2.5 2 0 2 5 5
1000.8 122.1 11.8 62 0 19.6 12.3 7.5 2.5 4 0 3 5 5
991.2 193.6 1.6 323 0 11.4 20.2 2.5 2.5 2 1 1 3 3
895.3 111.8 10.9 90 0 12.1 11.2 7.5 2.5 2 0 3 0 0
865.2 315.8 1.5 265 0 14.3 16.4 2.5 2.5 2 1 1 0 0
805.4 254.3 7.5 17 0 20.7 19.6 10.0 2.5 2 0 4 3 3
819.7 204.9 10.5 3 0 17.4 15.0 5.0 2.5 4 0 2 1 1
787.1 188.2 10.8 94 0 12.6 26.2 10.0 2.5 2 1 4 2 2
740.5 276.3 10.0 267 0 14.2 17.4 12.5 2.5 2 1 5 5 5
715.4 241.0 12.9 200 0 14.7 13.9 5.0 2.5 2 0 2 3 3
701.6 319.1 10.4 266 0 9.2 17.5 5.0 2.5 2 0 2 5 5
739.6 186.5 11.7 83 0 28.9 14.3 10.0 2.5 2 0 4 1 1
953.5 501.1 -3.5 274 0 15.7 27.8 12.5 2.5 2 1 5 5 5
874.6 457.6 0.4 3 0 17.6 11.8 7.5 2.5 2 0 3 3 3
992.2 362.2 -7.5 265 0 13.9 16.1 7.5 2.5 2 1 3 5 5
-593.4 -5718.1 -51.5 356 0 25.3 17.7 10.0 2.5 2 0 4 3 3
-666.4 -5927.3 -47.0 106 0 22.2 18.0 10.0 2.5 2 0 4 5 5
-824.5 -5987.8 -38.9 90 0 14.8 15.3 5.0 0.0 0 1 2 4 4
-377.7 -6218.5 -62.5 4 0 17.7 10.9 10.0 0.0 0 0 4 2 2
-378.1 -6158.4 -61.1 3 0 10.1 15.4 5.0 0.0 0 1 2 0 0
-384.4 -6124.3 -60.3 6 0 11.1 12.9 5.0 2.5 4 1 2 0 0
-513.0 -6485.1 -55.7 82 0 19.7 13.7 10.0 2.5 2 0 4 4 4
-377.1 -6351.1 -63.0 0 0 12.2 18.2 7.5 2.5 4 1 3 0 0
-386.5 -6375.2 -62.7 327 0 16.1 14.6 5.0 2.5 2 0 2 0 0
3001.2 -5541.4 -6.1 266 0 64.9 54.7 17.5 0.0 0 0 7 2 2
2814.5 -5727.1 -14.0 3 0 27.0 47.7 12.5 0.0 0 1 5 1 1
2806.7 -5626.4 -10.9 289 0 28.5 40.0 15.0 0.0 0 1 6 3 3
6292.9 6174.1 -42.9 22 0 18.2 16.6 12.5 2.5 2 0 5 2 2
6602.6 6826.9 -45.7 272 0 33.2 23.9 12.5 0.0 0 0 5 4 4
6138.5 6743.9 -32.8 261 0 19.8 25.5 7.5 2.5 2 1 3 5 5
6174.5 6666.5 -33.0 350 0 18.4 15.2 7.5 2.5 2 0 3 4 4
6319.7 6373.5 -35.1 86 0 14.6 15.1 7.5 2.5 2 1 3 5 5
6380.4 6176.6 -45.4 94 0 20.3 18.0 12.5 0.0 0 0 5 5 5
6697.8 5700.2 -13.4 65 0 17.8 16.5 12.5 2.5 2 0 5 0 0
6368.7 5432.5 -22.5 21 0 21.8 17.7 7.5 2.5 4 0 3 0 0
6437.8 5180.0 15.8 120 0 13.5 17.9 7.5 2.5 2 1 3 2 2
6524.1 4970.7 12.6 115 0 18.3 13.1 5.0 2.5 2 0 2 4 4
6621.8 4863.6 10.7 128 0 10.5 19.4 2.5 2.5 2 1 1 4 4
6645.0 4908.7 11.1 199 0 13.4 11.7 5.0 0.0 0 0 2 3 3
6657.7 6202.7 -37.8 92 0 22.1 34.3 12.5 0.0 0 1 5 2 2
-1235.5 6512.2 62.2 278 0 12.0 16.9 5.0 2.5 2 1 2 3 3
-1291.3 6576.6 51.7 93 0 10.8 12.1 5.0 2.5 4 1 2 5 5
-1275.3 6449.9 65.9 136 0 12.5 9.1 2.5 2.5 2 0 1 2 2
-1267.1 6435.6 64.5 147 0 11.1 12.4 5.0 2.5 4 1 2 1 1
4153.4 4714.0 14.9 21 0 11.1 15.5 7.5 0.0 0 1 3 4 4
4121.5 4746.9 14.9 301 0 16.7 15.2 7.5 2.5 2 0 3 0 0
4221.9 4557.5 24.0 71 0 12.3 13.2 2.5 2.5 2 1 1 4 4
4147.8 4698.2 17.1 20 0 11.1 16.3 7.5 2.5 2 1 3 1 1
4396.4 4568.1 13.8 197 0 14.2 16.0 5.0 0.0 0 1 2 2 2
4432.3 4595.1 14.1 204 0 20.5 10.9 2.5 2.5 4 0 1 1 1
4452.5 4560.8 13.0 19 0 29.9 8.5 7.5 2.5 2 0 3 4 4
4421.6 4624.5 14.6 206 0 10.5 32.5 7.5 2.5 2 1 3 3 3
4446.4 4685.2 11.7 10 0 8.2 9.9 5.0 2.5 2 1 2 2 2
4494.9 4622.0 14.3 28 0 37.5 9.0 7.5 2.5 2 0 3 3 3
4571.7 4516.8 8.2 355 0 14.5 15.1 5.0 2.5 2 1 2 1 1
1267.3 6530.4 -36.8 276 0 14.6 28.5 10.0 2.5 2 1 4 0 0
843.0 -555.3 32.8 107 0 14.9 14.9 10.0 2.5 4 1 4 2 2
763.5 -490.2 34.5 276 0 10.3 9.1 7.5 2.5 2 0 3 5 5
808.8 -480.0 35.5 12 0 11.7 10.7 10.0 2.5 2 0 4 4 4
836.7 -476.1 36.3 270 0 9.2 10.3 2.5 2.5 2 1 1 3 3
600.1 7.7 9.8 264 0 5.4 13.6 5.0 2.5 4 1 2 1 1
783.4 -70.0 21.4 181 0 9.4 15.6 5.0 2.5 2 1 2 2 2
846.6 -114.4 24.8 90 0 7.3 6.7 7.5 2.5 4 0 3 0 0
981.3 -17.1 19.8 91 0 13.8 13.3 7.5 2.5 2 0 3 2 2
868.1 -356.8 36.5 270 0 10.2 7.2 2.5 2.5 2 0 1 0 0
920.9 -407.7 38.2 91 0 5.2 7.5 5.0 2.5 2 1 2 1 1
876.3 -431.9 37.7 181 0 6.9 10.2 7.5 2.5 2 1 3 3 3
900.5 -408.6 38.1 91 0 10.0 8.3 5.0 2.5 2 0 2 2 2
879.7 -377.9 37.2 179 0 6.4 7.9 5.0 2.5 2 1 2 5 5
901.0 -373.0 37.2 285 0 11.3 12.7 7.5 2.5 2 1 3 2 2
894.6 -347.3 36.4 272 0 10.9 12.8 10.0 2.5 2 1 4 3 3
884.0 -223.6 32.2 180 0 7.7 7.1 5.0 2.5 2 0 2 2 2
893.5 -247.4 33.3 178 0 7.0 8.8 5.0 2.5 2 1 2 2 2
910.7 -240.8 33.1 179 0 12.3 10.0 5.0 2.5 2 0 2 4 4
886.8 -267.8 33.8 179 0 8.6 11.5 7.5 2.5 2 1 3 2 2
887.2 -292.2 34.4 88 0 8.9 7.3 7.5 2.5 2 0 3 4 4
1009.7 -176.0 30.3 359 0 8.4 12.9 5.0 2.5 2 1 2 2 2
1005.2 -200.7 31.6 57 0 15.1 12.2 2.5 2.5 2 0 1 3 3
996.8 -216.0 32.9 0 0 9.5 10.8 2.5 2.5 2 1 1 1 1
1007.7 -251.1 34.1 3 0 8.2 6.3 2.5 2.5 2 0 1 2 2
1006.1 -285.5 35.1 0 0 10.0 11.1 5.0 0.0 0 1 2 5 5
975.8 -339.5 36.8 272 0 8.4 13.6 7.5 2.5 2 1 3 3 3
1000.5 -309.8 35.8 360 0 9.2 12.8 2.5 2.5 4 1 1 1 1
985.0 -389.5 38.2 359 0 8.5 11.5 2.5 2.5 2 1 1 4 4
984.9 -369.9 37.5 0 0 15.1 12.4 10.0 2.5 2 0 4 5 5
962.3 -385.6 37.9 12 0 9.3 8.8 7.5 2.5 2 0 3 5 5
964.8 -406.5 38.5 1 0 9.7 10.2 5.0 2.5 2 1 2 3 3
951.7 -627.4 27.2 102 0 8.6 27.4 5.0 2.5 2 1 2 0 0
939.9 -598.0 28.4 269 0 19.4 15.5 12.5 2.5 2 0 5 1 1
947.0 -586.5 29.8 1 0 18.7 15.9 12.5 2.5 2 0 5 1 1
939.1 -519.3 35.3 180 0 10.3 9.7 5.0 2.5 2 0 2 0 0
954.6 -469.5 38.9 269 0 7.4 8.3 7.5 2.5 2 1 3 1 1
991.2 -480.2 38.3 360 0 10.7 7.8 5.0 2.5 2 0 2 1 1
1002.6 -479.5 38.3 8 0 11.0 9.2 5.0 2.5 2 0 2 0 0
996.2 -518.3 33.8 9 0 32.1 19.4 15.0 0.0 0 0 6 3 3
969.4 -528.8 34.9 88 0 19.3 21.2 10.0 2.5 2 1 4 2 2
941.5 -575.3 31.2 103 0 23.7 21.6 10.0 2.5 2 0 4 1 1
853.7 -213.8 31.4 178 0 5.2 9.2 5.0 2.5 2 1 2 5 5
893.9 -108.0 24.9 358 0 11.1 10.7 5.0 2.5 2 0 2 3 3
856.1 -159.2 27.9 179 0 7.6 14.4 5.0 2.5 2 1 2 3 3
860.2 -195.1 30.1 181 0 9.4 17.1 5.0 2.5 2 1 2 0 0
899.6 -203.1 31.1 182 0 10.1 9.9 2.5 2.5 2 0 1 3 3
981.8 -191.1 31.0 360 0 6.0 13.0 7.5 2.5 2 1 3 0 0
981.4 -165.5 29.4 360 0 8.6 15.0 7.5 2.5 2 1 3 3 3
979.0 -114.6 26.8 265 0 12.3 11.8 5.0 2.5 2 0 2 2 2
997.6 -106.5 26.5 269 0 13.3 18.0 5.0 2.5 2 1 2 5 5
847.8 -94.9 23.8 181 0 9.1 12.1 7.5 2.5 4 1 3 4 4
811.8 -26.6 18.8 295 0 27.4 15.0 12.5 0.0 0 0 5 3 3
727.5 -447.0 33.7 0 0 11.9 17.9 7.5 0.0 0 1 3 3 3
599.3 -203.7 24.1 359 0 20.9 53.0 10.0 2.5 2 1 4 3 3
509.8 -209.4 23.4 181 0 24.4 18.4 10.0 2.5 2 0 4 0 0
637.6 -186.5 27.0 295 0 15.1 18.9 10.0 2.5 2 1 4 5 5
568.3 -75.1 13.9 360 0 10.8 22.8 10.0 0.0 0 1 4 1 1
-1336.4 -1201.1 -21.4 183 0 10.0 11.4 2.5 2.5 2 1 1 0 0
-1360.9 -1191.4 -20.1 13 0 6.0 12.0 5.0 2.5 4 1 2 2 2
-1206.3 -916.9 6.4 108 0 7.5 8.1 2.5 2.5 2 1 1 0 0
-1311.3 -896.7 -6.1 177 0 13.3 17.6 7.5 2.5 2 1 3 1 1
-1267.3 -843.1 4.1 357 0 13.7 12.0 2.5 2.5 4 0 1 2 2
-1284.7 -676.3 11.9 356 0 11.5 12.5 5.0 2.5 2 1 2 1 1
-6391.7 1806.3 -59.7 287 0 27.0 10.8 12.5 2.5 2 0 5 1 1
4170.4 -1469.7 1.8 5 0 11.8 10.4 5.0 2.5 2 0 2 5 5
4157.4 -1535.1 3.2 4 0 9.4 9.1 7.5 2.5 2 0 3 4 4
4164.3 -1563.1 4.6 1 0 13.3 12.7 7.5 0.0 0 0 3 2 2
4126.7 -1482.0 -2.3 87 0 10.9 17.4 5.0 2.5 2 1 2 4 4
4098.0 -1530.6 -2.6 266 0 11.7 15.1 7.5 2.5 2 1 3 5 5
4097.1 -1494.1 -4.4 107 0 12.6 15.9 7.5 2.5 2 1 3 4 4
4073.1 -1488.8 -7.5 87 0 15.3 11.7 2.5 2.5 2 0 1 1 1
4201.4 -1530.3 8.5 177 0 10.7 11.4 5.0 2.5 2 1 2 4 4
4196.8 -1559.6 9.2 178 0 10.3 10.0 5.0 2.5 2 0 2 0 0
4243.9 -1502.4 10.8 22 0 10.6 10.7 2.5 2.5 2 1 1 4 4
4245.0 -1479.8 9.8 53 0 11.4 12.3 5.0 2.5 2 1 2 4 4
4191.1 -1469.6 5.2 189 0 12.2 8.3 5.0 2.5 2 0 2 1 1
4196.9 -1499.6 6.8 184 0 14.6 8.7 2.5 2.5 2 0 1 3 3
4254.4 -1434.3 8.1 1 0 12.8 11.8 2.5 2.5 2 0 1 0 0
4240.8 -1386.1 4.7 180 0 11.1 10.8 7.5 2.5 2 0 3 1 1
4263.5 -1397.9 7.1 320 0 6.6 10.8 2.5 2.5 2 1 1 3 3
4270.7 -1415.5 8.4 338 0 9.8 12.5 5.0 0.0 0 1 2 5 5
4181.9 -1427.8 1.6 1 0 13.0 7.7 7.5 2.5 2 0 3 0 0
4189.1 -1409.7 1.7 21 0 13.1 9.2 5.0 2.5 2 0 2 2 2
4170.3 -1402.2 -0.8 360 0 10.2 10.5 5.0 0.0 0 1 2 0 0
4129.0 -1418.2 -3.2 199 0 11.9 14.9 7.5 2.5 2 1 3 2 2
4145.7 -1354.5 -5.6 87 0 12.4 12.7 7.5 2.5 2 1 3 5 5
4159.9 -1343.4 -5.0 90 0 10.4 10.0 10.0 2.5 2 0 4 5 5
4134.6 -1329.0 -7.2 176 0 11.3 9.8 5.0 2.5 2 0 2 0 0
4178.1 -1339.8 -4.2 89 0 9.2 15.8 2.5 2.5 4 1 1 3 3
4199.3 -1318.7 -4.1 355 0 12.0 15.0 7.5 0.0 0 1 3 2 2
4065.1 -2595.0 -27.9 95 0 35.2 20.3 17.5 0.0 0 0 7 4 4
4250.5 -1792.1 -1.0 280 0 19.5 18.4 10.0 2.5 2 0 4 0 0
4226.0 -1748.6 2.1 178 0 11.2 12.3 5.0 2.5 2 1 2 2 2
1231.8 -1454.5 -38.8 295 0 11.1 10.5 5.0 2.5 2 0 2 1 1
1214.6 -1430.4 -38.6 291 0 11.8 9.7 5.0 0.0 0 0 2 0 0
1261.9 -1488.4 -40.3 299 0 13.6 32.6 10.0 2.5 2 1 4 0 0
4889.6 3064.0 -47.3 51 0 67.6 33.5 10.0 0.0 0 0 4 3 3
-4540.7 -263.8 -44.3 90 0 15.9 12.6 2.5 2.5 4 0 1 5 5
-4361.0 -237.4 -36.6 89 0 7.0 10.1 7.5 0.0 0 1 3 5 5
-3822.4 -5065.6 -47.4 357 0 15.5 7.7 7.5 2.5 2 0 3 3 3
-3828.1 -4946.0 -25.5 76 0 4.8 12.8 7.5 2.5 2 1 3 3 3
-3824.6 -4851.2 -27.0 276 0 7.0 9.0 2.5 2.5 2 1 1 5 5
-3943.8 -4642.7 -30.2 116 0 9.2 10.4 7.5 2.5 2 1 3 2 2
-3992.3 -4697.9 -33.4 71 0 9.5 13.2 5.0 2.5 2 1 2 4 4
-4034.6 -4722.4 -52.9 65 0 13.6 11.2 5.0 2.5 2 0 2 5 5
-4056.6 -4757.3 -64.8 203 0 7.8 8.8 7.5 0.0 0 1 3 0 0
-4063.5 -4730.2 -61.6 124 0 8.4 8.3 2.5 2.5 4 0 1 2 2
-3891.1 -4686.9 -21.7 142 0 13.5 19.6 7.5 2.5 2 1 3 0 0
-3845.2 -4720.5 -12.9 273 0 6.7 13.7 7.5 2.5 2 0 3 5 5
-4290.9 -5409.4 -44.0 288 0 9.8 11.1 5.0 0.0 0 1 2 4 4
-4363.2 -5428.8 -51.3 139 0 9.3 10.7 7.5 2.5 2 1 3 3 3
-4373.2 -5367.0 -45.7 335 0 14.5 6.6 7.5 2.5 4 0 3 2 2
-4396.0 -5394.1 -51.2 87 0 9.3 18.0 5.0 2.5 2 1 2 5 5
-4359.6 -5319.1 -36.9 165 0 12.1 10.7 7.5 2.5 2 0 3 5 5
-4327.0 -5128.1 -57.3 83 0 8.4 17.0 2.5 2.5 2 1 1 4 4
-4311.9 -5120.2 -56.1 82 0 9.3 10.8 7.5 2.5 2 1 3 1 1
-4763.6 -4769.7 -69.0 263 0 14.0 10.6 7.5 2.5 2 0 3 1 1
-4906.9 -4800.6 -63.6 270 0 10.7 13.5 7.5 2.5 2 1 3 0 0
-5021.2 -4788.7 -45.6 268 0 14.7 9.4 2.5 2.5 2 0 1 5 5
-5034.0 -4780.1 -43.5 272 0 11.5 8.6 2.5 2.5 2 0 1 2 2
-5143.8 -4753.2 -37.0 95 0 12.8 11.8 2.5 2.5 2 0 1 2 2
-4059.0 -5735.3 -73.2 124 0 8.3 14.1 7.5 2.5 2 1 3 0 0
-4145.9 -5571.4 -68.4 106 0 7.2 10.4 5.0 2.5 2 1 2 5 5
-4197.3 -5474.6 -65.8 350 0 12.8 16.4 7.5 2.5 2 1 3 0 0
6491.1 4070.3 -5.7 212 0 10.4 39.6 7.5 2.5 2 1 3 4 4
6493.0 4085.0 -7.5 212 0 10.5 51.2 12.5 2.5 2 1 5 4 4
6505.6 4094.4 -7.5 208 0 12.2 17.6 10.0 2.5 2 0 4 3 3
6524.9 4140.8 -6.3 14 0 21.8 15.7 17.5 0.0 0 0 7 0 0
2666.7 6162.9 -17.7 89 0 12.9 9.5 5.0 2.5 2 0 2 3 3
2509.5 6171.6 -18.6 20 0 6.5 4.8 2.5 2.5 2 0 1 2 2
2247.7 5959.4 -25.8 73 0 7.3 11.3 5.0 2.5 2 1 2 1 1
2645.4 5599.2 -24.0 111 0 14.8 16.3 7.5 2.5 2 1 3 1 1
2189.2 5898.0 -32.3 90 0 8.8 23.1 7.5 0.0 0 1 3 3 3
1695.6 6094.9 -37.0 86 0 8.2 14.7 7.5 2.5 2 1 3 0 0
4950.0 3537.1 -45.5 99 0 26.6 15.0 12.5 2.5 2 0 5 0 0
2248.3 3537.6 -25.1 272 0 90.8 103.1 12.5 0.0 0 1 5 1 1
1941.1 3464.3 -24.4 266 0 12.5 15.2 10.0 2.5 2 1 4 1 1
1916.4 3615.9 -26.4 82 0 33.6 20.4 10.0 0.0 0 0 4 3 3
4625.3 -3737.6 -29.4 64 0 9.8 11.0 5.0 2.5 2 1 2 3 3
4021.9 -3132.7 -39.8 90 0 18.1 28.4 12.5 0.0 0 1 5 2 2
3847.0 253.4 -23.0 0 0 13.3 11.5 7.5 2.5 2 0 3 5 5
3824.6 276.4 -21.3 185 0 16.1 11.7 2.5 2.5 2 0 1 5 5
3790.7 320.5 -17.5 179 0 14.1 11.1 7.5 2.5 4 0 3 1 1
3859.0 334.3 -17.1 356 0 16.7 15.5 12.5 2.5 4 0 5 0 0
-711.7 1404.7 18.4 291 0 8.7 17.4 2.5 2.5 2 1 1 2 2
-847.6 1334.0 9.7 178 0 8.3 9.7 2.5 2.5 2 1 1 3 3
-963.4 1041.6 -25.8 261 0 10.4 10.2 10.0 2.5 2 0 4 3 3
-955.3 1368.7 2.7 261 0 14.0 9.7 2.5 2.5 2 0 1 5 5
-913.1 1341.2 4.2 87 0 14.3 12.8 10.0 2.5 2 0 4 2 2
-878.1 1388.2 12.6 295 0 14.6 13.5 7.5 2.5 2 0 3 5 5
-688.5 1347.1 17.1 267 0 7.0 14.5 7.5 2.5 2 1 3 4 4
-616.3 1200.6 22.3 99 0 15.3 18.7 10.0 2.5 2 1 4 1 1
-645.6 1472.9 18.6 82 0 18.3 19.2 10.0 2.5 2 1 4 2 2
-556.5 1435.5 25.2 274 0 13.9 8.1 5.0 0.0 0 0 2 5 5
-503.7 1385.7 27.4 80 0 8.9 23.7 7.5 2.5 2 0 3 0 0
-394.2 1378.0 30.2 104 0 57.7 8.4 7.5 2.5 2 0 3 2 2
-457.3 1327.1 30.8 11 0 9.1 12.0 2.5 2.5 2 1 1 4 4
-460.4 1610.8 22.5 268 0 14.9 13.1 5.0 2.5 2 0 2 1 1
-395.7 1545.4 26.2 168 0 6.8 15.1 5.0 2.5 2 1 2 3 3
-380.7 1488.7 28.1 178 0 18.0 11.4 7.5 2.5 2 0 3 3 3
-79.2 1577.4 46.1 189 0 12.5 9.1 2.5 2.5 2 0 1 3 3
-77.3 1487.2 45.9 170 0 13.0 14.0 2.5 2.5 2 1 1 3 3
203.1 1668.1 26.3 90 0 14.4 9.8 5.0 2.5 2 0 2 2 2
263.5 1696.4 29.3 326 0 13.0 15.4 5.0 2.5 2 1 2 4 4
211.7 1590.4 34.5 168 0 19.3 11.3 7.5 2.5 2 0 3 4 4
231.3 1612.0 32.5 245 0 11.1 17.4 5.0 2.5 2 1 2 3 3
404.6 1455.2 39.4 80 0 14.1 12.7 7.5 2.5 2 0 3 0 0
477.0 1578.0 52.1 176 0 6.3 9.2 7.5 2.5 2 1 3 3 3
542.6 1620.6 58.8 259 0 7.7 9.9 7.5 2.5 2 1 3 2 2
717.4 1502.1 35.1 0 0 10.8 10.5 5.0 2.5 2 0 2 4 4
732.0 1473.0 32.9 261 0 7.3 13.1 7.5 2.5 2 1 3 1 1
719.3 1354.5 30.8 174 0 7.5 9.0 2.5 2.5 2 1 1 3 3
778.3 1381.6 28.3 350 0 8.7 7.8 7.5 2.5 2 0 3 5 5
783.5 1430.9 29.1 357 0 10.3 6.4 5.0 2.5 2 0 2 3 3
863.1 1348.1 22.1 344 0 8.5 8.6 7.5 2.5 2 1 3 0 0
946.6 1404.4 18.0 352 0 13.0 11.4 7.5 2.5 2 0 3 0 0
942.8 1444.1 19.2 347 0 11.8 9.5 7.5 2.5 2 0 3 4 4
1130.3 1317.2 17.0 349 0 12.9 9.4 7.5 2.5 2 0 3 2 2
1322.8 1083.4 5.1 340 0 7.0 13.4 7.5 2.5 2 1 3 3 3
-3629.8 5977.0 -13.8 73 0 16.3 15.6 12.5 0.0 0 0 5 5 5
-5577.3 5134.0 -47.0 265 0 13.2 18.5 7.5 2.5 4 1 3 1 1
-5654.4 5082.1 -46.9 269 0 11.5 11.0 2.5 2.5 2 0 1 5 5
-5510.8 5162.0 -51.2 180 0 7.6 16.7 7.5 2.5 4 1 3 5 5
-5377.5 5063.2 -50.2 69 0 9.8 16.0 7.5 2.5 2 1 3 5 5
-5421.1 5039.9 -48.9 87 0 11.8 16.0 5.0 2.5 2 1 2 1 1
-5349.8 5135.4 -51.8 351 0 9.6 11.7 2.5 2.5 2 1 1 3 3
-4598.4 5504.7 -41.3 64 0 13.6 14.0 7.5 0.0 0 1 3 4 4
1489.2 6533.5 -45.2 179 0 14.5 17.8 10.0 2.5 2 1 4 5 5
1468.6 6408.6 -47.5 213 0 12.2 19.0 5.0 2.5 2 1 2 5 5
1499.9 6436.4 -47.4 17 0 17.8 12.3 2.5 2.5 2 0 1 4 4
1495.8 6460.0 -46.8 2 0 18.2 13.5 5.0 2.5 2 0 2 0 0
1278.2 6389.6 -36.6 108 0 17.1 20.1 12.5 2.5 2 1 5 2 2
1398.0 6414.2 -44.0 172 0 15.2 17.8 15.0 0.0 0 1 6 3 3
1539.5 6357.4 -50.1 126 0 16.8 18.0 7.5 2.5 2 1 3 3 3
1509.7 6379.1 -49.3 313 0 17.4 13.0 7.5 2.5 2 0 3 0 0
1612.6 6282.7 -48.0 41 0 10.3 38.5 12.5 2.5 4 1 5 3 3
1579.5 6433.5 -50.5 293 0 12.6 33.4 10.0 2.5 2 1 4 2 2
1582.8 6357.2 -50.4 24 0 8.4 11.7 7.5 2.5 2 1 3 1 1
1535.2 6557.5 -46.0 17 0 15.9 13.5 10.0 2.5 2 0 4 1 1
1510.4 6701.9 -44.6 267 0 12.1 13.0 2.5 2.5 2 1 1 5 5
1543.6 6688.4 -45.6 280 0 15.7 14.4 5.0 2.5 2 0 2 2 2
1516.5 6632.6 -44.7 195 0 19.1 13.2 10.0 2.5 2 0 4 1 1
1596.0 6643.8 -47.6 91 0 14.7 14.8 10.0 2.5 2 1 4 4 4
1408.6 6747.4 -45.0 92 0 13.4 22.2 10.0 2.5 2 1 4 3 3
1380.3 6537.7 -39.3 334 0 17.3 12.0 5.0 2.5 2 0 2 2 2
1448.8 6693.1 -43.5 262 0 14.4 10.4 5.0 2.5 2 0 2 4 4
1225.5 6621.7 -40.7 5 0 26.7 19.5 7.5 2.5 2 0 3 0 0
1147.2 6507.7 -38.1 108 0 15.8 21.6 10.0 2.5 2 1 4 4 4
1199.4 6526.3 -38.0 17 0 17.5 17.3 7.5 2.5 2 0 3 0 0
1213.1 6533.0 -38.0 194 0 37.7 9.4 7.5 0.0 0 0 3 0 0
1205.9 6471.2 -35.4 183 0 11.7 11.4 5.0 2.5 2 0 2 4 4
1237.4 6455.0 -35.1 94 0 12.6 22.8 10.0 2.5 2 1 4 0 0
1284.2 6487.2 -35.8 4 0 12.8 34.4 7.5 2.5 2 1 3 4 4
1166.4 6481.1 -36.1 273 0 10.3 13.9 5.0 2.5 2 1 2 3 3
1095.7 6472.6 -36.8 180 0 12.0 12.9 5.0 0.0 0 1 2 3 3
1119.7 6495.7 -37.3 269 0 15.7 17.8 10.0 2.5 2 1 4 0 0
1206.4 6458.2 -34.8 204 0 5.4 8.2 7.5 2.5 2 1 3 3 3
1277.5 6723.9 -42.1 63 0 12.4 38.0 10.0 2.5 2 1 4 5 5
1227.4 6828.8 -40.6 246 0 13.0 50.9 10.0 2.5 2 1 4 5 5
1302.6 6813.0 -41.3 6 0 27.3 9.2 7.5 0.0 0 0 3 4 4
1330.4 6824.8 -41.3 89 0 20.6 10.0 5.0 2.5 2 0 2 2 2
4531.4 1244.1 3.4 95 0 10.0 9.1 5.0 2.5 2 0 2 2 2
4556.2 1492.9 2.7 11 0 13.0 9.1 7.5 2.5 2 0 3 2 2
4512.6 1578.2 2.4 349 0 8.1 9.8 2.5 2.5 2 1 1 4 4
4535.8 1597.3 0.5 242 0 18.2 9.9 2.5 2.5 2 0 1 0 0
4574.8 1582.4 -0.4 1 0 9.1 9.7 5.0 0.0 0 1 2 4 4
4541.5 1627.0 -3.0 103 0 10.7 8.8 7.5 2.5 2 0 3 0 0
4551.4 1743.2 -10.0 182 0 9.5 12.4 5.0 2.5 2 1 2 0 0
4482.4 1564.7 3.6 187 0 7.4 9.2 7.5 2.5 2 1 3 5 5
4535.5 1514.6 3.1 280 0 5.1 11.5 2.5 2.5 2 1 1 5 5
4562.7 1619.0 -1.7 176 0 9.9 11.9 5.0 2.5 2 1 2 3 3
4443.8 1653.7 -5.8 14 0 11.0 5.9 7.5 2.5 2 0 3 1 1
4573.4 1634.9 -3.3 350 0 9.6 9.0 5.0 2.5 4 0 2 1 1
4581.2 1657.5 -6.1 1 0 12.5 7.8 7.5 2.5 2 0 3 3 3
4467.9 1731.7 -14.9 16 0 12.7 14.4 5.0 2.5 2 1 2 0 0
4429.8 1698.1 -10.6 0 0 10.5 11.4 7.5 2.5 2 1 3 0 0
4383.2 1675.9 -8.2 198 0 10.9 8.3 5.0 2.5 2 0 2 3 3
4403.3 1744.6 -16.0 180 0 14.2 8.9 5.0 2.5 2 0 2 5 5
4462.9 1752.2 -16.3 288 0 10.8 8.8 5.0 2.5 2 0 2 2 2
4502.5 1857.4 -17.4 114 0 29.6 12.4 12.5 2.5 2 0 5 2 2
4537.4 1696.2 -10.2 194 0 8.6 17.1 7.5 2.5 2 1 3 4 4
-5554.7 6259.6 -47.9 226 0 12.9 12.9 5.0 0.0 0 0 2 5 5
-5555.5 5948.5 -51.0 238 0 14.7 9.6 7.5 2.5 2 0 3 3 3
-5551.0 5924.9 -51.5 102 0 12.2 15.5 2.5 2.5 2 1 1 5 5
-3764.1 -4910.5 -37.1 5 0 17.2 13.4 7.5 0.0 0 0 3 3 3
-3763.2 -5169.6 -66.5 3 0 9.7 10.5 7.5 2.5 2 1 3 4 4
-3786.6 -5196.9 -65.3 173 0 14.2 15.6 5.0 2.5 4 1 2 2 2
3440.1 -6745.4 -8.4 78 0 9.9 28.2 7.5 2.5 2 1 3 2 2
3476.9 -6646.8 -12.9 83 0 14.1 11.3 5.0 2.5 2 0 2 1 1
3492.1 -6750.2 -5.4 352 0 11.4 10.5 2.5 2.5 2 0 1 1 1
3572.5 -6820.8 -8.5 100 0 5.9 12.4 5.0 2.5 2 1 2 1 1
4090.4 -6809.0 -44.3 97 0 10.7 11.1 7.5 2.5 2 1 3 0 0
4114.3 -6790.6 -41.2 87 0 10.7 9.8 2.5 2.5 2 0 1 5 5
4153.7 -6771.4 -38.0 356 0 18.5 14.1 12.5 2.5 2 0 5 4 4
3995.2 -6645.2 -55.8 86 0 12.3 16.7 5.0 2.5 2 1 2 2 2
3824.4 -6788.1 -37.3 89 0 13.5 14.5 7.5 2.5 2 1 3 5 5
6797.9 -587.9 -19.7 267 0 10.0 22.4 5.0 2.5 2 1 2 0 0
6800.2 -633.1 -19.3 87 0 9.7 20.6 5.0 2.5 2 1 2 3 3
6838.9 -626.5 -17.8 5 0 13.4 24.6 10.0 2.5 2 1 4 4 4
6835.5 -601.0 -17.8 22 0 13.3 14.7 7.5 2.5 2 1 3 0 0
6831.4 -561.1 -18.7 283 0 30.6 16.9 12.5 2.5 2 0 5 0 0
6815.9 -663.5 -17.1 187 0 21.2 9.1 5.0 2.5 2 0 2 3 3
6797.3 -562.9 -20.2 268 0 9.3 23.3 5.0 2.5 2 1 2 0 0
6865.7 -558.9 -16.3 4 0 12.2 12.0 5.0 2.5 2 0 2 0 0
6790.6 -815.7 -24.9 109 0 8.9 14.2 2.5 2.5 4 1 1 1 1
6895.8 -851.4 -14.6 0 0 5.4 10.5 7.5 2.5 2 1 3 5 5
6823.8 -420.5 -20.5 181 0 11.9 14.6 2.5 2.5 2 1 1 3 3
3488.4 -6214.2 -50.9 93 0 13.4 9.1 5.0 2.5 2 0 2 3 3
3530.7 -6152.3 -48.7 112 0 11.4 12.3 2.5 0.0 0 1 1 5 5
3572.1 -6236.7 -51.0 81 0 15.1 14.0 5.0 2.5 2 0 2 3 3
3575.0 -6179.5 -48.0 176 0 16.0 15.9 12.5 2.5 2 0 5 5 5
3621.5 -6197.1 -47.4 359 0 16.2 12.8 5.0 2.5 2 0 2 5 5
3577.1 -6050.3 -42.7 188 0 13.6 12.6 5.0 2.5 2 0 2 4 4
3642.6 -6014.6 -38.5 14 0 12.5 11.6 5.0 2.5 2 0 2 5 5
3614.8 -6094.8 -42.6 274 0 8.6 10.4 5.0 2.5 2 1 2 3 3
3611.2 -5991.9 -38.8 185 0 16.3 14.4 7.5 2.5 4 0 3 2 2
3630.9 -5919.2 -35.2 70 0 13.3 15.6 2.5 2.5 2 1 1 4 4
3495.3 -5887.4 -39.8 19 0 19.3 17.6 10.0 2.5 2 0 4 4 4
4052.6 -5983.9 -53.0 113 0 19.4 12.8 7.5 2.5 2 0 3 2 2
4054.1 -5851.6 -49.0 290 0 26.4 17.0 10.0 0.0 0 0 4 5 5
4041.5 -5791.6 -45.3 4 0 15.0 22.0 10.0 2.5 2 1 4 5 5
3963.8 -5762.0 -41.4 198 0 14.4 14.7 5.0 2.5 2 1 2 5 5
4499.3 -5482.7 -48.4 187 0 15.8 20.8 7.5 2.5 2 1 3 5 5
4498.1 -5591.7 -47.6 180 0 17.0 13.1 7.5 2.5 2 0 3 3 3
4537.1 -5498.2 -47.3 80 0 19.0 13.7 10.0 2.5 2 0 4 2 2
4548.5 -5364.9 -47.4 182 0 14.6 13.8 5.0 2.5 4 0 2 0 0
4652.5 -5636.6 -34.1 95 0 14.5 21.1 10.0 0.0 0 1 4 1 1
4679.5 -5511.4 -33.9 83 0 10.7 11.8 5.0 2.5 2 1 2 1 1
4527.3 -5725.2 -43.9 174 0 21.1 12.7 7.5 2.5 2 0 3 0 0
4576.4 -5795.6 -41.3 9 0 13.6 15.3 2.5 2.5 2 1 1 1 1
4556.3 -5654.5 -45.7 4 0 14.1 12.9 7.5 2.5 2 0 3 0 0
4672.9 -5384.1 -40.8 267 0 9.0 9.8 2.5 2.5 2 1 1 0 0
4463.2 -5241.6 -50.0 180 0 17.6 22.3 5.0 2.5 2 1 2 5 5
4457.3 -5183.2 -47.7 16 0 13.8 16.2 2.5 2.5 2 1 1 1 1
4421.7 -5204.2 -47.5 85 0 18.0 13.9 5.0 2.5 2 0 2 0 0
4428.1 -4971.2 -34.4 356 0 12.2 8.0 7.5 0.0 0 0 3 1 1
4495.6 -5126.0 -47.5 176 0 8.6 12.8 2.5 2.5 2 1 1 3 3
5130.5 -5985.4 -20.8 185 0 11.1 15.4 10.0 2.5 2 1 4 5 5
5198.1 -6095.1 -28.8 5 0 9.4 15.6 7.5 2.5 2 1 3 1 1
5176.6 -6135.8 -36.6 98 0 19.1 14.2 10.0 2.5 2 0 4 5 5
5214.6 -6043.2 -26.9 357 0 14.1 20.7 10.0 2.5 2 1 4 1 1
5212.3 -5993.0 -25.5 357 0 16.1 16.4 12.5 2.5 2 1 5 3 3
3951.0 -6251.1 -47.3 265 0 18.2 21.8 12.5 2.5 2 1 5 5 5
3971.6 -6304.0 -49.1 66 0 14.1 17.0 7.5 2.5 2 1 3 4 4
3844.4 -6257.5 -42.3 175 0 15.0 15.2 2.5 2.5 2 1 1 1 1
3913.4 -6239.7 -44.3 275 0 13.5 14.2 2.5 2.5 2 1 1 0 0
3908.4 -6620.6 -53.8 349 0 13.5 16.3 7.5 2.5 2 1 3 2 2
3899.8 -6549.8 -53.5 346 0 12.2 18.5 5.0 2.5 2 1 2 3 3
3813.5 -6577.0 -45.5 157 0 10.8 11.3 10.0 2.5 2 1 4 1 1
4188.1 -5598.0 -41.2 237 0 16.9 15.6 10.0 2.5 2 0 4 3 3
4212.4 -5590.8 -41.3 324 0 18.1 13.2 5.0 2.5 2 0 2 3 3
4299.4 -5660.2 -48.4 161 0 13.2 21.3 10.0 2.5 2 1 4 0 0
4356.0 -5526.7 -44.4 268 0 18.4 14.5 12.5 2.5 2 0 5 0 0
4372.0 -5650.3 -47.4 86 0 17.8 18.8 12.5 2.5 2 1 5 1 1
4335.3 -5597.7 -45.4 211 0 16.5 13.9 7.5 2.5 2 0 3 1 1
4222.2 -5098.0 -9.2 43 0 26.9 34.1 12.5 0.0 0 0 5 5 5
4154.4 -5155.7 -2.5 40 0 27.7 24.4 10.0 0.0 0 0 4 5 5
4157.8 -5229.3 -3.2 52 0 34.9 29.8 12.5 0.0 0 0 5 3 3
4179.5 -5252.5 -8.4 34 0 27.6 22.5 12.5 0.0 0 0 5 3 3
4155.0 -5302.6 -11.4 40 0 57.3 39.9 10.0 0.0 0 0 4 3 3
4097.3 -5340.5 -11.8 346 0 31.7 51.4 12.5 0.0 0 1 5 0 0
4123.0 -5278.3 -5.1 46 0 30.5 45.3 12.5 0.0 0 1 5 3 3
4014.6 -5377.2 -5.0 91 0 27.8 29.6 10.0 0.0 0 1 4 4 4
3966.4 -5368.9 2.0 95 0 44.4 23.2 10.0 0.0 0 0 4 1 1
3874.8 -5244.9 11.5 179 0 17.6 46.1 12.5 2.5 2 0 5 1 1
3890.1 -5208.9 7.7 182 0 31.5 35.4 12.5 0.0 0 1 5 2 2
3927.5 -5232.0 5.0 183 0 50.4 19.9 10.0 2.5 2 0 4 4 4
5515.2 -6783.4 -37.9 99 0 15.5 10.5 5.0 2.5 2 0 2 3 3
5456.1 -6747.1 -37.5 93 0 9.6 9.7 5.0 2.5 2 1 2 0 0
5525.5 -6743.8 -35.9 355 0 9.2 14.3 2.5 0.0 0 1 1 2 2
5492.9 -6686.0 -33.4 268 0 9.6 10.0 7.5 2.5 2 1 3 0 0
5536.9 -6483.9 -34.9 173 0 14.2 14.3 10.0 2.5 2 1 4 0 0
5586.8 -6493.9 -36.5 5 0 10.4 10.6 7.5 2.5 4 1 3 5 5
5660.1 -6538.6 -38.8 284 0 12.7 16.0 7.5 2.5 2 1 3 5 5
5535.4 -6421.9 -36.0 267 0 11.7 12.5 2.5 0.0 0 1 1 3 3
5515.2 -6118.5 -45.2 81 0 13.1 13.1 7.5 2.5 2 0 3 3 3
4782.0 -5158.6 -25.0 81 0 11.7 10.6 2.5 2.5 2 0 1 3 3
4716.9 -5040.4 -25.2 171 0 21.6 16.6 10.0 2.5 2 0 4 5 5
4767.8 -4965.7 -19.9 85 0 14.4 17.2 5.0 2.5 2 1 2 4 4
4653.8 -4900.4 -33.6 354 0 16.5 13.8 5.0 2.5 2 0 2 4 4
4619.0 -4855.9 -36.9 268 0 15.0 15.7 12.5 2.5 2 1 5 5 5
4575.1 -4910.6 -41.2 176 0 15.7 15.1 10.0 2.5 2 0 4 4 4
4608.6 -4979.8 -38.8 353 0 14.2 10.6 2.5 2.5 2 0 1 2 2
4419.0 -5429.7 -50.9 85 0 21.0 20.1 12.5 2.5 2 0 5 0 0
4257.0 -5850.9 -46.0 258 0 14.2 11.5 2.5 2.5 2 0 1 3 3
4306.0 -6435.6 -39.0 40 0 17.4 13.7 10.0 2.5 2 0 4 3 3
4278.0 -6357.4 -43.3 89 0 11.3 13.4 2.5 2.5 4 1 1 3 3
4108.4 -6478.5 -50.2 95 0 16.5 20.5 10.0 2.5 2 1 4 4 4
-6567.9 802.0 -61.5 255 0 7.4 9.1 7.5 2.5 2 1 3 4 4
-6570.6 820.6 -62.2 81 0 7.5 19.2 7.5 2.5 2 1 3 5 5
-6624.5 1049.4 -61.4 82 0 10.5 13.0 5.0 2.5 2 1 2 4 4
-6580.3 1952.7 -64.6 357 0 9.9 11.0 7.5 2.5 2 1 3 5 5
-6762.4 2000.0 -59.1 1 0 14.1 13.8 5.0 2.5 2 0 2 3 3
-6865.0 2081.9 -57.7 180 0 7.4 11.4 5.0 2.5 2 1 2 1 1
-6812.4 2241.1 -52.6 86 0 8.6 18.9 2.5 2.5 2 1 1 5 5
-6815.0 2275.7 -50.1 197 0 9.6 7.4 7.5 2.5 2 0 3 0 0
-6785.4 2287.1 -49.9 274 0 8.3 10.2 5.0 2.5 2 1 2 4 4
-6891.9 2382.7 -36.3 90 0 6.0 7.7 7.5 2.5 2 1 3 0 0
-6862.9 2536.6 -43.1 85 0 10.9 14.3 5.0 2.5 2 1 2 3 3
-6913.4 2015.5 -53.3 178 0 8.2 9.0 5.0 2.5 4 1 2 4 4
5181.5 240.4 -21.0 342 0 11.5 14.0 7.5 2.5 2 1 3 2 2
5132.1 257.6 -21.8 105 0 11.7 13.3 2.5 2.5 2 1 1 4 4
5211.1 224.6 -20.3 351 0 16.4 18.7 7.5 2.5 2 1 3 0 0
5154.2 233.6 -24.6 93 0 15.6 12.3 10.0 2.5 2 0 4 2 2
5231.0 217.6 -20.8 272 0 17.6 14.4 7.5 2.5 2 0 3 5 5
5224.6 60.3 -29.5 26 0 16.9 13.7 5.0 2.5 2 0 2 3 3
5294.4 267.1 -19.7 184 0 11.2 12.6 2.5 2.5 2 1 1 3 3
5312.1 214.2 -21.4 264 0 10.3 14.5 7.5 2.5 2 1 3 0 0
5403.9 221.3 -20.9 87 0 9.6 11.2 7.5 2.5 2 1 3 3 3
5407.2 269.8 -16.2 279 0 9.6 8.2 2.5 2.5 2 0 1 4 4
5426.7 216.0 -19.4 94 0 8.3 10.3 5.0 2.5 2 1 2 5 5
5356.8 51.1 -27.8 190 0 10.0 17.0 7.5 2.5 2 1 3 2 2
5460.1 177.3 -26.7 288 0 10.6 55.1 10.0 0.0 0 1 4 3 3
5655.9 201.9 -1.1 299 0 19.3 18.9 10.0 0.0 0 0 4 5 5
5675.3 96.2 -9.9 284 0 11.8 20.1 7.5 2.5 2 1 3 3 3
5693.9 59.4 -9.1 136 0 18.0 8.1 5.0 2.5 2 0 2 0 0
5778.5 81.6 0.8 73 0 6.8 12.6 7.5 0.0 0 1 3 1 1
5697.2 155.2 0.4 110 0 17.5 17.6 10.0 2.5 4 1 4 2 2
5750.0 217.5 6.7 354 0 8.8 15.6 7.5 2.5 2 1 3 5 5
5720.7 313.3 10.6 241 0 9.7 16.4 7.5 2.5 4 1 3 1 1
5755.5 274.3 9.4 55 0 8.4 8.5 7.5 2.5 2 1 3 3 3
5775.0 256.5 8.4 357 0 6.1 11.0 5.0 2.5 2 1 2 2 2
5755.1 315.1 11.0 352 0 10.3 7.7 2.5 2.5 2 0 1 3 3
5736.9 428.0 17.4 258 0 8.7 9.3 7.5 2.5 2 1 3 1 1
4978.5 333.0 -16.1 90 0 10.9 7.7 7.5 0.0 0 0 3 4 4
4986.4 440.5 -13.4 255 0 6.1 20.2 7.5 2.5 2 1 3 1 1
4897.6 374.0 -14.6 103 0 12.2 10.9 5.0 0.0 0 0 2 4 4
4392.7 6527.0 1.6 168 0 8.9 6.3 7.5 2.5 2 0 3 5 5
4510.2 6413.3 48.6 348 0 13.0 7.1 2.5 2.5 2 0 1 2 2
4697.5 6794.2 -12.9 90 0 6.6 8.7 5.0 2.5 2 1 2 4 4
4027.6 5996.3 12.8 264 0 11.9 16.7 7.5 2.5 2 1 3 5 5
3839.3 5896.5 8.7 181 0 16.5 12.4 5.0 2.5 2 0 2 5 5
3862.7 5832.4 13.1 352 0 16.7 11.4 7.5 2.5 2 0 3 3 3
3896.4 5854.7 12.6 356 0 14.4 11.4 5.0 2.5 2 0 2 1 1
3862.2 5792.3 17.0 97 0 10.0 17.8 7.5 2.5 2 1 3 2 2
4018.8 5679.1 48.8 235 0 9.4 9.6 7.5 2.5 2 1 3 5 5
4056.6 5677.8 50.9 54 0 12.9 12.0 2.5 2.5 2 0 1 5 5
4012.0 5619.8 54.8 67 0 11.6 11.6 2.5 2.5 2 0 1 3 3
4137.8 5581.8 54.4 96 0 8.1 10.6 5.0 2.5 4 1 2 3 3
4015.6 5904.9 20.9 174 0 17.2 7.9 7.5 2.5 2 0 3 5 5
3761.8 5794.5 15.0 19 0 12.5 9.2 5.0 2.5 2 0 2 5 5
4062.9 5227.8 32.0 172 0 13.0 14.6 5.0 2.5 2 1 2 5 5
4050.8 5163.3 24.3 90 0 17.2 13.8 7.5 2.5 4 0 3 2 2
4168.3 5076.0 10.2 63 0 13.7 12.3 2.5 0.0 0 0 1 3 3
4239.8 5146.1 11.8 75 0 14.5 15.1 10.0 2.5 2 1 4 1 1
4385.5 5183.5 9.0 207 0 17.6 15.8 10.0 2.5 2 0 4 4 4
4403.1 5087.2 6.0 129 0 15.6 11.2 5.0 2.5 2 0 2 1 1
4507.3 6793.7 -27.3 88 0 11.9 11.5 5.0 2.5 2 0 2 2 2
4277.6 6763.6 -32.3 358 0 16.6 12.4 2.5 2.5 2 0 1 5 5
4223.1 6788.8 -33.1 189 0 15.9 14.1 5.0 2.5 2 0 2 5 5
4199.1 6681.0 -27.8 355 0 9.8 13.0 2.5 2.5 4 1 1 0 0
4232.1 6508.2 -18.0 17 0 14.9 11.0 7.5 2.5 2 0 3 5 5
4014.0 6693.4 -34.9 111 0 9.6 7.5 7.5 0.0 0 0 3 3 3
4098.3 6760.8 -35.2 199 0 11.2 11.0 2.5 2.5 2 0 1 1 1
4871.3 647.0 -1.9 109 0 10.9 11.9 5.0 2.5 2 1 2 1 1
4784.7 462.8 -11.4 210 0 11.0 23.0 10.0 2.5 2 1 4 1 1
-117.5 3334.7 -5.1 175 0 11.6 12.4 5.0 2.5 2 1 2 1 1
-115.7 3318.6 -5.1 178 0 11.1 14.8 5.0 2.5 2 1 2 4 4
42.0 3286.7 -8.2 268 0 24.8 14.2 7.5 2.5 2 0 3 3 3
-494.4 3614.2 21.7 280 0 10.6 18.8 5.0 2.5 2 1 2 0 0
