-779.3 410.2 -10.2 220 0 47.1 16.3 10.5 3.5 2 0 3 2 2
-774.6 312.8 -10.2 144 0 29.3 12.5 10.5 3.5 2 0 3 2 2
-636.6 520.6 -9.2 42 0 31.7 9.9 10.5 3.5 2 0 3 5 5
-732.0 631.0 -7.5 250 0 10.3 29.0 10.5 3.5 2 1 3 5 5
-697.8 543.5 -8.7 64 0 8.5 24.8 10.5 3.5 2 1 3 5 5
-647.0 554.0 -8.7 320 0 32.1 8.7 10.5 3.5 2 0 3 3 3
-663.5 573.2 -8.5 321 0 9.2 35.8 10.5 3.5 2 1 3 4 4
-690.3 526.7 -9.3 144 0 19.1 10.2 10.5 3.5 2 0 3 1 1
-1581.6 -1308.8 -16.5 17 0 11.2 13.4 5.0 0.0 0 1 2 2 2
-1377.9 472.3 -5.0 264 0 35.3 43.9 15.0 0.0 0 1 6 3 3
-575.6 696.6 -9.5 238 0 15.2 37.0 10.5 3.5 2 1 3 2 2
-1825.0 1701.1 -7.5 179 0 14.9 14.2 2.5 2.5 2 0 1 3 3
-451.6 718.3 -7.2 157 0 22.1 11.4 10.5 3.5 2 0 3 2 2
-521.6 665.4 -8.8 331 0 13.6 20.9 10.5 3.5 2 1 3 0 0
-4751.1 6104.9 12.7 184 0 38.4 36.0 10.0 0.0 0 0 4 4 4
945.6 1448.7 -7.5 274 0 18.4 8.7 10.5 3.5 2 0 3 1 1
670.5 1358.6 -6.3 249 0 31.4 27.2 14.0 0.0 0 0 4 4 4
808.2 1347.5 -8.9 2 0 19.5 18.3 14.0 3.5 2 0 4 4 4
1002.6 1459.7 -7.6 238 0 24.1 13.9 14.0 3.5 4 0 4 1 1
1008.3 1364.2 -9.0 185 0 13.5 14.8 14.0 0.0 0 1 4 5 5
898.9 1328.2 -8.3 53 0 12.4 10.5 14.0 3.5 2 0 4 4 4
727.4 1274.6 -7.1 70 0 10.3 16.6 14.0 3.5 2 1 4 0 0
672.2 1105.2 -10.0 79 0 10.4 13.9 14.0 3.5 4 1 4 5 5
741.2 1223.9 -8.2 263 0 9.8 11.5 10.5 3.5 2 1 3 3 3
685.0 1274.8 -7.3 173 0 12.8 17.9 14.0 3.5 2 0 4 5 5
698.5 1180.5 -9.3 243 0 9.1 22.2 10.5 3.5 2 1 3 1 1
725.3 1210.3 -8.9 228 0 13.3 30.4 14.0 3.5 4 1 4 3 3
776.8 1262.7 -8.9 267 0 11.8 18.9 14.0 3.5 2 1 4 2 2
820.1 1281.5 -10.0 260 0 22.3 20.0 14.0 3.5 2 0 4 5 5
800.7 1118.2 -10.0 2 0 14.3 14.0 14.0 3.5 2 0 4 0 0
788.4 1225.9 -9.3 275 0 11.3 12.7 14.0 3.5 2 1 4 3 3
842.1 1206.7 -10.9 8 0 14.7 14.4 14.0 3.5 2 0 4 5 5
836.7 1149.2 -11.2 344 0 31.5 22.6 14.0 0.0 0 0 4 3 3
864.8 1286.4 -10.0 195 0 10.9 12.0 14.0 3.5 2 1 4 1 1
871.6 1114.6 -12.3 285 0 7.9 13.4 10.5 3.5 2 1 3 5 5
759.1 1038.7 -11.5 178 0 12.9 11.8 14.0 0.0 0 0 4 2 2
777.4 1032.3 -11.7 184 0 15.8 13.8 14.0 0.0 0 0 4 1 1
697.1 988.4 -12.2 178 0 14.2 15.7 14.0 3.5 2 1 4 2 2
735.9 915.1 -13.5 81 0 13.5 17.7 14.0 3.5 2 1 4 5 5
775.7 913.9 -13.3 83 0 15.8 17.9 14.0 3.5 2 1 4 1 1
824.2 927.5 -13.4 88 0 13.4 9.1 10.5 3.5 2 0 3 5 5
876.4 922.9 -13.6 4 0 14.4 12.4 14.0 3.5 2 0 4 3 3
901.8 1043.1 -13.4 337 0 23.0 10.7 14.0 3.5 2 0 4 3 3
997.0 1016.0 -14.7 273 0 18.1 32.7 14.0 3.5 2 1 4 0 0
1166.7 1063.3 -14.3 181 0 13.5 12.6 14.0 3.5 2 0 4 3 3
1189.8 1170.7 -13.3 245 0 17.7 27.0 14.0 0.0 0 1 4 4 4
1167.3 1255.4 -11.6 82 0 10.9 8.7 10.5 3.5 2 0 3 3 3
1114.8 1226.4 -11.4 50 0 9.3 6.9 10.5 3.5 2 0 3 4 4
1101.8 1238.6 -11.2 37 0 10.2 8.0 10.5 3.5 2 0 3 3 3
1086.5 1228.7 -11.3 140 0 10.1 10.6 14.0 3.5 2 1 4 4 4
1061.1 1206.4 -11.6 66 0 8.6 9.3 10.5 3.5 2 1 3 4 4
1067.4 1223.9 -11.3 68 0 7.9 7.5 10.5 3.5 2 0 3 5 5
1059.3 1218.9 -11.4 67 0 6.3 8.2 10.5 3.5 2 1 3 3 3
1078.8 1251.5 -10.9 75 0 7.4 7.6 10.5 3.5 2 1 3 4 4
1071.9 1238.9 -11.1 66 0 6.7 9.2 10.5 3.5 2 0 3 0 0
1076.1 1262.0 -10.7 77 0 10.3 9.1 10.5 3.5 2 0 3 2 2
1066.4 1259.0 -10.7 69 0 9.8 8.5 10.5 3.5 2 0 3 5 5
1069.4 1248.8 -10.9 85 0 7.0 7.5 10.5 3.5 2 0 3 4 4
1065.2 1284.5 -10.3 68 0 9.7 9.3 10.5 3.5 2 0 3 4 4
1053.5 1296.3 -10.1 153 0 9.0 11.2 10.5 3.5 2 0 3 5 5
1059.2 1311.8 -9.9 342 0 9.4 13.2 10.5 3.5 2 1 3 0 0
1011.3 1263.6 -10.7 161 0 17.5 11.9 14.0 3.5 2 0 4 0 0
964.6 1283.4 -9.8 164 0 12.7 10.5 14.0 0.0 0 0 4 1 1
985.2 1214.1 -10.5 179 0 13.9 11.3 14.0 3.5 2 0 4 5 5
942.6 1135.4 -12.5 162 0 14.7 12.2 14.0 3.5 2 0 4 5 5
960.4 1166.4 -12.3 251 0 10.9 13.1 14.0 3.5 2 1 4 2 2
1002.1 1156.3 -12.2 331 0 12.1 12.1 14.0 3.5 2 0 4 1 1
971.7 1110.0 -12.9 97 0 11.6 12.7 14.0 3.5 2 1 4 5 5
984.0 1110.2 -13.0 92 0 8.9 13.2 10.5 3.5 2 1 3 4 4
1199.4 1030.2 -14.8 75 0 12.7 11.9 14.0 3.5 2 0 4 0 0
1154.7 983.6 -15.0 65 0 12.4 11.9 14.0 3.5 2 0 4 4 4
1238.2 1349.7 -11.0 273 0 7.9 9.9 10.5 3.5 2 1 3 5 5
928.8 1387.1 -8.5 232 0 15.3 14.6 14.0 3.5 2 0 4 5 5
976.1 1317.0 -9.7 170 0 15.5 25.1 14.0 3.5 2 1 4 5 5
998.9 1296.8 -10.1 160 0 18.1 8.9 10.5 3.5 2 0 3 3 3
721.6 1338.1 -6.6 273 0 16.5 17.4 14.0 3.5 2 1 4 2 2
778.1 1287.0 -9.1 62 0 24.3 29.2 14.0 0.0 0 1 4 3 3
1200.7 1087.3 -14.2 175 0 17.3 22.9 14.0 3.5 4 1 4 0 0
1230.7 1114.3 -14.0 90 0 19.8 26.4 14.0 3.5 2 1 4 0 0
1173.0 1126.9 -13.3 161 0 24.2 11.3 14.0 3.5 2 0 4 0 0
1158.9 1131.8 -13.1 163 0 11.2 8.5 10.5 3.5 2 0 3 2 2
-2264.4 -1119.3 -1.8 88 0 21.6 28.7 10.0 0.0 0 1 4 1 1
-2283.7 -998.1 -5.3 89 0 25.3 24.6 12.5 0.0 0 0 5 4 4
-2322.8 -955.5 -5.2 178 0 12.7 7.8 5.0 2.5 2 0 2 5 5
-2266.1 -937.8 -6.3 265 0 12.8 17.8 10.0 2.5 2 1 4 4 4
-2127.2 -582.2 -3.2 281 0 13.1 21.3 10.0 2.5 4 1 4 4 4
-2075.1 -625.8 -2.8 90 0 11.1 11.1 7.5 2.5 2 1 3 4 4
-2008.6 -497.7 -5.9 185 0 12.0 8.4 7.5 2.5 2 0 3 5 5
-1983.1 -506.9 -5.6 303 0 9.4 20.6 2.5 2.5 2 1 1 4 4
-2021.9 -599.8 -2.5 175 0 7.1 22.7 7.5 2.5 2 0 3 1 1
-2072.8 -472.1 -7.3 114 0 8.4 34.2 7.5 2.5 2 1 3 3 3
-2006.7 -899.2 -6.3 100 0 11.5 14.8 5.0 0.0 0 1 2 2 2
-1703.5 -838.8 -1.6 175 0 28.8 13.6 5.0 2.5 2 0 2 3 3
-1776.7 -1087.4 -2.1 358 0 14.1 15.9 5.0 2.5 2 1 2 3 3
-1527.8 -785.8 -14.2 20 0 17.7 17.0 7.5 2.5 2 0 3 5 5
-1573.5 -458.6 -7.7 180 0 15.8 10.2 7.5 2.5 2 0 3 4 4
-1493.2 -344.2 -9.4 297 0 14.7 11.6 5.0 0.0 0 0 2 5 5
-1426.0 -345.7 -12.7 238 0 10.0 16.3 5.0 2.5 2 1 2 4 4
-1112.7 -361.2 -17.5 89 0 23.6 28.4 5.0 0.0 0 1 2 1 1
-1222.4 -289.2 -16.8 243 0 6.1 12.4 5.0 2.5 2 1 2 2 2
-1213.5 -24.4 -11.2 341 0 20.1 16.0 7.5 2.5 2 0 3 0 0
-1198.9 -32.2 -11.6 149 0 8.9 20.9 7.5 2.5 2 1 3 3 3
-1287.9 0.8 -8.9 343 0 10.9 17.5 5.0 2.5 2 1 2 0 0
-1284.8 -30.2 -9.9 78 0 29.7 19.0 10.0 2.5 2 0 4 2 2
-1280.9 48.6 -8.1 353 0 21.6 21.1 12.5 2.5 2 0 5 3 3
-1189.9 129.8 -8.2 246 0 26.8 14.4 7.5 2.5 2 0 3 0 0
-1158.8 28.7 -10.3 146 0 10.9 19.7 5.0 2.5 2 1 2 0 0
-1131.8 215.1 -7.5 79 0 25.8 14.0 7.5 0.0 0 0 3 5 5
-1120.4 -30.8 -11.5 332 0 19.9 13.0 5.0 2.5 2 0 2 1 1
-946.7 -0.5 -11.6 50 0 7.7 14.3 5.0 2.5 4 1 2 2 2
-831.7 172.1 -9.9 171 0 17.4 7.9 10.5 3.5 2 0 3 2 2
-801.7 120.0 -10.6 319 0 17.9 13.6 10.5 0.0 0 0 3 2 2
-864.9 259.5 -8.6 336 0 11.3 12.5 10.5 3.5 2 0 3 3 3
-851.7 254.5 -9.0 62 0 14.4 13.0 10.5 3.5 2 0 3 1 1
-847.3 300.2 -8.9 319 0 11.6 8.8 10.5 3.5 2 0 3 4 4
-776.3 275.0 -10.5 130 0 9.7 14.2 10.5 3.5 2 1 3 3 3
-741.9 363.5 -10.8 329 0 19.9 11.0 10.5 3.5 2 0 3 2 2
-693.2 311.4 -11.8 240 0 21.3 10.2 10.5 3.5 2 0 3 3 3
-690.0 269.6 -11.9 59 0 24.1 13.1 10.5 3.5 2 0 3 0 0
-666.1 281.0 -12.1 59 0 15.9 15.3 10.5 3.5 2 0 3 3 3
-633.9 217.4 -12.7 347 0 19.1 13.7 10.0 2.5 2 0 4 5 5
-679.6 167.4 -12.4 47 0 11.1 24.5 10.0 2.5 2 1 4 5 5
-667.0 173.4 -12.5 46 0 14.1 28.7 10.0 2.5 2 1 4 3 3
-576.2 123.0 -13.9 325 0 12.7 10.8 5.0 2.5 2 0 2 2 2
-622.8 44.5 -14.4 140 0 9.9 32.2 7.5 2.5 2 1 3 0 0
-538.8 530.6 -10.2 32 0 11.0 17.6 10.5 3.5 2 0 3 2 2
-529.2 539.7 -10.3 57 0 15.8 8.4 10.5 3.5 2 0 3 0 0
-545.8 564.9 -10.1 215 0 12.2 8.4 10.5 3.5 2 0 3 5 5
-345.5 716.9 -7.7 321 0 21.4 45.3 10.5 3.5 2 0 3 0 0
-394.7 621.4 -8.9 58 0 12.4 19.4 10.5 0.0 0 1 3 0 0
-413.2 679.6 -7.8 240 0 16.5 11.7 10.5 3.5 2 0 3 2 2
-251.8 689.3 -9.5 326 0 15.6 24.9 10.5 3.5 2 1 3 5 5
-203.9 746.2 -8.0 163 0 14.2 20.8 14.0 3.5 4 1 4 0 0
-182.6 830.3 -6.6 271 0 18.1 35.3 14.0 0.0 0 1 4 5 5
-64.7 935.5 -6.1 68 0 18.3 19.4 14.0 3.5 4 1 4 1 1
-76.3 869.2 -6.2 332 0 24.9 23.0 14.0 3.5 2 0 4 5 5
9.3 982.8 -6.8 100 0 16.7 30.6 10.0 2.5 2 1 4 1 1
-34.8 1175.1 -7.1 95 0 27.5 23.5 7.5 0.0 0 0 3 4 4
97.3 1112.2 -7.0 178 0 13.6 12.0 5.0 2.5 2 0 2 1 1
123.2 1104.5 -7.2 349 0 33.8 10.3 10.0 2.5 4 0 4 4 4
170.8 1192.7 -6.2 83 0 11.6 19.8 14.0 3.5 2 1 4 1 1
188.0 1189.7 -6.0 80 0 12.6 41.9 14.0 3.5 2 0 4 2 2
216.5 1207.7 -6.4 76 0 13.7 33.4 14.0 3.5 2 1 4 4 4
366.4 1240.0 -7.0 255 0 12.9 17.1 10.0 2.5 2 1 4 3 3
438.9 1269.1 -7.0 332 0 11.4 10.6 2.5 2.5 2 0 1 3 3
532.6 1102.2 -9.8 246 0 10.8 18.8 14.0 3.5 2 1 4 1 1
671.6 826.9 -13.9 71 0 10.1 16.6 5.0 2.5 4 1 2 3 3
322.5 978.9 -10.4 242 0 14.4 12.7 14.0 3.5 2 0 4 5 5
348.3 980.8 -10.8 264 0 11.2 9.6 10.5 3.5 2 0 3 1 1
374.7 852.9 -12.1 250 0 11.5 13.1 10.5 3.5 2 1 3 1 1
388.6 980.8 -11.3 344 0 19.5 13.6 14.0 3.5 2 0 4 5 5
647.4 985.8 -12.0 355 0 11.1 10.6 14.0 3.5 2 0 4 5 5
956.5 1603.9 -5.4 77 0 16.8 16.4 7.5 2.5 2 0 3 3 3
949.0 1736.2 -6.2 347 0 15.0 15.7 10.0 2.5 4 1 4 3 3
1004.1 1696.3 -5.7 75 0 14.5 14.1 5.0 2.5 2 0 2 0 0
1174.2 1986.6 -2.9 178 0 13.0 15.9 5.0 2.5 2 1 2 5 5
1190.8 1933.7 -1.7 182 0 14.6 14.1 7.5 2.5 2 0 3 4 4
1231.6 1940.9 -2.4 24 0 35.6 17.4 10.0 2.5 2 0 4 1 1
1261.0 2026.6 -3.3 360 0 17.1 11.7 5.0 2.5 2 0 2 3 3
1266.3 2048.3 -3.9 360 0 12.2 14.7 7.5 2.5 2 1 3 4 4
1376.7 2026.9 -2.6 359 0 12.0 10.0 7.5 2.5 2 0 3 3 3
1356.9 1985.3 -2.6 1 0 13.9 13.8 7.5 2.5 2 0 3 3 3
1081.2 1956.3 -1.9 90 0 10.2 14.1 5.0 2.5 2 1 2 0 0
1106.2 1961.0 -2.2 0 0 10.2 8.6 5.0 2.5 2 0 2 5 5
1125.5 1729.3 -3.7 345 0 7.0 9.1 2.5 2.5 2 0 1 1 1
1112.7 1759.9 -3.7 255 0 9.1 29.4 7.5 2.5 2 0 3 1 1
1184.3 1752.1 -2.8 120 0 11.3 20.1 2.5 2.5 2 1 1 2 2
1234.1 1848.4 -2.6 104 0 12.8 23.0 10.0 2.5 2 1 4 5 5
1503.7 2124.9 -1.7 345 0 10.5 13.3 5.0 0.0 0 1 2 0 0
1413.8 2185.9 -4.0 353 0 8.5 10.3 7.5 2.5 2 1 3 4 4
1408.5 2084.9 -2.4 1 0 14.2 11.2 2.5 2.5 4 0 1 0 0
1306.6 1968.3 -2.6 179 0 12.0 13.2 7.5 2.5 2 1 3 4 4
666.1 1503.1 -5.6 163 0 4.0 9.6 5.0 2.5 2 1 2 1 1
697.6 1539.1 -6.3 94 0 5.6 11.3 5.0 2.5 2 1 2 2 2
666.6 1556.0 -6.4 179 0 15.2 16.3 5.0 2.5 2 1 2 2 2
721.2 1530.0 -6.0 87 0 10.9 4.8 7.5 0.0 0 0 3 1 1
737.7 1547.0 -5.4 354 0 13.8 4.1 5.0 2.5 2 0 2 3 3
745.4 1549.3 -5.3 7 0 9.8 5.6 7.5 2.5 2 0 3 0 0
731.6 1568.1 -5.3 1 0 9.7 13.7 5.0 2.5 2 1 2 2 2
668.7 1590.1 -6.0 180 0 5.4 6.0 5.0 2.5 2 1 2 5 5
707.4 1605.4 -5.4 6 0 5.9 10.3 7.5 2.5 2 1 3 3 3
689.8 1674.9 -6.0 356 0 5.3 6.4 5.0 2.5 2 1 2 4 4
670.4 1728.2 -6.3 92 0 4.2 16.1 7.5 2.5 4 1 3 5 5
748.6 1801.7 -7.7 360 0 6.1 6.6 5.0 2.5 2 0 2 2 2
751.3 1810.9 -8.1 2 0 5.6 7.2 2.5 2.5 4 1 1 4 4
744.3 1850.9 -9.1 174 0 10.3 18.0 7.5 2.5 2 1 3 3 3
781.2 1869.7 -9.3 335 0 6.7 7.7 7.5 0.0 0 1 3 4 4
691.4 1922.2 -8.4 101 0 4.9 9.5 2.5 2.5 2 1 1 3 3
754.1 2029.1 -4.7 256 0 8.5 5.1 7.5 2.5 2 0 3 4 4
798.2 2066.8 -2.6 273 0 8.0 7.6 7.5 2.5 2 0 3 0 0
1031.9 1988.3 -1.4 180 0 16.7 15.8 7.5 2.5 2 0 3 2 2
1097.9 1983.0 -2.2 3 0 5.2 6.4 7.5 2.5 2 1 3 2 2
1103.6 1920.1 -2.1 86 0 11.2 5.4 7.5 0.0 0 0 3 3 3
1054.9 2023.2 -2.0 177 0 9.4 10.0 5.0 2.5 2 1 2 4 4
1091.4 1997.3 -2.0 1 0 8.5 4.2 7.5 2.5 2 0 3 1 1
1062.8 2056.7 -3.2 183 0 5.8 11.8 2.5 2.5 2 1 1 5 5
1185.7 2011.9 -3.3 266 0 6.1 6.4 7.5 2.5 2 1 3 5 5
1195.3 2010.2 -3.4 265 0 13.4 6.6 7.5 2.5 2 0 3 2 2
1209.9 2015.0 -3.5 189 0 7.6 14.1 5.0 2.5 2 1 2 4 4
1204.4 1993.5 -3.1 206 0 9.7 19.0 7.5 2.5 2 1 3 4 4
1173.3 1972.0 -2.3 185 0 6.6 7.6 7.5 2.5 2 1 3 0 0
1223.4 2071.8 -3.8 179 0 7.8 8.9 7.5 2.5 2 1 3 5 5
1223.0 2100.5 -5.2 269 0 7.4 8.5 5.0 2.5 2 1 2 1 1
1303.7 1115.9 -14.5 88 0 9.2 7.9 10.5 3.5 2 0 3 2 2
1281.3 1094.8 -14.6 69 0 7.2 6.8 10.5 3.5 2 0 3 0 0
1300.7 1129.8 -14.3 89 0 4.5 10.0 10.5 0.0 0 1 3 1 1
1310.4 1140.6 -14.2 72 0 8.6 6.8 10.5 3.5 2 0 3 2 2
1306.2 1153.3 -14.0 69 0 5.8 13.1 10.5 3.5 2 1 3 0 0
1361.3 1124.5 -14.8 66 0 10.8 5.6 10.5 3.5 2 0 3 1 1
1350.6 1175.3 -14.1 87 0 10.9 9.9 10.5 3.5 4 0 3 2 2
1412.2 1150.3 -14.8 84 0 8.1 5.2 10.5 0.0 0 0 3 5 5
1273.1 1091.7 -14.6 69 0 10.3 6.8 10.5 3.5 2 0 3 1 1
1270.6 1072.8 -14.8 72 0 5.5 7.6 10.5 3.5 2 1 3 4 4
1456.2 1190.9 -14.0 108 0 5.5 9.2 10.5 3.5 2 0 3 3 3
1331.9 1189.9 -13.8 255 0 5.8 8.3 10.5 3.5 2 1 3 3 3
1346.4 1132.6 -14.6 66 0 10.3 6.9 10.5 3.5 2 0 3 4 4
1330.5 1096.5 -15.0 88 0 7.0 7.4 10.5 3.5 4 1 3 1 1
1308.7 1388.9 -10.3 168 0 14.3 15.6 14.0 3.5 2 1 4 4 4
1352.1 1325.5 -11.7 292 0 18.5 14.0 14.0 3.5 2 0 4 3 3
1308.6 1409.1 -9.9 180 0 12.3 12.7 14.0 3.5 2 1 4 3 3
1333.6 1262.4 -12.8 178 0 9.8 8.0 10.5 3.5 2 0 3 1 1
1322.3 1267.6 -12.7 179 0 9.9 10.1 10.5 3.5 2 1 3 3 3
1360.0 1366.0 -10.7 344 0 24.3 7.3 10.5 3.5 2 0 3 5 5
1383.2 1344.7 -11.0 266 0 10.6 12.4 14.0 0.0 0 1 4 4 4
1375.0 1357.8 -10.5 7 0 9.8 11.2 10.5 3.5 2 0 3 5 5
1375.6 1396.2 -9.6 71 0 10.3 10.9 14.0 3.5 4 1 4 5 5
1351.5 1225.5 -13.5 178 0 8.2 6.8 10.5 3.5 2 0 3 1 1
1353.1 1215.5 -13.6 181 0 8.0 7.1 10.5 3.5 2 0 3 4 4
1457.5 1340.6 -11.3 249 0 8.1 14.1 10.5 3.5 2 1 3 1 1
1435.7 1284.3 -11.9 251 0 7.0 9.4 10.5 3.5 2 1 3 3 3
1498.9 1404.7 -10.6 270 0 8.7 9.7 10.5 3.5 2 1 3 2 2
1436.5 1311.1 -11.5 268 0 9.1 9.4 10.5 3.5 2 1 3 1 1
1520.3 1217.7 -13.5 63 0 7.3 8.8 10.5 0.0 0 1 3 1 1
1547.4 1293.0 -12.6 90 0 6.2 6.1 10.5 3.5 2 0 3 2 2
1527.8 1234.4 -13.3 72 0 7.2 6.6 10.5 3.5 2 0 3 3 3
1514.6 1352.5 -11.6 266 0 12.5 12.2 14.0 3.5 4 0 4 4 4
1491.7 1472.6 -9.7 260 0 11.1 9.6 10.5 3.5 2 0 3 0 0
1475.0 1475.3 -9.5 253 0 9.4 11.0 10.5 3.5 2 1 3 2 2
1380.2 1464.0 -8.9 270 0 5.6 19.2 10.5 3.5 2 1 3 0 0
1347.9 1439.1 -8.8 265 0 7.9 6.3 10.5 3.5 2 0 3 3 3
1325.3 1394.9 -10.1 167 0 13.5 8.2 10.5 3.5 2 0 3 1 1
1433.3 1376.4 -10.5 270 0 5.1 6.6 10.5 3.5 2 1 3 1 1
1471.0 1405.1 -10.2 85 0 5.1 10.6 10.5 3.5 2 1 3 3 3
1299.0 1518.9 -7.4 269 0 17.0 18.1 14.0 0.0 0 1 4 4 4
1274.5 1445.8 -9.2 168 0 11.1 9.4 10.5 0.0 0 0 3 4 4
1296.3 1452.0 -8.8 173 0 14.6 10.0 10.5 3.5 2 0 3 5 5
1372.0 1489.7 -8.4 228 0 8.5 13.2 10.5 3.5 2 0 3 3 3
1540.6 1262.4 -13.0 86 0 4.7 6.4 10.5 3.5 2 0 3 3 3
1571.1 1294.5 -12.8 80 0 20.4 21.4 14.0 0.0 0 1 4 5 5
1559.5 1319.6 -12.3 89 0 11.7 9.0 10.5 0.0 0 0 3 3 3
1600.7 1331.7 -12.5 357 0 8.9 10.4 10.5 3.5 2 1 3 3 3
1556.9 1244.0 -13.4 86 0 4.2 7.3 10.5 3.5 2 1 3 5 5
1586.8 1262.3 -13.4 74 0 6.1 8.7 10.5 3.5 4 1 3 3 3
1618.5 1272.6 -13.5 86 0 6.2 5.5 10.5 3.5 2 0 3 3 3
1677.2 1330.7 -13.0 77 0 8.5 12.2 10.5 3.5 2 1 3 1 1
1857.4 1492.8 -10.3 358 0 9.7 8.0 7.5 2.5 2 0 3 0 0
1747.5 1341.9 -13.0 72 0 11.2 8.3 10.5 3.5 2 0 3 4 4
1705.7 1344.3 -12.8 89 0 8.3 8.0 10.5 3.5 2 0 3 0 0
1554.7 1436.2 -10.7 204 0 9.5 15.9 10.5 3.5 2 1 3 1 1
1573.2 1411.1 -11.2 203 0 7.5 12.1 10.5 3.5 2 1 3 2 2
1627.4 1454.9 -10.4 177 0 9.5 7.6 10.5 3.5 2 0 3 0 0
1697.2 1465.4 -10.4 347 0 10.8 10.5 14.0 3.5 2 0 4 2 2
1621.3 1503.5 -9.4 240 0 6.4 6.9 10.5 3.5 2 1 3 1 1
1694.6 1445.8 -10.7 74 0 11.5 10.0 10.5 3.5 2 0 3 4 4
1632.6 1359.7 -12.3 75 0 15.3 8.5 10.5 3.5 2 0 3 2 2
-1562.2 1863.2 -7.7 359 0 9.9 15.0 5.0 2.5 2 1 2 1 1
-1580.6 1841.9 -7.8 180 0 9.4 12.8 5.0 2.5 2 1 2 3 3
-1569.9 1831.7 -7.6 2 0 6.8 5.4 7.5 2.5 2 0 3 4 4
-1732.5 1852.2 -9.6 173 0 18.7 17.3 10.0 2.5 2 0 4 5 5
-1649.7 1908.7 -10.7 2 0 12.8 12.7 10.0 2.5 2 0 4 3 3
3689.3 2629.5 -12.7 274 0 9.9 7.3 7.5 2.5 2 0 3 4 4
3745.8 2676.2 -13.7 180 0 9.5 12.9 5.0 2.5 2 1 2 4 4
3896.4 2653.5 -13.1 179 0 9.2 16.6 2.5 2.5 2 1 1 0 0
4056.3 2693.9 -9.6 267 0 6.3 6.2 2.5 2.5 2 0 1 4 4
4087.1 2683.4 -9.5 0 0 5.4 10.2 7.5 2.5 2 1 3 0 0
4082.8 2701.7 -9.0 355 0 5.0 9.7 2.5 2.5 2 1 1 2 2
4152.3 2559.5 -15.5 271 0 9.4 10.5 7.5 2.5 2 1 3 4 4
4169.0 2623.8 -11.6 182 0 7.8 8.4 5.0 2.5 4 1 2 2 2
1694.1 2819.4 -3.4 342 0 10.8 21.9 5.0 2.5 2 1 2 4 4
2128.7 4831.1 -11.5 91 0 12.3 25.4 12.5 2.5 2 1 5 0 0
-54.1 848.3 -7.4 166 0 15.9 38.8 10.5 3.5 2 1 3 5 5
-26.6 902.9 -7.0 124 0 16.8 17.6 14.0 3.5 4 1 4 3 3
76.6 894.1 -8.7 290 0 13.3 22.9 14.0 3.5 4 1 4 4 4
4897.0 4460.0 -7.8 88 0 27.9 32.6 7.5 0.0 0 1 3 1 1
