-1949.9 347.1 -42.8 327 0 49.0 11.0 7.0 3.5 2 0 2 1 1
-1999.5 309.7 -40.9 86 0 17.3 13.1 17.5 3.5 2 0 5 0 0
-2021.0 306.3 -39.9 88 0 11.5 7.9 10.5 3.5 2 0 3 3 3
-2046.2 303.6 -39.0 83 0 21.2 15.1 17.5 3.5 2 0 5 3 3
-2074.5 300.3 -37.4 83 0 7.4 12.1 10.5 3.5 2 1 3 5 5
-2056.0 436.7 -41.2 232 0 12.6 25.9 17.5 3.5 2 1 5 4 4
-2040.0 450.7 -42.7 233 0 13.7 20.2 17.5 3.5 2 1 5 3 3
-2084.2 495.1 -42.6 17 0 23.6 34.8 3.5 0.0 0 1 1 2 2
-1952.0 232.6 -45.2 180 0 33.0 14.5 14.0 3.5 2 0 4 0 0
-3408.8 946.3 -33.3 90 0 10.0 28.2 7.5 0.0 0 1 3 1 1
-3374.4 885.1 -33.5 179 0 45.0 12.9 7.5 2.5 2 0 3 2 2
-4675.8 828.2 -15.5 81 0 17.4 15.6 12.5 2.5 2 0 5 5 5
-4704.7 797.5 -17.6 166 0 35.4 12.3 12.5 2.5 2 0 5 2 2
-3399.1 987.4 -33.0 0 0 10.9 26.5 10.0 2.5 4 1 4 5 5
-3407.5 833.9 -35.5 1 0 11.3 31.7 12.5 2.5 2 1 5 3 3
-3445.7 835.9 -36.2 91 0 10.5 52.8 12.5 2.5 2 1 5 0 0
-3454.5 1013.4 -33.2 185 0 20.3 13.8 12.5 0.0 0 0 5 5 5
-3377.8 1042.1 -31.6 357 0 8.0 14.2 7.0 2.5 2 1 2 1 1
-4938.9 737.9 -14.2 359 0 44.8 14.7 12.5 2.5 2 0 5 2 2
-4788.9 764.9 -15.8 88 0 24.3 16.4 17.5 0.0 0 0 7 5 5
-4773.3 756.3 -17.7 270 0 22.0 11.9 12.5 2.5 2 0 5 4 4
-1918.3 149.0 -47.0 352 0 33.6 16.5 14.0 3.5 4 0 4 5 5
-2957.8 1445.7 -0.4 266 0 13.7 8.1 7.5 2.5 2 0 3 1 1
-1573.6 -6015.6 -61.0 225 0 10.3 33.0 15.0 0.0 0 1 6 3 3
-4627.1 322.3 -33.1 268 0 21.7 15.5 7.5 2.5 2 0 3 0 0
-4662.2 322.8 -34.2 268 0 16.2 16.9 10.0 2.5 2 1 4 4 4
-4652.2 286.1 -34.8 88 0 15.3 14.2 5.0 2.5 4 0 2 1 1
-4637.4 241.8 -36.6 170 0 14.1 11.0 7.5 2.5 2 0 3 5 5
-4695.9 230.0 -39.0 88 0 16.5 16.8 12.5 0.0 0 1 5 1 1
-4689.3 285.7 -36.1 88 0 15.6 14.0 7.5 0.0 0 0 3 2 2
-4593.7 269.9 -33.6 175 0 14.8 14.0 2.5 0.0 0 0 1 1 1
-4677.1 272.1 -37.0 268 0 12.8 16.0 7.5 2.5 2 1 3 0 0
-4705.1 273.7 -38.1 270 0 18.7 17.5 12.5 2.5 2 0 5 0 0
-4594.4 453.9 -27.6 359 0 28.6 11.1 10.0 2.5 2 0 4 1 1
-4615.3 424.4 -28.7 358 0 51.8 20.0 7.5 2.5 4 0 3 2 2
-4650.6 348.7 -31.9 181 0 14.6 15.9 7.5 2.5 2 1 3 4 4
-4605.9 268.4 -34.7 356 0 16.1 14.8 7.5 2.5 2 0 3 5 5
-4601.6 250.2 -35.4 353 0 13.6 15.5 5.0 2.5 2 1 2 4 4
-4591.7 222.6 -36.4 1 0 14.1 18.1 12.5 2.5 2 1 5 2 2
-4570.7 252.7 -34.4 354 0 16.6 18.9 12.5 2.5 2 1 5 3 3
-4605.1 331.2 -31.1 85 0 17.1 15.9 12.5 2.5 4 0 5 0 0
-4600.9 324.0 -31.8 262 0 12.6 13.5 7.5 0.0 0 1 3 3 3
-4595.4 290.9 -32.7 78 0 15.1 14.1 7.5 2.5 2 0 3 5 5
-4997.8 726.4 -13.1 180 0 33.0 11.2 10.0 2.5 2 0 4 2 2
-4789.7 335.4 -38.0 188 0 39.5 25.0 12.5 0.0 0 0 5 5 5
-4855.8 417.7 -31.0 357 0 23.2 9.3 2.5 2.5 2 0 1 3 3
-2057.9 449.3 -41.9 38 0 17.9 10.7 17.5 3.5 2 0 5 2 2
-1921.6 232.2 -45.2 0 0 29.2 12.4 14.0 3.5 2 0 4 4 4
-1773.5 -247.7 -41.2 68 0 17.1 36.8 14.0 0.0 0 1 4 4 4
-1746.6 155.9 -46.0 165 0 18.2 18.5 17.5 3.5 2 1 5 3 3
-1854.3 -91.0 -46.5 346 0 16.8 15.4 17.5 3.5 2 0 5 3 3
-6266.5 -1597.8 -47.8 17 0 8.1 21.5 7.0 2.5 2 1 2 0 0
-6262.1 -1622.2 -49.5 15 0 39.8 7.9 7.5 2.5 2 0 3 4 4
-6261.3 -1600.2 -48.2 107 0 8.1 8.2 7.0 2.5 2 1 2 0 0
-1406.4 52.3 -54.3 324 0 16.0 30.1 14.0 3.5 2 1 4 3 3
-2597.9 677.5 -33.8 80 0 11.1 28.9 14.0 3.5 2 1 4 5 5
-2545.8 657.7 -35.9 262 0 17.3 19.6 14.0 3.5 4 1 4 2 2
-1541.0 -6153.5 -53.6 179 0 11.2 24.0 12.5 2.5 2 1 5 4 4
-1512.0 -6232.6 -54.2 78 0 38.3 9.3 7.5 2.5 2 0 3 2 2
-1552.0 -6235.6 -52.2 0 0 8.0 14.4 3.5 0.0 0 1 1 0 0
-1543.2 -6224.4 -51.6 360 0 9.8 8.4 7.0 0.0 0 0 2 0 0
-1548.6 -6219.0 -52.8 90 0 8.8 27.5 7.0 0.0 0 1 2 1 1
-1548.5 -6146.0 -54.5 270 0 8.9 44.4 7.5 2.5 2 1 3 5 5
-1448.0 -6238.9 -55.0 50 0 9.0 22.6 10.5 2.5 2 1 3 4 4
-1447.9 -6173.6 -56.2 354 0 35.8 11.5 15.0 0.0 0 0 6 4 4
-1563.7 -6208.2 -53.5 179 0 30.4 9.6 7.5 2.5 4 0 3 0 0
-1520.4 -6137.2 -54.1 270 0 44.0 9.9 7.5 0.0 0 0 3 5 5
-1478.5 -6145.9 -52.7 292 0 33.9 8.1 7.5 2.5 2 0 3 2 2
3487.9 -5138.2 -13.1 71 0 34.9 15.5 2.5 2.5 4 0 1 4 4
3798.5 -4994.0 -36.4 59 0 24.7 14.5 10.0 2.5 2 0 4 0 0
3448.2 -5169.6 -16.1 240 0 34.0 15.6 2.5 2.5 2 0 1 1 1
3545.0 -5134.1 -21.3 260 0 28.2 15.2 2.5 2.5 2 0 1 3 3
3694.7 -5084.5 -30.3 51 0 20.1 19.3 17.5 0.0 0 0 7 4 4
3430.3 -5152.5 -10.5 154 0 14.7 34.2 2.5 2.5 2 1 1 5 5
3767.6 -4952.0 -30.9 244 0 28.0 17.1 10.0 2.5 2 0 4 3 3
2502.1 -4974.3 -18.9 87 0 9.2 33.5 7.5 2.5 2 1 3 2 2
2624.1 -5050.5 -15.8 286 0 72.0 11.6 12.5 2.5 2 0 5 1 1
-1970.3 161.5 -45.5 356 0 41.8 10.8 14.0 3.5 2 0 4 4 4
-1887.9 76.7 -47.6 167 0 19.8 20.0 17.5 3.5 2 1 5 3 3
-1824.5 -130.2 -45.2 165 0 23.5 19.1 14.0 3.5 2 0 4 5 5
-2410.5 684.9 -37.4 263 0 14.5 24.0 14.0 3.5 2 1 4 3 3
-3338.6 642.6 -29.9 6 0 35.2 37.7 10.0 0.0 0 1 4 0 0
-3896.4 624.5 -44.2 204 0 13.6 25.7 10.0 2.5 2 1 4 3 3
6200.8 1859.0 -61.3 269 0 37.0 16.1 14.0 3.5 2 0 4 2 2
-1706.1 5389.9 57.0 359 0 92.2 36.9 12.5 0.0 0 0 5 3 3
-1733.4 5452.3 58.4 1 0 26.3 10.5 12.5 2.5 2 0 5 2 2
-1735.7 5065.6 50.9 355 0 27.6 20.4 10.0 2.5 2 0 4 2 2
-1544.9 5211.4 55.1 32 0 47.5 18.9 10.0 2.5 2 0 4 5 5
-1557.1 5227.8 56.0 31 0 32.3 15.2 10.0 2.5 2 0 4 0 0
-474.5 -5833.0 -62.6 88 0 24.6 31.9 12.5 0.0 0 1 5 1 1
-365.5 2097.2 11.9 273 0 48.3 21.3 2.5 2.5 2 0 1 2 2
-96.7 2169.7 -24.3 110 0 9.9 13.4 5.0 0.0 0 1 2 3 3
-6752.4 2697.6 -54.0 89 0 8.9 21.7 7.5 2.5 2 1 3 5 5
-1988.5 262.6 -42.5 344 0 29.5 24.3 17.5 0.0 0 0 5 3 3
3361.8 -5129.4 -1.5 70 0 24.2 11.9 2.5 2.5 2 0 1 2 2
4099.5 -4949.1 -63.9 169 0 11.3 9.6 5.0 2.5 2 0 2 5 5
3549.0 -5106.0 -14.3 343 0 8.4 29.9 5.0 2.5 2 1 2 3 3
4122.1 -4566.4 -64.0 208 0 47.5 50.9 10.0 0.0 0 1 4 4 4
6907.4 -4238.9 -47.9 154 0 22.1 172.6 7.5 0.0 0 1 3 0 0
-4767.3 781.7 -15.3 84 0 11.2 10.9 7.5 2.5 2 0 3 3 3
-4769.7 793.4 -14.5 83 0 10.7 18.0 5.0 2.5 4 1 2 0 0
-2130.1 391.6 -34.9 310 0 11.2 13.5 17.5 3.5 2 1 5 2 2
-2123.1 280.0 -36.7 264 0 21.3 29.4 17.5 0.0 0 1 5 2 2
-2159.8 263.1 -35.3 175 0 24.6 20.5 17.5 3.5 2 0 5 2 2
-5687.9 346.4 -28.2 356 0 8.0 5.8 5.0 2.5 2 0 2 0 0
