1736.4 6783.1 215.4 272 0 7.4 12.8 7.5 2.5 2 1 3 5 5
1581.9 6807.9 222.6 250 0 14.7 29.0 10.5 3.5 2 1 3 3 3
2140.4 6044.7 244.9 189 0 54.0 47.5 10.0 0.0 0 0 4 1 1
1128.3 6769.3 227.1 78 0 21.6 33.1 14.0 0.0 0 1 4 4 4
-5971.0 -6223.9 -301.3 262 0 13.5 35.7 12.5 0.0 0 1 5 1 1
-5750.2 -5299.2 -289.4 13 0 15.0 13.8 10.5 2.5 2 0 3 2 2
-5775.8 -5259.0 -292.5 190 0 11.4 32.8 12.5 2.5 2 1 5 3 3
-5852.5 -5282.7 -304.7 318 0 60.0 13.8 12.5 2.5 4 0 5 1 1
-5950.2 -5281.9 -309.1 202 0 9.9 13.7 10.5 2.5 2 1 3 2 2
6131.0 -6557.0 221.8 86 0 12.3 13.9 10.0 2.5 2 1 4 5 5
6117.6 -6436.5 226.2 323 0 7.4 12.5 5.0 0.0 0 1 2 4 4
6667.5 -6271.4 227.8 193 0 16.3 12.6 10.0 2.5 2 0 4 3 3
6240.7 -6394.9 229.8 88 0 14.3 19.4 12.5 2.5 2 1 5 3 3
6738.6 -6743.0 222.7 85 0 12.0 13.2 5.0 2.5 4 1 2 2 2
6386.4 -6307.2 226.7 352 0 8.3 6.8 2.5 2.5 2 0 1 3 3
6213.2 -6198.6 234.3 174 0 10.3 30.0 10.0 2.5 2 1 4 4 4
6262.6 -6199.3 231.2 84 0 11.7 10.4 7.5 2.5 2 0 3 4 4
6387.8 -5732.7 237.9 279 0 19.7 23.6 10.0 2.5 2 1 4 3 3
4649.3 -5614.4 238.4 157 0 29.0 20.3 10.0 2.5 2 0 4 1 1
-2287.5 3563.7 245.2 4 0 69.6 20.9 12.5 2.5 2 0 5 1 1
-2351.7 3524.2 251.9 94 0 34.6 67.9 10.0 0.0 0 1 4 4 4
1176.2 -2231.6 273.9 81 0 5.4 8.3 5.0 2.5 4 1 2 1 1
1183.7 -2225.8 273.5 76 0 7.9 7.1 7.5 2.5 4 0 3 2 2
1161.4 -2246.7 274.1 54 0 16.7 14.1 10.0 2.5 2 0 4 0 0
1236.8 -2163.3 272.5 24 0 13.6 13.5 5.0 2.5 2 0 2 5 5
1278.4 -2165.0 265.7 218 0 12.5 6.8 2.5 2.5 2 0 1 3 3
1297.5 -2118.9 268.5 65 0 9.7 7.3 5.0 2.5 2 0 2 2 2
1335.5 -2088.8 270.5 38 0 9.4 10.5 5.0 2.5 2 1 2 4 4
1110.9 -2401.8 273.6 86 0 7.4 15.9 5.0 2.5 2 1 2 0 0
1237.3 -2392.2 262.8 128 0 6.2 12.6 7.5 2.5 4 1 3 5 5
1286.6 -2378.8 263.9 77 0 12.8 9.0 5.0 2.5 2 0 2 4 4
1351.0 -2291.0 266.7 18 0 17.6 11.0 10.0 2.5 4 0 4 0 0
1409.3 -2114.7 268.3 58 0 11.5 12.1 5.0 2.5 2 1 2 2 2
1661.7 -1803.5 247.7 318 0 13.6 11.2 5.0 2.5 2 0 2 0 0
1638.8 -1764.8 246.3 129 0 18.8 13.2 5.0 2.5 2 0 2 1 1
1518.5 -1619.2 257.2 169 0 13.0 13.8 5.0 2.5 2 1 2 2 2
1518.9 -1595.0 260.0 178 0 13.9 9.6 2.5 2.5 2 0 1 3 3
1527.5 -1582.7 262.2 356 0 5.0 7.2 7.5 2.5 4 1 3 4 4
1484.4 -1557.7 256.9 145 0 9.9 11.0 2.5 2.5 4 1 1 1 1
1308.5 -1431.0 249.7 301 0 12.2 10.7 7.5 2.5 2 0 3 3 3
1262.9 -1400.4 254.5 316 0 11.0 10.5 7.5 0.0 0 0 3 0 0
1276.2 -1401.3 252.1 297 0 5.8 5.5 2.5 2.5 2 0 1 1 1
1237.6 -1345.1 252.5 316 0 8.3 10.0 7.5 2.5 2 1 3 3 3
1130.0 -1237.1 245.1 199 0 11.7 23.6 15.0 0.0 0 1 6 2 2
1120.3 -1201.9 240.0 212 0 17.8 19.5 10.0 2.5 2 1 4 0 0
1112.1 -1317.9 260.0 272 0 31.9 16.3 10.0 2.5 2 0 4 3 3
1083.5 -1327.1 261.9 267 0 22.5 10.3 7.5 2.5 2 0 3 0 0
1141.9 -2142.2 280.6 11 0 8.7 13.1 5.0 2.5 4 1 2 3 3
1120.1 -2064.1 276.0 48 0 10.7 8.5 2.5 2.5 2 0 1 4 4
1150.4 -2019.3 267.8 259 0 7.4 8.4 7.5 2.5 2 1 3 2 2
1296.5 -1868.4 275.1 79 0 11.3 7.0 5.0 2.5 2 0 2 1 1
1314.6 -1832.7 268.9 168 0 6.1 9.5 5.0 2.5 4 1 2 3 3
1290.0 -1538.5 249.5 311 0 9.2 12.7 7.5 2.5 4 1 3 0 0
1697.5 -1977.3 255.5 347 0 12.6 10.8 5.0 2.5 2 0 2 2 2
1997.6 -2221.2 249.1 353 0 10.3 7.9 5.0 0.0 0 0 2 1 1
2026.8 -2273.7 248.2 346 0 43.7 11.0 12.5 2.5 2 0 5 0 0
1999.0 -2366.9 248.0 124 0 10.3 25.9 10.0 2.5 2 1 4 2 2
1545.9 -2252.1 277.1 182 0 6.7 11.7 2.5 2.5 2 1 1 0 0
-4974.3 3312.9 279.9 256 0 15.2 25.3 12.5 2.5 2 1 5 5 5
-3700.6 2417.0 244.5 7 0 10.0 10.3 2.5 2.5 2 1 1 5 5
-3752.1 2417.5 247.3 277 0 10.3 10.0 5.0 0.0 0 0 2 2 2
-3779.4 2442.8 244.7 97 0 10.3 10.0 7.5 2.5 2 0 3 1 1
-3754.6 2438.7 244.2 97 0 10.3 10.0 7.5 2.5 2 0 3 1 1
-3774.6 2488.8 243.4 277 0 10.3 10.0 5.0 2.5 2 0 2 0 0
-3725.3 2483.0 245.0 87 0 13.7 6.6 7.5 2.5 2 0 3 2 2
-3828.4 2537.2 249.7 355 0 10.0 10.3 2.5 2.5 2 1 1 3 3
-3856.4 2454.9 246.9 86 0 7.3 5.7 7.5 2.5 2 0 3 5 5
-3902.0 2426.2 251.1 160 0 9.3 11.3 5.0 0.0 0 1 2 1 1
-3925.5 2440.4 250.7 178 0 13.2 9.2 7.5 2.5 2 0 3 5 5
-3884.4 2511.4 244.3 270 0 6.9 8.4 2.5 2.5 2 1 1 3 3
-3835.3 2585.0 257.0 7 0 10.0 10.3 5.0 2.5 2 1 2 3 3
-3842.9 2602.5 259.4 7 0 10.0 10.3 2.5 0.0 0 1 1 4 4
-3838.1 2620.3 261.2 7 0 10.0 10.3 7.5 2.5 2 1 3 0 0
-3817.3 2687.5 262.1 7 0 10.0 10.3 7.5 2.5 2 1 3 0 0
-3802.6 2813.7 268.0 277 0 10.3 10.0 5.0 0.0 0 0 2 0 0
-3776.1 2957.3 269.4 97 0 10.3 10.0 2.5 2.5 4 0 1 2 2
-3767.9 3010.7 273.4 187 0 10.0 10.3 5.0 2.5 2 1 2 1 1
-3780.5 3074.5 271.9 94 0 7.7 14.2 5.0 2.5 2 1 2 1 1
-4332.7 4749.3 278.3 277 0 10.3 10.0 5.0 2.5 2 0 2 4 4
-4307.9 4681.0 278.7 7 0 10.0 10.3 5.0 2.5 2 1 2 5 5
-4283.2 4583.7 277.0 19 0 14.1 5.5 5.0 2.5 2 0 2 4 4
-4067.8 4100.0 267.7 12 0 11.7 25.0 7.5 2.5 2 1 3 4 4
-4133.6 4057.4 267.3 277 0 10.3 10.0 5.0 2.5 2 0 2 3 3
-4160.8 4140.3 268.5 308 0 11.4 30.5 7.5 2.5 2 1 3 0 0
-4182.3 4098.7 267.6 25 0 29.1 12.0 7.5 2.5 2 0 3 2 2
-4188.6 4141.2 268.5 317 0 11.0 11.0 5.0 2.5 2 1 2 1 1
-4203.7 4155.1 270.1 285 0 6.7 14.7 2.5 2.5 2 1 1 2 2
-4229.8 4159.0 272.6 190 0 10.0 10.3 5.0 2.5 4 1 2 0 0
-4266.9 4187.0 277.9 178 0 21.7 9.4 5.0 2.5 2 0 2 0 0
-4196.5 4055.1 266.8 100 0 10.3 10.0 5.0 2.5 2 0 2 1 1
-4161.3 2681.2 250.2 10 0 10.0 10.3 7.5 2.5 2 1 3 3 3
-4202.3 2679.6 250.4 190 0 10.0 10.3 7.5 2.5 2 1 3 5 5
-4283.1 2695.8 249.2 280 0 10.3 10.0 7.5 2.5 2 0 3 4 4
-4308.7 2680.5 248.5 100 0 10.3 10.0 7.5 0.0 0 0 3 3 3
-4207.9 2610.5 249.4 108 0 8.9 5.7 5.0 2.5 2 0 2 0 0
-4312.8 2543.5 272.8 285 0 8.6 22.7 2.5 2.5 2 1 1 0 0
-4347.8 2559.5 271.3 198 0 7.9 15.7 7.5 2.5 4 1 3 3 3
-4250.1 2484.4 273.9 266 0 8.9 20.6 5.0 2.5 2 1 2 4 4
-4496.7 2742.5 261.8 10 0 10.0 10.3 7.5 2.5 2 1 3 4 4
-4509.2 2696.3 266.2 10 0 10.0 10.3 7.5 2.5 2 1 3 0 0
-4354.3 2911.3 258.4 190 0 10.0 10.3 2.5 2.5 2 1 1 5 5
-4324.7 2967.8 256.7 280 0 10.3 10.0 5.0 2.5 2 0 2 4 4
-4314.7 2888.3 255.6 345 0 23.3 13.8 12.5 2.5 2 0 5 4 4
-4330.1 2915.5 258.1 341 0 5.5 5.8 2.5 2.5 2 1 1 1 1
-4405.6 2994.8 257.2 175 0 14.9 12.7 7.5 0.0 0 0 3 5 5
-4381.7 3014.9 255.8 89 0 10.3 36.0 7.5 2.5 2 1 3 1 1
-4344.4 3110.9 258.1 190 0 10.0 10.3 2.5 2.5 2 1 1 2 2
-4335.0 3152.5 258.8 230 0 13.5 31.7 10.0 2.5 2 1 4 3 3
-4312.0 3206.0 259.4 195 0 25.1 13.2 10.0 2.5 2 0 4 0 0
-4302.3 3229.7 259.5 190 0 10.0 10.3 7.5 2.5 2 1 3 4 4
-4287.8 3127.2 259.4 42 0 31.7 12.5 10.0 2.5 4 0 4 2 2
-4363.0 3282.6 255.8 10 0 10.0 10.3 5.0 2.5 2 1 2 1 1
-4396.7 3111.6 256.2 10 0 10.0 10.3 5.0 2.5 4 1 2 4 4
-4431.8 3111.6 256.3 10 0 10.0 10.3 7.5 2.5 2 1 3 3 3
-4423.7 3187.1 254.9 265 0 12.9 23.4 10.0 2.5 2 1 4 1 1
-4429.3 3002.9 257.6 358 0 18.7 29.5 15.0 0.0 0 1 6 5 5
-4442.6 2977.1 258.4 100 0 10.3 10.0 7.5 2.5 2 0 3 5 5
-4528.9 3005.5 259.4 100 0 18.8 13.4 10.0 2.5 2 0 4 0 0
-4562.8 3014.5 259.9 101 0 20.8 21.5 7.5 2.5 2 1 3 4 4
-4602.8 3117.8 258.8 202 0 12.1 25.4 12.5 0.0 0 1 5 2 2
-4649.1 3118.2 259.8 180 0 12.6 25.4 7.5 2.5 2 1 3 0 0
-4656.3 3141.5 259.9 190 0 10.0 10.3 5.0 2.5 2 1 2 4 4
-4642.4 3185.1 261.0 280 0 10.3 10.0 5.0 2.5 4 0 2 4 4
-4659.1 3200.8 262.8 10 0 10.0 10.3 5.0 2.5 2 1 2 4 4
-4600.1 3178.0 260.9 280 0 10.3 10.0 7.5 2.5 4 0 3 4 4
-4498.1 3183.9 261.8 230 0 10.4 24.0 12.5 2.5 2 1 5 4 4
-4509.4 3212.8 264.8 229 0 8.6 18.8 7.5 2.5 2 1 3 0 0
-4514.6 3255.5 264.9 166 0 19.7 12.0 7.5 2.5 2 0 3 3 3
-4460.2 3209.1 259.3 351 0 29.1 12.5 12.5 2.5 2 0 5 3 3
-4487.2 3278.4 262.5 10 0 10.0 10.3 7.5 2.5 4 1 3 0 0
-4570.7 3184.7 262.3 254 0 12.0 4.8 5.0 2.5 2 0 2 5 5
-4595.3 3291.4 271.9 325 0 8.6 11.2 5.0 2.5 2 1 2 3 3
-4601.7 3300.9 272.8 325 0 8.6 11.2 5.0 2.5 2 1 2 2 2
-4630.2 3293.9 272.6 115 0 8.5 11.3 7.5 2.5 2 1 3 2 2
-4639.4 3299.7 273.1 115 0 8.5 11.3 7.5 2.5 2 1 3 5 5
-4648.8 3307.7 274.1 115 0 8.5 11.3 7.5 2.5 2 1 3 0 0
-4654.9 3324.4 275.2 295 0 8.5 11.3 7.5 2.5 2 1 3 2 2
-4665.0 3332.3 276.5 295 0 8.5 11.3 7.5 2.5 4 1 3 0 0
-4687.3 3346.5 278.9 295 0 8.5 11.3 7.5 2.5 2 1 3 2 2
-4717.7 3354.5 281.0 205 0 11.2 8.5 5.0 2.5 2 0 2 1 1
-4675.3 3393.5 283.5 20 0 29.3 11.7 15.0 0.0 0 0 6 5 5
-4650.8 3229.4 264.5 309 0 20.0 13.8 10.0 2.5 2 0 4 5 5
-4713.2 3320.0 277.7 100 0 10.3 10.0 2.5 0.0 0 0 1 5 5
-4715.2 3266.6 271.0 10 0 10.0 10.3 5.0 2.5 2 1 2 0 0
-4786.2 3296.1 274.0 100 0 10.3 10.0 7.5 2.5 2 0 3 4 4
-4830.5 3343.8 277.8 7 0 9.7 22.6 5.0 2.5 2 1 2 5 5
-4908.0 3017.1 301.5 100 0 10.3 10.0 2.5 2.5 2 0 1 2 2
-4680.3 3085.5 268.0 263 0 9.2 15.2 5.0 2.5 2 1 2 1 1
-4567.0 3659.6 264.0 10 0 10.0 10.3 5.0 2.5 2 1 2 0 0
-4590.9 3664.3 265.2 10 0 10.0 10.3 5.0 2.5 2 1 2 2 2
-4593.4 3616.2 264.1 100 0 10.3 10.0 7.5 0.0 0 0 3 4 4
-4597.9 3713.5 266.5 10 0 10.0 10.3 5.0 2.5 2 1 2 2 2
-4627.1 3732.8 270.0 190 0 10.0 10.3 7.5 2.5 2 1 3 5 5
-4577.8 2832.4 273.3 100 0 10.3 10.0 5.0 2.5 2 0 2 1 1
-4588.2 2813.5 277.7 10 0 10.0 10.3 7.5 2.5 2 1 3 5 5
-4649.2 2675.7 296.7 110 0 14.4 18.8 12.5 2.5 2 1 5 3 3
-2304.8 3444.6 236.9 201 0 45.9 18.3 7.5 2.5 2 0 3 5 5
-2465.5 3584.9 255.5 93 0 25.2 42.5 15.0 0.0 0 1 6 3 3
-2241.4 3677.6 235.7 324 0 22.3 15.3 2.5 2.5 2 0 1 5 5
