-3962.4 -4994.5 1.1 91 0 13.7 15.2 7.5 2.5 2 1 3 0 0
-3503.1 -4632.3 -5.5 62 0 13.0 14.1 7.5 2.5 2 1 3 4 4
-3916.5 -3919.7 5.5 183 0 10.2 19.5 5.0 2.5 2 1 2 4 4
5940.9 2381.3 -7.1 271 0 10.7 14.6 7.5 2.5 2 1 3 1 1
6077.1 2700.9 -10.0 173 0 9.6 11.1 2.5 2.5 2 1 1 2 2
6087.7 2417.1 -15.0 90 0 11.3 9.1 7.5 2.5 2 0 3 2 2
6146.3 2539.3 -8.2 357 0 12.3 11.0 7.5 2.5 2 0 3 5 5
6098.0 2500.9 -11.2 88 0 8.7 10.0 7.5 0.0 0 1 3 5 5
6076.2 2510.0 -10.5 108 0 8.6 8.1 5.0 2.5 2 0 2 1 1
6057.5 2521.6 -8.8 96 0 15.6 17.9 10.0 2.5 2 1 4 1 1
6039.3 2692.9 -5.2 271 0 5.5 18.7 5.0 2.5 2 1 2 0 0
6043.3 2625.1 -3.8 6 0 6.8 13.7 7.5 2.5 2 1 3 1 1
6001.8 2635.5 -1.9 141 0 12.3 19.9 10.0 0.0 0 1 4 2 2
5941.3 2682.1 2.7 0 0 11.7 16.3 5.0 2.5 2 1 2 1 1
5880.6 2672.5 3.6 270 0 8.7 13.5 5.0 2.5 2 1 2 1 1
6038.8 2578.8 -4.4 294 0 9.2 11.9 7.5 2.5 2 1 3 4 4
6014.0 2518.1 -5.8 274 0 12.7 15.9 7.5 2.5 4 1 3 1 1
5970.5 2475.3 -3.1 47 0 19.5 6.8 5.0 2.5 2 0 2 5 5
5955.6 2461.9 -2.5 46 0 14.1 13.7 7.5 2.5 2 0 3 0 0
5909.6 2464.8 0.8 270 0 12.2 14.6 10.0 2.5 2 1 4 1 1
5920.6 2151.5 -21.6 85 0 14.3 12.6 7.5 2.5 2 0 3 5 5
5885.2 2285.9 -10.6 269 0 14.0 12.9 7.5 2.5 2 0 3 3 3
5866.9 2264.7 -10.5 90 0 13.9 12.6 7.5 2.5 2 0 3 3 3
5774.9 2237.0 -8.7 2 0 7.0 13.6 2.5 2.5 2 1 1 4 4
5775.4 2253.1 -8.1 1 0 20.4 14.0 12.5 2.5 4 0 5 4 4
5858.9 2453.6 -3.0 269 0 16.6 12.3 10.0 2.5 2 0 4 3 3
5808.1 2430.3 -5.5 351 0 5.3 7.2 7.5 2.5 2 1 3 5 5
5833.3 2377.7 -4.0 357 0 19.1 14.1 10.0 2.5 2 0 4 4 4
5789.9 2485.2 -6.8 0 0 18.7 11.6 5.0 2.5 2 0 2 5 5
5846.6 2586.4 2.3 1 0 19.3 24.1 12.5 2.5 2 1 5 5 5
5576.8 2294.5 -4.5 270 0 18.0 18.4 7.5 0.0 0 1 3 4 4
5573.5 2239.2 -4.9 92 0 15.7 15.2 7.5 2.5 2 0 3 2 2
5679.2 2139.9 -13.7 189 0 24.6 15.0 12.5 2.5 4 0 5 5 5
5669.7 2170.8 -11.3 180 0 10.6 25.0 10.0 0.0 0 1 4 2 2
5671.2 2236.4 -5.6 176 0 16.2 14.6 2.5 2.5 4 0 1 1 1
5691.9 2324.9 -4.1 177 0 10.6 10.5 5.0 2.5 2 0 2 3 3
5690.9 2285.0 -4.6 177 0 15.6 14.2 5.0 2.5 2 0 2 0 0
5669.6 2446.2 -4.8 181 0 11.4 6.7 5.0 2.5 2 0 2 3 3
5643.3 2379.3 -3.5 0 0 9.4 14.0 2.5 2.5 2 1 1 3 3
5564.6 2449.8 -3.7 267 0 12.4 17.8 7.5 2.5 4 1 3 5 5
5785.9 2617.4 -6.1 271 0 13.7 17.3 5.0 2.5 2 1 2 2 2
5638.4 2614.1 -8.6 304 0 11.8 17.9 5.0 2.5 2 1 2 2 2
5697.3 2504.7 -7.4 189 0 15.1 17.0 10.0 2.5 2 1 4 4 4
5649.0 2473.9 -5.6 359 0 12.6 9.3 2.5 0.0 0 0 1 0 0
5647.9 2510.4 -6.9 358 0 10.5 9.9 5.0 0.0 0 0 2 2 2
5634.9 2451.8 -4.7 3 0 13.2 12.8 5.0 0.0 0 0 2 4 4
-5623.9 -6786.0 11.0 3 0 10.1 12.1 2.5 2.5 2 1 1 0 0
6237.9 5102.8 -13.2 308 0 12.3 18.4 2.5 2.5 2 1 1 2 2
6263.4 5023.7 -16.9 357 0 10.8 37.5 10.0 2.5 2 1 4 3 3
6197.4 4964.4 -20.3 359 0 10.5 22.5 7.5 0.0 0 1 3 3 3
6163.9 5024.5 -17.6 180 0 6.5 15.9 5.0 2.5 2 1 2 0 0
6160.7 5013.1 -18.4 181 0 8.1 18.8 5.0 2.5 2 1 2 0 0
6181.7 4865.3 -21.7 179 0 12.6 23.1 10.0 0.0 0 1 4 2 2
6102.2 5087.3 -15.9 270 0 14.1 18.9 2.5 2.5 2 1 1 2 2
6106.4 5016.6 -18.7 4 0 12.6 21.9 10.0 0.0 0 1 4 0 0
6101.3 4968.3 -19.2 97 0 8.9 12.1 5.0 2.5 2 1 2 5 5
6123.9 5300.3 -8.3 359 0 8.3 10.3 7.5 2.5 2 1 3 0 0
5993.2 5437.3 -7.0 79 0 11.4 16.2 7.5 2.5 4 1 3 4 4
-5449.3 -4697.5 -10.9 96 0 7.9 16.0 5.0 2.5 2 1 2 4 4
3837.3 -4676.2 -6.0 356 0 19.0 14.9 12.5 2.5 4 0 5 4 4
3830.5 -4598.7 -9.4 270 0 12.9 14.2 2.5 2.5 2 1 1 3 3
3900.2 -4730.4 -0.2 346 0 10.5 7.1 7.5 2.5 2 0 3 3 3
3934.4 -4626.2 -5.4 267 0 15.9 12.7 7.5 2.5 2 0 3 4 4
3912.4 -4896.7 1.3 92 0 19.4 17.3 12.5 2.5 2 0 5 4 4
3837.7 -4921.3 -4.0 268 0 19.4 14.8 10.0 2.5 2 0 4 5 5
3781.2 -5000.9 -10.5 99 0 21.5 16.6 10.0 2.5 2 0 4 0 0
3717.3 -4991.7 -15.3 103 0 23.5 14.7 10.0 2.5 2 0 4 3 3
3702.8 -4963.0 -14.9 182 0 19.6 20.3 10.0 2.5 2 1 4 4 4
3680.3 -5075.3 -21.4 80 0 16.0 18.2 10.0 2.5 2 1 4 5 5
3661.4 -5325.0 -19.4 259 0 14.9 19.2 12.5 2.5 2 1 5 1 1
3727.5 -5379.3 -16.5 104 0 21.4 17.8 12.5 0.0 0 0 5 2 2
3636.3 -5260.0 -21.3 90 0 23.6 23.1 10.0 0.0 0 0 4 4 4
3949.8 -5200.0 -9.4 176 0 15.1 19.0 7.5 2.5 2 1 3 3 3
3960.3 -5291.7 -13.3 97 0 21.7 20.6 12.5 2.5 2 0 5 4 4
4020.5 -5227.3 -10.1 353 0 17.8 18.0 10.0 2.5 2 0 4 1 1
4028.6 -5188.9 -8.1 177 0 17.4 18.0 7.5 2.5 2 1 3 0 0
4077.4 -5206.8 -8.0 90 0 11.4 14.0 5.0 2.5 2 1 2 3 3
4098.8 -5311.5 -12.5 83 0 14.6 20.4 10.0 2.5 2 1 4 0 0
4118.7 -5176.6 -6.7 7 0 17.1 21.8 12.5 2.5 2 1 5 2 2
4086.3 -5123.9 -5.1 272 0 18.1 18.7 7.5 0.0 0 1 3 5 5
4139.3 -5250.1 -9.7 6 0 20.1 20.2 12.5 2.5 2 1 5 0 0
4011.9 -4381.5 -16.6 2 0 15.5 12.1 7.5 2.5 2 0 3 4 4
4131.8 -4304.1 -22.6 98 0 18.1 22.8 12.5 2.5 2 1 5 5 5
4183.4 -4505.5 -8.9 91 0 18.5 23.3 10.0 2.5 2 1 4 1 1
4146.5 -4251.4 -23.2 278 0 19.5 17.4 7.5 2.5 2 0 3 0 0
4193.3 -4419.6 -13.2 270 0 24.4 23.7 10.0 2.5 2 0 4 1 1
4267.7 -4251.9 -23.4 0 0 24.3 23.6 7.5 2.5 2 0 3 5 5
4095.9 -4159.8 -22.6 180 0 13.5 18.3 15.0 0.0 0 1 6 3 3
4143.6 -4557.1 -5.4 68 0 20.0 25.7 12.5 2.5 2 1 5 3 3
4207.8 -4798.1 -3.0 178 0 14.6 17.4 10.0 0.0 0 1 4 4 4
4179.1 -4800.2 -1.2 342 0 19.1 14.4 12.5 2.5 2 0 5 4 4
4222.1 -4836.2 -5.1 172 0 18.6 22.5 12.5 2.5 2 1 5 4 4
4238.6 -4865.1 -6.1 174 0 15.2 16.7 12.5 2.5 2 1 5 1 1
4287.0 -4865.8 -7.7 78 0 17.0 21.7 12.5 2.5 2 1 5 2 2
4128.8 -5012.6 0.1 107 0 26.0 23.3 10.0 2.5 4 0 4 2 2
4208.1 -4965.0 -3.4 12 0 25.5 21.3 12.5 2.5 2 0 5 2 2
4067.4 -4864.6 1.1 186 0 35.3 31.1 10.0 0.0 0 0 4 3 3
4167.7 -4907.0 -1.8 2 0 18.2 23.4 12.5 2.5 2 1 5 3 3
4226.5 -5073.5 -3.4 8 0 20.1 19.5 12.5 2.5 2 0 5 2 2
4151.7 -5021.2 -0.8 100 0 13.3 18.7 10.0 2.5 4 1 4 5 5
4268.0 -5033.5 -6.1 184 0 16.8 12.2 5.0 2.5 2 0 2 4 4
4333.4 -4998.8 -9.2 79 0 8.9 13.0 5.0 2.5 2 1 2 0 0
3931.9 -5039.8 -3.0 196 0 18.1 18.5 7.5 2.5 2 1 3 5 5
4009.9 -4985.7 0.4 185 0 14.0 19.8 7.5 2.5 4 1 3 5 5
3785.7 -4846.7 -5.0 2 0 18.7 15.4 10.0 0.0 0 0 4 2 2
3845.3 -5188.4 -12.6 99 0 20.7 20.8 10.0 2.5 2 1 4 0 0
3791.3 -5155.4 -15.4 191 0 16.9 17.6 12.5 2.5 2 1 5 2 2
3330.7 -4785.2 -21.6 84 0 18.6 18.6 12.5 2.5 2 1 5 0 0
3251.8 -4869.3 -18.3 267 0 21.3 21.0 10.0 2.5 2 0 4 4 4
3274.3 -5162.7 -25.8 178 0 19.9 18.8 7.5 2.5 2 0 3 5 5
3811.0 -5321.0 -14.3 168 0 18.7 15.7 12.5 0.0 0 0 5 3 3
3336.5 4523.5 14.2 198 0 8.2 9.9 7.5 2.5 4 1 3 2 2
3358.4 4597.2 7.0 44 0 10.5 12.8 2.5 2.5 4 1 1 2 2
3194.2 4840.4 1.2 261 0 6.5 12.7 5.0 2.5 2 1 2 5 5
3196.1 5040.6 5.7 101 0 7.4 6.8 7.5 2.5 4 0 3 5 5
3206.2 5153.9 9.5 187 0 5.3 7.5 7.5 0.0 0 1 3 4 4
3257.1 5162.3 11.2 5 0 6.7 9.2 7.5 2.5 2 1 3 1 1
3273.5 5099.0 9.7 264 0 6.1 11.5 5.0 2.5 2 1 2 2 2
3252.0 4988.0 7.2 96 0 5.3 18.5 2.5 2.5 2 1 1 0 0
2759.5 3549.7 9.9 0 0 16.6 12.9 5.0 2.5 2 0 2 4 4
2598.5 3599.1 -4.7 270 0 29.3 24.0 12.5 0.0 0 0 5 5 5
2553.8 3599.3 -9.1 269 0 21.7 20.3 10.0 2.5 2 0 4 1 1
2723.9 3491.0 10.1 91 0 16.7 16.6 10.0 2.5 2 0 4 2 2
2770.8 3410.3 9.2 92 0 19.7 13.6 17.5 0.0 0 0 7 2 2
2866.4 3438.0 5.7 360 0 13.2 15.2 7.5 2.5 4 1 3 5 5
2425.7 4329.4 -4.1 182 0 25.1 20.3 12.5 2.5 2 0 5 5 5
2474.3 4391.4 -5.6 2 0 21.8 19.0 12.5 2.5 4 0 5 5 5
2605.1 4317.6 1.8 271 0 9.5 27.0 7.5 2.5 2 1 3 3 3
2563.9 4286.1 1.1 88 0 25.3 14.3 12.5 2.5 2 0 5 1 1
2490.9 4173.3 3.9 268 0 20.9 17.5 12.5 2.5 2 0 5 4 4
2391.5 4016.3 21.2 94 0 8.7 17.3 2.5 2.5 2 0 1 5 5
2379.4 4091.8 4.2 128 0 14.2 17.9 10.0 2.5 2 1 4 0 0
3058.2 -3743.1 -15.8 0 0 7.8 5.7 5.0 2.5 2 0 2 2 2
3074.7 -3784.1 -18.0 180 0 9.1 11.4 2.5 2.5 2 1 1 4 4
3070.7 -3780.5 -18.0 269 0 5.1 8.6 7.5 2.5 4 1 3 3 3
3071.6 -3773.9 -17.5 179 0 6.6 6.8 5.0 2.5 2 1 2 5 5
3142.2 -3814.3 -14.8 3 0 6.5 9.9 5.0 2.5 2 1 2 2 2
3111.7 -3727.8 -10.5 176 0 12.9 11.1 7.5 2.5 2 0 3 1 1
3145.3 -3715.7 -5.8 89 0 6.4 8.7 2.5 2.5 2 1 1 5 5
2983.2 -3465.2 -2.0 121 0 10.2 11.6 2.5 2.5 2 1 1 5 5
2959.1 -3573.7 0.7 79 0 11.9 14.9 5.0 2.5 2 1 2 5 5
3128.9 -3629.6 -13.7 180 0 15.8 9.9 7.5 2.5 2 0 3 5 5
-5682.9 -703.7 17.9 35 0 14.9 14.4 5.0 0.0 0 0 2 4 4
