6721.9 5219.2 -20.2 316 0 19.4 40.8 14.0 3.5 2 1 4 5 5
5651.8 4204.3 -2.8 226 0 16.5 33.7 12.5 2.5 2 1 5 3 3
-4392.7 -2292.3 16.9 147 0 30.3 9.7 7.5 2.5 2 0 3 0 0
-4457.9 -2087.3 4.2 326 0 10.6 31.0 12.5 0.0 0 1 5 4 4
-4445.2 -2113.8 5.4 326 0 27.0 12.9 10.0 2.5 2 0 4 4 4
-4379.7 -2056.0 9.8 236 0 12.9 27.0 17.5 0.0 0 1 7 5 5
-4455.4 -2151.3 9.1 236 0 12.9 27.0 10.0 2.5 2 1 4 5 5
-4358.1 -2105.4 10.8 146 0 27.0 12.9 10.0 2.5 2 0 4 5 5
-4405.3 -2134.0 7.0 326 0 27.0 12.9 12.5 2.5 2 0 5 5 5
-4403.6 -2179.7 8.9 326 0 27.0 12.9 12.5 2.5 2 0 5 5 5
-4606.6 -2137.2 12.9 52 0 7.7 9.0 5.0 2.5 2 1 2 1 1
-4394.2 -2128.6 7.4 146 0 27.0 12.9 10.0 2.5 2 0 4 2 2
-4384.0 -2168.9 8.9 326 0 27.0 12.9 12.5 0.0 0 0 5 3 3
-4426.9 -2102.2 5.3 326 0 27.0 12.9 10.0 2.5 2 0 4 0 0
-4308.8 -2051.7 12.2 357 0 32.6 46.3 12.5 0.0 0 1 5 5 5
-4243.6 -2004.3 18.7 178 0 10.5 24.9 10.0 2.5 2 1 4 2 2
-4396.4 -2083.9 7.9 146 0 27.0 12.9 12.5 2.5 2 0 5 4 4
-4376.2 -2318.1 17.3 58 0 6.4 12.8 5.0 2.5 2 1 2 2 2
-4234.4 -2082.3 19.3 267 0 13.3 20.0 5.0 0.0 0 1 2 5 5
-4420.7 -2207.8 10.7 58 0 17.7 27.2 12.5 2.5 2 1 5 0 0
-4363.3 -2201.1 10.6 326 0 27.0 12.9 10.0 0.0 0 0 4 5 5
-4424.7 -2146.7 7.2 326 0 27.0 12.9 12.5 2.5 2 0 5 2 2
-4358.1 -2142.0 10.4 147 0 13.5 40.6 12.5 2.5 2 1 5 4 4
-4381.9 -2213.0 10.7 326 0 27.0 12.9 12.5 2.5 2 0 5 2 2
-4648.2 -2141.4 11.2 232 0 60.7 11.3 10.0 2.5 2 0 4 5 5
-4375.4 -2117.1 9.2 146 0 27.0 12.9 12.5 2.5 2 0 5 3 3
-4477.9 -2213.9 12.2 147 0 33.2 35.9 12.5 0.0 0 1 5 2 2
-4373.9 -2161.6 9.0 146 0 27.0 12.9 10.0 2.5 2 0 4 3 3
-4356.3 -2189.3 10.5 148 0 24.3 10.5 12.5 2.5 2 0 5 5 5
1175.5 5784.7 -5.1 348 0 17.4 12.0 5.0 2.5 2 0 2 2 2
85.7 5604.4 -23.3 270 0 33.3 8.5 7.5 2.5 2 0 3 4 4
1169.1 5822.5 -3.3 354 0 10.4 6.1 7.5 2.5 4 0 3 1 1
45.9 5611.6 -23.5 270 0 29.6 10.8 10.0 2.5 4 0 4 1 1
-6381.6 -3837.1 -11.3 224 0 27.0 20.7 12.5 0.0 0 0 5 3 3
-844.9 -473.2 -17.9 73 0 18.4 25.3 5.0 0.0 0 1 2 5 5
-5911.0 -3279.8 -20.7 312 0 27.1 29.5 7.5 0.0 0 1 3 3 3
-6522.8 -4761.5 0.6 301 0 10.2 70.8 10.0 2.5 2 1 4 5 5
-6825.9 -6527.8 -3.6 95 0 47.8 78.6 10.0 0.0 0 1 4 5 5
-3931.6 -1157.4 -10.0 359 0 40.6 34.9 10.0 0.0 0 0 4 1 1
-965.1 -522.2 -17.6 93 0 52.6 61.1 10.0 0.0 0 1 4 4 4
709.7 682.7 -14.5 230 0 96.1 10.6 7.5 2.5 2 0 3 4 4
-1863.7 -424.0 -18.9 304 0 66.7 69.0 17.5 0.0 0 1 7 2 2
-5384.3 -2806.4 -14.4 227 0 65.3 60.6 7.5 0.0 0 0 3 3 3
-6000.8 -4057.0 -21.6 10 0 53.0 11.5 12.5 2.5 4 0 5 4 4
3984.7 2871.9 -11.0 142 0 12.6 18.1 3.5 2.5 2 1 1 0 0
-6565.9 1156.9 8.6 90 0 14.2 15.1 7.5 2.5 4 1 3 2 2
-6469.0 -2284.6 -16.4 184 0 22.5 25.1 10.0 0.0 0 1 4 2 2
-6429.8 -2205.3 -17.7 10 0 15.7 10.5 5.0 2.5 2 0 2 1 1
6450.8 5791.7 -20.6 160 0 28.1 45.2 17.5 0.0 0 1 5 3 3
118.6 6654.0 -4.3 343 0 10.0 24.8 10.0 2.5 2 1 4 4 4
6873.7 6092.8 -21.8 47 0 39.6 10.7 17.5 3.5 2 0 5 4 4
5610.2 4153.4 -3.8 315 0 36.2 10.8 10.0 2.5 2 0 4 5 5
6593.7 6093.7 -21.9 53 0 108.3 15.3 17.5 0.0 0 0 5 2 2
