-613.1 -6231.9 -58.9 356 0 10.6 26.8 5.0 2.5 2 1 2 1 1
-587.7 -6210.5 -58.7 176 0 10.4 13.7 7.5 2.5 2 1 3 1 1
1784.1 -4240.3 -55.9 87 0 38.0 8.5 7.5 2.5 2 0 3 3 3
191.5 -3784.3 -64.6 39 0 11.7 4.2 7.5 2.5 2 0 3 2 2
2611.8 1203.5 -54.0 122 0 8.6 27.9 5.0 2.5 2 1 2 1 1
2474.3 -96.2 -54.6 190 0 50.6 46.2 14.0 0.0 0 0 4 0 0
3125.4 -261.2 -66.0 118 0 59.1 87.0 10.0 0.0 0 1 4 2 2
6913.8 -6707.9 -59.9 90 0 14.4 18.4 10.0 2.5 2 1 4 3 3
6912.1 -6662.5 -58.0 123 0 15.0 17.1 10.0 2.5 2 1 4 1 1
6701.5 -6797.9 -56.7 96 0 15.7 14.0 5.0 2.5 2 0 2 3 3
6669.2 -6772.7 -53.6 181 0 14.2 10.8 7.5 2.5 2 0 3 2 2
6780.2 -6311.3 -49.9 136 0 11.3 12.5 10.0 0.0 0 1 4 2 2
6718.5 -6257.3 -52.3 92 0 11.6 8.1 5.0 2.5 2 0 2 2 2
-4369.5 2250.9 -44.6 272 0 79.8 35.1 12.5 0.0 0 0 5 4 4
-1697.8 -683.8 -8.0 106 0 9.9 12.6 7.5 2.5 2 1 3 5 5
-1663.3 -685.6 -12.0 9 0 11.4 11.0 7.5 2.5 2 0 3 4 4
-1492.8 -783.4 -12.6 267 0 12.2 12.3 10.0 2.5 2 1 4 0 0
-1583.6 -687.1 -14.0 123 0 8.2 11.5 7.5 2.5 2 1 3 2 2
-1627.1 -578.5 -9.5 263 0 10.2 8.4 7.5 2.5 2 0 3 5 5
-1880.0 5238.1 -47.8 62 0 5.8 30.9 7.5 2.5 2 0 3 2 2
-1898.6 5239.2 -48.2 152 0 42.6 13.0 12.5 2.5 2 0 5 5 5
3941.9 4458.3 -59.3 213 0 21.8 13.5 14.0 3.5 4 0 4 1 1
2580.9 -4680.8 -31.5 94 0 8.5 10.2 2.5 2.5 2 1 1 0 0
2472.1 -4475.8 -34.9 273 0 7.4 12.4 5.0 0.0 0 0 2 5 5
2455.0 -4572.9 -31.1 211 0 5.0 11.9 5.0 2.5 2 1 2 0 0
2625.1 -4477.9 -40.7 252 0 12.3 29.0 10.0 0.0 0 1 4 3 3
2568.1 -4428.2 -41.7 109 0 11.5 11.5 5.0 2.5 2 1 2 2 2
2684.4 -4397.2 -47.1 180 0 10.4 25.5 10.0 0.0 0 1 4 1 1
2710.1 -4351.1 -50.0 197 0 7.9 10.3 5.0 0.0 0 1 2 3 3
2715.9 -4380.2 -48.2 203 0 15.4 13.0 7.5 0.0 0 0 3 5 5
2861.1 -4357.2 -49.3 288 0 13.7 18.7 12.5 0.0 0 1 5 4 4
2870.7 -4385.4 -47.9 182 0 11.5 8.8 5.0 2.5 2 0 2 5 5
2866.9 -4493.4 -40.8 273 0 29.7 9.5 7.5 2.5 2 0 3 2 2
2964.3 -4434.1 -43.1 359 0 14.5 16.8 7.5 0.0 0 1 3 5 5
2894.3 -4360.6 -47.8 294 0 11.5 8.8 7.5 0.0 0 0 3 0 0
2973.5 -4496.9 -46.0 180 0 6.9 14.7 7.5 2.5 2 1 3 5 5
3018.6 -4478.8 -45.3 261 0 34.8 11.7 7.5 2.5 2 0 3 2 2
3053.0 -4491.6 -46.2 269 0 13.5 12.3 7.5 2.5 2 0 3 2 2
3029.1 -4497.9 -47.1 270 0 12.7 21.2 12.5 2.5 2 1 5 4 4
3039.4 -4548.9 -49.3 18 0 12.5 19.3 2.5 0.0 0 1 1 1 1
3101.3 -4532.0 -48.2 86 0 12.3 27.1 10.0 0.0 0 1 4 1 1
3144.9 -4535.5 -48.7 95 0 9.2 12.2 5.0 2.5 2 1 2 1 1
3166.4 -4536.1 -49.0 103 0 11.0 19.1 10.0 2.5 2 1 4 3 3
3218.0 -4489.2 -48.0 281 0 11.7 7.7 7.5 0.0 0 0 3 1 1
3378.2 -4537.4 -50.9 309 0 10.2 21.9 10.0 0.0 0 1 4 3 3
3334.7 -4690.0 -43.7 32 0 10.5 19.7 10.0 0.0 0 1 4 5 5
3291.1 -4699.7 -44.0 197 0 10.6 11.7 2.5 2.5 2 1 1 4 4
3447.6 -4603.7 -41.2 325 0 9.1 16.7 5.0 2.5 2 1 2 2 2
3491.1 -4593.6 -42.2 178 0 10.7 14.2 2.5 2.5 2 1 1 3 3
3209.3 -4388.1 -45.0 200 0 11.0 21.8 7.5 2.5 2 1 3 5 5
3212.0 -4415.7 -45.2 109 0 14.5 10.9 2.5 2.5 4 0 1 4 4
3213.6 -4232.5 -40.3 270 0 15.9 22.8 12.5 2.5 2 1 5 3 3
3157.1 -4327.1 -39.4 38 0 13.1 19.1 7.5 2.5 2 1 3 4 4
3077.1 -4016.5 -56.5 233 0 7.8 9.4 2.5 2.5 2 1 1 5 5
3071.8 -4028.0 -56.1 187 0 7.8 15.6 5.0 0.0 0 1 2 1 1
3231.9 -4030.5 -49.0 281 0 12.1 13.2 5.0 2.5 2 1 2 1 1
3217.4 -4084.6 -46.5 180 0 10.5 14.0 7.5 2.5 2 1 3 5 5
3162.5 -4206.6 -40.7 88 0 5.3 12.0 7.5 2.5 2 1 3 4 4
2995.1 -3958.3 -52.6 315 0 7.9 11.7 2.5 2.5 2 1 1 0 0
2954.4 -3761.2 -35.7 83 0 9.0 13.0 5.0 0.0 0 1 2 4 4
2986.7 -3757.7 -37.9 270 0 13.1 9.2 7.5 2.5 2 0 3 3 3
2747.7 -3782.9 -23.6 289 0 9.5 17.2 7.5 2.5 2 1 3 4 4
2569.9 -3673.4 -29.9 13 0 8.8 12.5 2.5 2.5 2 1 1 5 5
2472.9 -3952.7 -42.0 95 0 11.6 13.3 7.5 2.5 2 1 3 2 2
2530.1 -3870.4 -38.9 294 0 16.4 8.4 7.5 2.5 2 0 3 0 0
2564.6 -4383.8 -42.5 277 0 8.3 9.3 5.0 2.5 2 1 2 4 4
2476.1 -4273.4 -42.7 191 0 8.5 10.8 2.5 2.5 2 1 1 0 0
3104.4 -3883.6 -53.9 172 0 19.2 13.3 5.0 2.5 4 0 2 0 0
3257.3 -3789.3 -53.1 314 0 8.4 16.4 7.5 2.5 2 1 3 4 4
3191.9 -3819.2 -54.0 174 0 6.7 15.5 5.0 0.0 0 1 2 4 4
3184.7 -3871.8 -55.7 94 0 13.0 14.6 2.5 0.0 0 1 1 1 1
3454.5 -3793.6 -46.0 275 0 6.5 12.8 5.0 2.5 2 1 2 4 4
3555.6 -4109.5 -57.5 27 0 7.2 14.5 5.0 2.5 2 1 2 4 4
3593.9 -4269.6 -56.3 20 0 12.6 16.6 10.0 0.0 0 1 4 1 1
3590.7 -4494.1 -49.6 178 0 8.0 11.7 5.0 2.5 2 1 2 1 1
3437.5 -4522.5 -52.8 185 0 10.9 20.1 7.5 0.0 0 1 3 2 2
3609.6 -4738.1 -52.1 119 0 9.2 15.5 5.0 0.0 0 1 2 4 4
3598.9 -4765.7 -54.0 314 0 10.9 14.4 5.0 0.0 0 1 2 3 3
3437.5 -4379.8 -54.6 164 0 5.4 9.2 5.0 2.5 2 1 2 0 0
2983.3 -4414.8 -42.3 8 0 7.8 10.7 5.0 2.5 2 1 2 5 5
2903.5 -4595.6 -47.7 196 0 9.2 16.5 7.5 2.5 2 1 3 1 1
3437.6 -4184.1 -48.5 94 0 13.0 12.2 5.0 2.5 2 0 2 5 5
3480.5 -4153.3 -50.4 6 0 10.0 7.2 7.5 2.5 2 0 3 4 4
2845.6 -3893.4 -40.1 91 0 5.9 15.2 5.0 2.5 2 1 2 3 3
2881.7 -3923.4 -45.8 124 0 8.6 15.1 7.5 0.0 0 1 3 0 0
6630.7 6498.5 -75.4 214 0 13.3 13.6 5.0 2.5 2 1 2 4 4
6649.4 6514.9 -75.8 301 0 13.6 14.7 7.5 2.5 2 1 3 3 3
6658.7 6421.2 -66.1 23 0 14.3 11.5 7.5 2.5 2 0 3 0 0
6674.4 6502.6 -72.7 290 0 11.0 19.4 5.0 2.5 2 1 2 3 3
6663.8 6508.7 -73.8 310 0 6.0 17.0 7.5 2.5 2 1 3 1 1
6565.7 6129.2 -18.6 41 0 14.3 11.8 7.5 2.5 2 0 3 4 4
6549.2 6177.9 -33.4 107 0 10.3 11.5 10.0 0.0 0 1 4 3 3
6621.1 6206.2 -29.3 209 0 22.4 9.7 7.5 2.5 2 0 3 3 3
6557.1 6337.4 -60.7 265 0 10.4 9.4 7.5 2.5 2 0 3 4 4
6429.4 6340.2 -72.4 182 0 17.6 10.4 5.0 2.5 2 0 2 0 0
6803.3 6461.3 -59.4 196 0 17.5 18.0 12.5 2.5 2 1 5 4 4
6888.4 6538.8 -48.2 90 0 10.2 15.1 5.0 2.5 2 1 2 3 3
6798.0 6617.7 -67.5 195 0 19.3 20.0 7.5 2.5 2 1 3 5 5
6611.7 6713.1 -74.4 205 0 9.9 15.1 5.0 2.5 4 1 2 2 2
5613.4 6158.4 -54.1 183 0 20.5 22.7 10.0 2.5 2 1 4 5 5
5530.1 6082.5 -61.9 107 0 20.0 19.5 10.0 2.5 2 0 4 0 0
5469.6 6393.5 -67.4 257 0 11.8 18.7 7.5 0.0 0 1 3 3 3
5474.5 5926.4 -58.7 196 0 13.9 7.6 2.5 2.5 2 0 1 2 2
5378.4 6019.5 -61.0 94 0 14.1 14.2 7.5 2.5 2 1 3 0 0
5517.7 5978.0 -61.7 0 0 17.9 12.8 5.0 2.5 2 0 2 5 5
5313.4 6260.1 -58.9 65 0 19.6 17.9 15.0 0.0 0 0 6 1 1
5203.2 5842.9 -53.5 81 0 28.5 15.8 12.5 2.5 2 0 5 4 4
5273.3 5776.0 -61.3 209 0 36.0 35.2 10.0 0.0 0 0 4 0 0
5341.2 5829.6 -53.7 24 0 18.0 15.3 10.0 2.5 2 0 4 0 0
5441.8 5764.0 -46.9 16 0 20.2 11.5 5.0 2.5 2 0 2 3 3
5396.0 5657.5 -60.5 87 0 19.4 18.6 12.5 2.5 2 0 5 2 2
5258.4 5723.2 -59.6 93 0 19.4 16.3 12.5 2.5 2 0 5 5 5
5172.0 5572.7 -49.8 216 0 19.2 11.8 5.0 2.5 2 0 2 0 0
5063.4 5342.0 -46.0 295 0 12.7 13.2 5.0 2.5 4 1 2 4 4
5220.7 5307.2 -55.2 19 0 13.4 17.7 5.0 2.5 2 1 2 0 0
5364.8 5466.5 -58.3 336 0 10.7 22.0 7.5 2.5 2 1 3 0 0
6177.5 3359.5 -42.7 1 0 7.4 6.8 7.5 2.5 2 0 3 3 3
6131.6 3521.3 -45.3 91 0 6.4 11.6 5.0 2.5 2 1 2 0 0
6160.1 3455.4 -48.1 359 0 7.3 10.9 7.5 2.5 4 1 3 2 2
6141.2 3421.7 -48.0 88 0 16.4 12.6 7.5 2.5 2 0 3 3 3
6085.6 3426.3 -46.1 268 0 7.6 10.2 7.5 2.5 2 1 3 1 1
6025.2 3390.8 -51.3 87 0 19.1 13.0 10.0 2.5 4 0 4 1 1
6789.7 3255.1 64.6 93 0 8.3 12.5 5.0 2.5 2 1 2 5 5
6840.8 3187.2 44.0 269 0 5.4 8.9 7.5 2.5 2 1 3 5 5
6256.9 3417.2 -41.6 42 0 7.5 5.7 2.5 2.5 2 0 1 5 5
6298.7 3481.0 -42.3 180 0 21.7 10.1 2.5 2.5 2 0 1 3 3
6378.6 3567.9 -42.4 180 0 10.2 6.8 5.0 2.5 2 0 2 2 2
6723.7 3217.3 51.7 91 0 11.8 11.0 5.0 2.5 2 0 2 3 3
6812.5 3135.8 36.1 93 0 6.0 5.9 7.5 0.0 0 0 3 3 3
6880.2 3156.2 34.0 98 0 15.3 9.0 5.0 0.0 0 0 2 3 3
6912.6 2824.2 -29.1 358 0 10.3 5.0 2.5 2.5 2 0 1 3 3
6760.7 2857.4 -32.6 274 0 5.8 8.5 5.0 2.5 2 1 2 0 0
6731.3 2842.3 -33.9 180 0 8.3 6.4 7.5 2.5 2 0 3 5 5
6668.1 2850.9 -29.9 98 0 6.2 7.2 2.5 2.5 2 1 1 5 5
6490.1 2530.7 -36.0 88 0 14.1 8.3 5.0 2.5 2 0 2 4 4
6629.8 2621.6 -45.4 88 0 8.3 8.2 7.5 2.5 2 0 3 1 1
6736.4 2526.9 -48.3 359 0 15.6 14.1 2.5 2.5 2 0 1 5 5
6853.3 2664.5 -41.4 358 0 9.4 8.1 2.5 2.5 2 0 1 2 2
6853.1 2605.1 -43.7 4 0 7.3 7.1 5.0 2.5 2 0 2 0 0
6822.4 2610.7 -44.5 177 0 6.1 12.5 5.0 2.5 2 1 2 1 1
6799.3 2394.3 -36.9 131 0 10.1 18.0 5.0 2.5 2 1 2 4 4
6816.0 2423.8 -34.2 221 0 26.3 9.9 7.5 0.0 0 0 3 3 3
2360.4 -127.9 -52.8 194 0 8.9 15.0 10.5 3.5 2 1 3 4 4
2374.4 -141.8 -54.4 189 0 26.1 13.3 14.0 3.5 2 0 4 1 1
2394.7 -157.1 -54.8 108 0 14.2 14.0 14.0 3.5 2 0 4 5 5
2319.1 -170.0 -54.6 281 0 10.3 14.9 14.0 3.5 2 1 4 1 1
2278.4 -323.9 -59.6 271 0 10.6 13.0 10.5 3.5 2 1 3 0 0
2305.1 -324.2 -60.2 271 0 10.2 13.3 10.5 3.5 2 1 3 0 0
2285.4 -368.6 -61.4 181 0 7.9 11.9 10.5 3.5 2 1 3 2 2
2441.7 -109.4 -53.6 3 0 22.1 12.2 14.0 0.0 0 0 4 3 3
2417.4 -139.1 -54.4 359 0 9.8 9.8 10.5 3.5 2 0 3 5 5
2437.7 -139.2 -54.8 359 0 11.0 12.0 14.0 3.5 2 1 4 5 5
2449.7 -150.2 -55.5 359 0 10.4 24.8 14.0 3.5 2 1 4 4 4
2356.9 -197.6 -55.7 27 0 10.2 5.9 10.5 3.5 2 0 3 3 3
2384.2 -227.6 -57.3 33 0 10.2 4.1 10.5 3.5 4 0 3 4 4
2378.6 -226.0 -57.3 28 0 22.6 23.0 14.0 3.5 2 1 4 3 3
2341.1 -248.3 -57.7 10 0 25.0 21.4 14.0 3.5 2 0 4 1 1
2339.1 -280.7 -58.6 89 0 15.6 10.0 14.0 3.5 2 0 4 1 1
2331.5 -426.8 -64.6 71 0 14.6 14.1 10.5 3.5 2 0 3 3 3
2345.3 -353.9 -61.6 1 0 11.5 8.8 10.5 0.0 0 0 3 2 2
2406.2 -229.9 -58.2 205 0 13.9 9.5 10.5 3.5 2 0 3 1 1
2419.8 -348.5 -61.3 196 0 14.1 12.4 10.5 0.0 0 0 3 2 2
2369.3 -380.7 -64.5 306 0 11.7 17.5 10.5 3.5 2 1 3 1 1
2395.2 -378.7 -63.6 272 0 15.4 8.7 10.5 3.5 2 0 3 5 5
2427.5 -432.4 -61.3 358 0 13.8 8.7 10.5 3.5 2 0 3 0 0
2401.6 -509.9 -62.8 85 0 6.8 12.6 10.5 3.5 2 1 3 0 0
2423.0 -602.9 -61.2 88 0 7.7 14.0 2.5 2.5 2 1 1 5 5
2370.6 -603.8 -63.1 90 0 12.9 9.5 5.0 2.5 4 0 2 3 3
2414.5 -445.4 -62.2 0 0 8.7 8.4 10.5 3.5 2 0 3 4 4
2437.1 -452.1 -60.6 1 0 9.7 10.3 10.5 0.0 0 1 3 0 0
6663.6 -6746.6 -49.7 168 0 10.5 10.6 2.5 2.5 2 1 1 1 1
6839.8 -6765.5 -56.1 86 0 13.3 10.4 7.5 2.5 2 0 3 1 1
1946.0 -538.7 -57.1 181 0 14.3 20.2 10.5 3.5 4 1 3 0 0
1946.2 -513.8 -54.4 182 0 6.5 12.3 10.5 3.5 2 1 3 0 0
1921.7 -542.1 -57.9 251 0 8.7 16.1 10.5 3.5 2 1 3 4 4
1873.7 -501.0 -54.4 88 0 15.5 16.4 14.0 3.5 2 1 4 0 0
1852.6 -462.8 -52.3 180 0 14.8 13.9 14.0 3.5 4 0 4 3 3
1860.6 -403.3 -49.6 269 0 13.0 17.6 14.0 3.5 2 1 4 4 4
1854.1 -389.0 -49.5 81 0 8.3 18.2 10.5 3.5 2 1 3 5 5
1860.4 -367.6 -49.5 92 0 8.3 12.5 10.5 3.5 2 1 3 5 5
1927.1 -365.1 -49.2 86 0 15.3 13.7 14.0 3.5 2 0 4 0 0
1956.0 -391.9 -49.1 263 0 7.5 19.6 10.5 3.5 2 1 3 1 1
1971.9 -401.3 -49.0 257 0 11.9 21.3 10.5 3.5 4 1 3 5 5
2086.7 -580.1 -64.0 94 0 11.1 11.3 10.5 0.0 0 1 3 0 0
2028.9 -459.0 -50.7 269 0 6.2 14.3 10.5 3.5 2 1 3 3 3
2055.0 -491.7 -53.9 87 0 18.5 12.2 10.5 3.5 2 0 3 3 3
2049.5 -444.8 -50.6 251 0 13.6 12.2 10.5 3.5 2 0 3 1 1
2079.0 -401.0 -50.7 266 0 12.9 16.0 10.5 3.5 2 1 3 4 4
2044.9 -365.5 -49.7 256 0 14.8 10.9 10.5 3.5 2 0 3 1 1
2048.9 -391.4 -49.6 270 0 13.8 8.9 10.5 3.5 2 0 3 0 0
1987.9 -357.5 -50.7 70 0 18.7 13.4 14.0 3.5 2 0 4 1 1
1988.5 -264.0 -51.4 179 0 13.3 8.8 10.5 3.5 4 0 3 4 4
1978.5 -133.3 -49.8 175 0 10.9 26.4 14.0 3.5 2 1 4 2 2
2028.9 -190.2 -50.9 89 0 6.4 12.8 10.5 3.5 4 1 3 1 1
2035.7 -210.9 -50.4 181 0 23.5 14.9 14.0 3.5 2 0 4 5 5
2414.8 -59.2 -50.5 283 0 13.2 39.0 14.0 3.5 2 1 4 4 4
2397.5 -97.9 -52.2 279 0 17.8 17.4 14.0 3.5 4 0 4 2 2
2439.1 -65.8 -52.1 10 0 13.6 15.3 14.0 0.0 0 1 4 4 4
2469.3 -50.9 -52.8 6 0 18.4 45.1 14.0 3.5 2 1 4 4 4
2206.8 -555.2 -66.4 157 0 22.2 11.7 14.0 3.5 2 0 4 5 5
2199.6 -515.9 -62.7 89 0 16.2 15.9 10.5 3.5 2 0 3 2 2
2179.4 -511.9 -61.1 65 0 7.1 12.1 10.5 3.5 2 1 3 1 1
2180.9 -450.9 -59.2 267 0 14.5 21.6 10.5 3.5 2 1 3 2 2
2183.3 -525.0 -63.4 340 0 15.3 14.1 10.5 3.5 2 0 3 1 1
2156.0 -421.5 -55.9 166 0 13.3 8.2 10.5 3.5 4 0 3 5 5
2178.8 -406.3 -56.2 77 0 9.3 15.6 10.5 3.5 2 1 3 4 4
2214.1 -400.3 -58.6 165 0 13.5 6.6 10.5 3.5 2 0 3 1 1
2196.0 -330.5 -55.3 262 0 17.7 15.8 10.5 0.0 0 0 3 3 3
2136.7 -312.6 -51.3 90 0 15.0 20.8 14.0 0.0 0 1 4 2 2
2230.0 -262.0 -53.7 91 0 7.1 5.2 10.5 3.5 2 0 3 2 2
2106.4 -31.4 -48.7 0 0 17.4 15.6 14.0 3.5 2 0 4 0 0
2002.8 -102.9 -47.2 173 0 12.3 32.6 14.0 3.5 2 1 4 4 4
2014.5 -80.3 -45.9 267 0 22.9 9.2 10.5 3.5 2 0 3 4 4
2060.3 -86.8 -49.2 253 0 21.9 12.3 14.0 3.5 2 0 4 5 5
2055.8 -68.4 -48.0 274 0 13.2 17.8 14.0 3.5 4 1 4 1 1
2055.7 -115.9 -50.2 264 0 7.6 35.8 10.5 3.5 4 1 3 5 5
2102.3 -119.9 -51.6 356 0 24.2 17.7 14.0 3.5 2 0 4 5 5
2070.5 -204.1 -50.8 184 0 17.2 12.6 14.0 3.5 2 0 4 3 3
1905.4 -199.7 -50.8 358 0 9.1 22.1 10.5 3.5 2 1 3 4 4
1906.5 -177.7 -51.0 358 0 32.1 8.7 10.5 3.5 4 0 3 3 3
1872.5 -172.6 -50.2 181 0 16.2 20.5 14.0 3.5 2 1 4 0 0
1863.7 -175.2 -49.5 180 0 14.1 7.7 10.5 3.5 2 0 3 2 2
2097.5 12.8 -46.5 1 0 37.5 38.1 14.0 0.0 0 1 4 5 5
2122.5 -119.4 -52.7 358 0 17.2 15.1 14.0 3.5 2 0 4 5 5
2121.5 -131.7 -52.7 274 0 13.3 29.3 14.0 3.5 2 1 4 3 3
2133.0 -111.2 -53.0 272 0 8.9 44.0 10.5 0.0 0 1 3 4 4
2118.3 -58.0 -50.7 2 0 12.6 9.5 10.5 3.5 4 0 3 2 2
2128.6 -27.4 -49.8 352 0 27.0 9.5 10.5 3.5 2 0 3 5 5
2282.5 -78.1 -51.1 183 0 36.7 26.8 14.0 0.0 0 0 4 3 3
2174.5 -100.2 -53.2 268 0 9.8 22.6 10.5 3.5 2 0 3 3 3
-3757.8 3412.6 -62.2 265 0 46.2 60.8 14.0 0.0 0 1 4 1 1
1538.8 -547.3 -47.6 307 0 41.6 20.7 10.0 2.5 2 0 4 2 2
6759.2 -2952.7 -71.2 183 0 14.6 57.2 10.0 2.5 4 1 4 3 3
6495.1 -2976.5 -69.2 103 0 43.8 19.9 12.5 2.5 2 0 5 1 1
6089.6 -2857.9 -68.4 348 0 35.7 16.9 10.0 2.5 2 0 4 4 4
4399.1 2042.5 -49.9 348 0 8.3 11.3 5.0 2.5 2 1 2 3 3
3837.2 2972.5 -54.5 129 0 20.0 36.2 10.0 0.0 0 1 4 1 1
