3352.9 2014.8 -138.1 251 0 14.1 37.8 12.5 0.0 0 1 5 5 5
2203.2 1342.5 -121.6 180 0 21.2 8.9 7.5 2.5 2 0 3 5 5
1746.2 2101.4 -120.9 340 0 9.1 6.2 10.5 2.5 2 0 3 4 4
1338.4 2125.5 -134.4 90 0 6.0 10.2 7.5 0.0 0 1 3 3 3
1680.0 2220.3 -123.8 88 0 22.9 26.6 7.5 0.0 0 1 3 1 1
3207.3 1375.2 -119.4 269 0 18.9 25.9 12.5 2.5 2 1 5 0 0
3232.3 1385.2 -117.8 271 0 11.0 18.3 7.0 0.0 0 1 2 0 0
3075.3 1292.4 -123.3 288 0 15.9 20.4 12.5 2.5 2 1 5 1 1
1350.9 2151.6 -134.9 346 0 6.4 5.2 5.0 2.5 2 0 2 1 1
3208.9 1361.9 -118.7 183 0 16.4 10.9 2.5 2.5 2 0 1 5 5
1400.1 2084.7 -132.6 79 0 7.5 14.4 5.0 2.5 2 1 2 2 2
1336.5 2144.3 -134.6 260 0 7.6 7.4 7.5 2.5 2 0 3 0 0
1668.0 2251.4 -123.8 181 0 6.3 22.8 10.5 2.5 2 1 3 3 3
1679.6 2229.0 -123.5 90 0 5.9 5.5 7.5 2.5 2 0 3 0 0
3210.3 1360.5 -118.0 201 0 5.6 6.7 7.5 2.5 2 1 3 2 2
-2043.9 2635.9 -145.3 89 0 6.8 17.1 5.0 2.5 2 1 2 3 3
-1130.1 1887.6 -135.6 269 0 18.6 15.6 14.0 3.5 4 0 4 3 3
-2043.4 2624.4 -145.3 89 0 6.0 10.1 7.5 2.5 4 1 3 3 3
-2033.3 2622.9 -145.3 91 0 6.8 24.8 5.0 2.5 2 1 2 5 5
-2055.7 2658.9 -145.3 270 0 16.1 5.5 7.5 2.5 2 0 3 2 2
-2055.7 2629.6 -145.3 90 0 13.2 7.9 7.5 2.5 2 0 3 0 0
-2068.6 2645.2 -145.2 181 0 13.8 7.2 7.5 2.5 2 0 3 5 5
-6474.9 -117.8 -128.8 161 0 7.9 4.0 10.5 3.5 4 0 3 4 4
1717.8 2090.3 -121.6 188 0 9.6 22.8 7.0 2.5 2 1 2 3 3
2919.1 921.0 -109.6 89 0 7.8 9.3 7.5 0.0 0 1 3 1 1
2900.5 924.9 -110.9 91 0 3.5 7.0 5.0 0.0 0 1 2 2 2
2271.5 928.5 -135.0 336 0 10.3 5.0 7.0 2.5 2 0 2 3 3
1792.7 2053.9 -121.8 183 0 5.9 11.6 7.0 2.5 2 0 2 2 2
1805.5 2051.6 -121.7 185 0 6.7 10.3 7.0 2.5 2 1 2 1 1
411.1 -4013.8 -111.4 269 0 51.0 99.7 10.0 0.0 0 1 4 3 3
2962.8 2071.5 -135.4 107 0 21.6 24.3 17.5 0.0 0 1 7 0 0
-1172.5 1520.1 -140.2 89 0 18.1 26.0 10.0 2.5 2 1 4 2 2
-4976.6 4798.7 -129.9 263 0 10.8 15.9 5.0 0.0 0 1 2 3 3
-4943.8 4778.4 -131.3 165 0 9.0 24.9 5.0 2.5 2 1 2 3 3
-4939.5 4707.7 -130.3 298 0 10.5 29.6 5.0 2.5 4 1 2 2 2
-1472.7 -4726.7 -151.5 11 0 21.1 11.0 10.5 3.5 2 0 3 1 1
-1445.3 -4638.3 -150.4 64 0 8.8 44.9 7.0 3.5 2 1 2 2 2
-1469.7 -4666.0 -152.0 332 0 10.1 35.5 10.5 3.5 4 1 3 4 4
-1429.0 -4692.4 -148.2 191 0 8.4 22.7 10.5 3.5 2 1 3 0 0
-1221.8 -3992.1 -141.8 186 0 28.0 18.5 7.0 3.5 4 0 2 1 1
-1260.7 -4095.8 -136.0 11 0 28.4 8.8 10.5 3.5 2 0 3 5 5
-1425.3 -4579.7 -150.1 14 0 20.0 10.7 7.0 3.5 2 0 2 5 5
-1251.0 -4141.3 -140.4 198 0 23.3 17.5 14.0 3.5 2 0 4 0 0
-1249.1 -4254.2 -144.1 303 0 21.7 15.8 14.0 3.5 2 0 4 0 0
-1363.7 1903.1 -127.7 182 0 34.1 25.0 10.5 0.0 0 0 3 5 5
-1447.3 -3676.6 -126.8 90 0 10.1 11.2 5.0 0.0 0 1 2 2 2
-1498.6 -3670.5 -124.7 89 0 13.1 10.6 5.0 0.0 0 0 2 4 4
-1937.1 -4520.2 -148.4 110 0 28.6 9.8 3.5 3.5 2 0 1 3 3
-1644.9 -3605.3 -122.7 91 0 15.6 13.5 5.0 2.5 2 0 2 4 4
-1422.4 -3689.9 -128.0 269 0 6.4 12.3 5.0 2.5 2 1 2 1 1
-1258.4 -4162.8 -140.8 198 0 17.4 25.3 14.0 3.5 2 1 4 4 4
-1327.3 -4340.7 -145.6 207 0 11.6 9.7 10.5 3.5 2 0 3 0 0
-1348.6 -4338.6 -144.2 25 0 27.7 8.1 10.5 3.5 2 0 3 3 3
-1416.3 -4598.8 -149.1 192 0 9.5 8.0 10.5 3.5 2 0 3 4 4
-1541.7 -4566.5 -150.3 248 0 18.7 7.3 7.0 3.5 4 0 2 3 3
-1393.9 -4506.9 -149.1 197 0 17.7 13.4 10.5 3.5 2 0 3 4 4
-1233.2 -3852.2 -139.4 358 1 13.1 10.0 14.0 3.5 2 0 4 5 5
-1542.4 -4635.7 -153.1 67 0 19.0 34.5 10.5 0.0 0 1 3 3 3
-1476.2 -4548.2 -150.1 250 0 14.4 8.2 10.5 3.5 2 0 3 4 4
-1528.4 -4349.1 -139.8 85 0 12.2 25.3 14.0 3.5 2 1 4 1 1
-1491.3 -4567.4 -150.5 163 0 4.6 16.8 10.5 3.5 4 1 3 3 3
-1537.0 -3714.2 -122.9 268 0 14.3 16.1 5.0 2.5 2 1 2 2 2
-979.8 -4139.9 -137.4 89 0 21.2 29.1 10.0 0.0 0 1 4 0 0
-1606.8 -4562.3 -149.9 162 0 15.1 15.5 14.0 3.5 2 1 4 3 3
-1712.9 -5019.0 -135.3 96 0 10.6 11.7 5.0 2.5 2 1 2 5 5
-1586.3 -4930.1 -142.6 274 0 9.1 10.4 10.5 3.5 2 1 3 0 0
-1613.2 -5078.9 -147.3 283 0 11.7 17.8 14.0 3.5 2 1 4 4 4
-1520.2 -5130.3 -151.5 92 0 14.8 13.9 14.0 0.0 0 0 4 4 4
-1453.9 -5137.5 -152.7 1 0 20.8 11.8 14.0 3.5 2 0 4 4 4
-1474.8 -5274.5 -147.3 271 0 10.0 7.8 10.5 3.5 2 0 3 4 4
-1572.3 -5400.7 -142.4 271 0 12.1 11.2 10.0 0.0 0 0 4 5 5
-1654.2 -5344.7 -144.6 15 0 7.9 15.8 2.5 2.5 2 1 1 4 4
-1710.6 -5342.4 -143.5 106 0 6.8 6.1 5.0 0.0 0 0 2 1 1
-1700.8 -5347.3 -143.7 108 0 11.5 9.2 7.5 2.5 2 0 3 0 0
-1726.1 -5311.3 -143.9 276 0 12.0 11.1 7.5 2.5 2 0 3 3 3
-1721.1 -5292.9 -144.5 273 0 8.4 9.5 7.5 2.5 2 1 3 1 1
-1583.3 -5281.7 -146.2 109 0 3.7 9.9 10.5 3.5 2 1 3 1 1
-1423.8 -5315.3 -145.3 178 0 10.2 11.8 14.0 3.5 2 1 4 1 1
-1184.0 -5478.4 -118.2 9 0 7.0 12.6 7.5 2.5 2 1 3 1 1
-1219.0 -4638.8 -130.8 259 0 8.0 15.0 10.5 3.5 2 1 3 1 1
-1205.6 -4452.3 -150.3 94 0 15.8 14.8 7.5 2.5 2 0 3 0 0
-1352.9 -4479.2 -150.1 102 0 11.2 9.7 10.5 3.5 2 0 3 3 3
-1375.1 -4446.6 -148.3 198 0 12.9 8.8 10.5 3.5 2 0 3 0 0
-1379.5 -4469.1 -148.7 197 0 11.8 4.8 10.5 3.5 2 0 3 5 5
-1356.5 -4354.6 -144.5 30 0 8.0 7.3 10.5 3.5 2 0 3 3 3
-1432.0 -4405.3 -143.7 6 0 5.7 8.4 10.5 3.5 2 1 3 1 1
-2028.4 -5020.5 -141.0 272 0 35.4 44.7 14.0 0.0 0 1 4 5 5
-2117.7 -5027.4 -142.2 267 0 14.6 10.6 14.0 3.5 2 0 4 1 1
-2157.1 -5023.9 -142.8 265 0 11.7 13.0 14.0 3.5 2 1 4 4 4
-2204.2 -5081.7 -131.6 173 0 8.5 13.7 10.5 3.5 2 1 3 2 2
-1880.5 -4507.1 -147.7 269 0 33.2 12.0 10.5 3.5 2 0 3 2 2
-2154.2 -4723.9 -141.2 269 0 18.5 13.0 14.0 3.5 2 0 4 5 5
-2269.9 -4819.2 -137.5 176 0 11.2 17.1 14.0 3.5 2 1 4 0 0
-2152.6 -4517.0 -147.7 272 0 14.0 9.3 10.5 3.5 4 0 3 0 0
2006.9 1685.3 -128.5 356 0 11.3 11.1 5.0 2.5 2 0 2 3 3
1887.4 1663.8 -123.3 81 0 6.3 12.6 7.5 2.5 2 1 3 4 4
1932.7 1739.5 -124.8 88 0 6.8 13.3 5.0 2.5 4 1 2 3 3
1997.5 1758.0 -127.5 0 0 12.2 12.7 2.5 2.5 2 1 1 4 4
1973.0 1772.8 -126.2 3 0 6.8 15.6 5.0 2.5 2 1 2 2 2
1994.7 1793.6 -127.7 359 0 11.3 7.0 7.5 2.5 2 0 3 2 2
1908.5 1793.1 -123.2 275 0 7.6 9.7 7.5 2.5 2 1 3 4 4
1823.3 1770.1 -120.5 181 0 16.1 25.7 15.0 0.0 0 1 6 3 3
1797.4 1653.3 -120.3 179 0 10.1 18.2 7.5 2.5 2 1 3 0 0
1860.9 1761.2 -121.2 90 0 7.7 14.3 7.5 0.0 0 1 3 5 5
1855.0 1848.9 -121.5 181 0 12.4 12.9 5.0 2.5 2 1 2 4 4
1805.1 1816.3 -118.0 1 0 15.0 12.5 7.5 2.5 2 0 3 4 4
-1900.8 -4945.1 -135.1 90 0 12.4 12.1 10.5 0.0 0 0 3 4 4
-6661.7 5099.7 145.7 92 0 10.4 11.7 7.5 2.5 4 1 3 3 3
6386.4 6571.9 -118.5 88 0 11.8 14.6 5.0 2.5 2 1 2 0 0
6624.4 6458.6 -126.0 336 0 9.2 12.5 7.5 2.5 2 1 3 3 3
6593.8 6784.1 -122.5 181 0 12.4 15.4 7.5 2.5 2 1 3 1 1
6470.0 6623.7 -118.2 88 0 18.0 13.8 10.0 2.5 2 0 4 1 1
6425.3 6664.4 -107.2 272 0 15.3 9.4 2.5 2.5 2 0 1 4 4
4997.8 -6150.8 -144.5 90 0 12.9 17.1 10.0 2.5 2 1 4 4 4
5160.0 -6258.9 -150.2 106 0 11.7 13.7 5.0 2.5 2 1 2 4 4
5486.4 -6418.6 -155.1 91 0 12.2 17.4 5.0 2.5 4 1 2 0 0
5455.9 -6427.2 -155.3 89 0 12.7 21.5 7.5 2.5 2 1 3 0 0
5290.5 -6140.1 -151.1 180 0 13.7 15.2 14.0 3.5 2 1 4 4 4
5302.7 -6200.8 -153.1 179 0 18.4 10.9 14.0 3.5 2 0 4 0 0
5330.0 -6250.6 -153.6 97 0 13.3 16.9 14.0 3.5 2 1 4 2 2
5439.0 -6597.4 -154.2 271 0 7.7 13.2 7.5 2.5 4 1 3 4 4
5450.1 -6608.4 -154.2 0 0 11.3 6.4 2.5 2.5 4 0 1 2 2
5330.9 -6651.7 -151.9 180 0 15.9 15.2 5.0 2.5 2 0 2 3 3
5221.6 -6646.9 -155.1 1 0 10.0 12.7 5.0 2.5 2 1 2 2 2
4898.5 -6482.7 -156.0 90 0 12.3 19.1 5.0 2.5 2 1 2 3 3
4931.9 -6414.8 -154.7 85 0 11.2 9.4 5.0 2.5 2 0 2 5 5
4873.5 -6346.4 -151.5 178 0 17.1 11.8 7.5 2.5 2 0 3 3 3
4911.4 -6222.4 -150.1 88 0 7.0 31.5 7.5 2.5 2 1 3 4 4
4918.7 -6286.0 -152.2 269 0 12.6 17.3 5.0 2.5 2 1 2 4 4
5193.5 -6212.7 -149.0 358 0 11.2 13.7 2.5 2.5 2 1 1 3 3
5137.2 -6146.0 -145.7 268 0 15.2 11.4 7.5 0.0 0 0 3 0 0
4872.9 -5574.6 -142.9 270 0 9.9 5.8 7.5 0.0 0 0 3 1 1
4850.1 -5582.9 -142.9 271 0 16.9 16.7 10.0 2.5 4 0 4 2 2
4839.6 -5615.6 -142.3 180 0 11.7 15.0 10.0 2.5 2 1 4 3 3
4883.2 -5656.0 -141.7 92 0 10.6 20.2 5.0 2.5 2 1 2 1 1
4925.9 -5658.0 -141.0 262 0 13.9 12.8 10.0 2.5 2 0 4 4 4
4945.1 -5644.0 -140.9 268 0 12.9 13.3 7.5 2.5 2 1 3 4 4
4977.2 -5690.2 -137.9 1 0 13.3 13.5 7.5 2.5 2 1 3 5 5
5066.1 -5714.3 -139.5 298 0 15.4 13.0 14.0 3.5 2 0 4 5 5
5158.1 -5603.0 -148.8 111 0 14.7 15.5 14.0 3.5 2 1 4 3 3
5252.3 -5596.2 -150.0 89 0 14.4 13.2 10.5 3.5 2 0 3 0 0
5203.1 -5662.3 -148.9 91 0 13.2 17.7 14.0 3.5 2 1 4 3 3
5335.3 -5660.7 -151.6 0 0 7.9 27.0 10.5 3.5 2 1 3 2 2
5293.6 -5648.0 -150.9 270 0 7.9 10.6 10.5 3.5 2 1 3 5 5
5293.9 -5625.8 -150.4 272 0 8.7 19.6 10.5 3.5 4 1 3 1 1
5354.8 -5577.1 -151.3 272 0 13.0 32.1 10.5 3.5 2 1 3 0 0
5322.8 -5559.5 -151.0 269 0 17.2 22.6 10.5 3.5 2 1 3 5 5
5308.6 -5607.8 -150.6 90 0 15.6 15.3 10.5 3.5 2 0 3 3 3
5328.3 -5679.1 -152.2 271 0 8.1 22.1 10.5 3.5 2 1 3 2 2
5324.4 -5716.5 -150.7 269 0 11.9 27.2 14.0 3.5 2 1 4 2 2
5074.9 -5810.5 -135.9 181 0 11.0 14.0 14.0 3.5 2 1 4 0 0
5114.9 -5896.9 -138.1 192 0 11.5 12.2 14.0 3.5 2 1 4 2 2
5157.2 -5951.1 -141.2 179 0 15.9 14.2 14.0 3.5 2 0 4 2 2
5187.7 -6007.4 -143.8 185 0 15.1 15.8 14.0 3.5 2 1 4 2 2
5219.8 -5976.1 -144.2 181 0 17.3 14.8 14.0 3.5 2 0 4 2 2
5263.1 -6027.4 -146.5 88 0 4.8 9.1 10.5 3.5 2 1 3 3 3
5262.1 -6089.3 -148.2 90 0 8.4 16.7 10.5 3.5 2 1 3 5 5
5283.6 -6066.5 -148.3 359 0 10.4 11.9 14.0 3.5 4 1 4 5 5
5286.1 -6020.2 -147.2 91 0 11.0 12.1 14.0 3.5 2 1 4 0 0
5290.5 -6027.4 -147.5 360 0 9.1 11.7 10.5 3.5 2 1 3 1 1
5341.2 -6038.1 -149.7 87 0 11.2 23.8 14.0 3.5 4 1 4 1 1
5226.1 -5913.3 -142.1 2 0 13.0 13.6 14.0 0.0 0 1 4 2 2
5193.2 -5849.6 -139.6 274 0 9.9 14.7 10.5 3.5 2 1 3 5 5
5217.9 -5788.8 -143.1 1 0 32.0 10.0 10.5 3.5 2 0 3 3 3
5205.6 -5786.3 -142.3 0 0 15.1 11.6 14.0 3.5 2 0 4 2 2
5233.4 -5846.7 -140.6 359 0 8.7 10.8 10.5 0.0 0 1 3 2 2
5357.9 -5751.7 -150.1 2 0 10.3 34.3 14.0 0.0 0 1 4 5 5
5245.0 -5750.9 -148.2 178 0 12.3 55.1 10.5 3.5 2 1 3 3 3
5231.8 -5738.7 -146.5 181 0 16.5 10.0 14.0 3.5 2 0 4 4 4
5230.5 -5713.8 -148.3 177 0 19.2 10.6 7.0 3.5 2 0 2 5 5
5233.5 -5679.5 -149.6 91 0 14.0 20.0 14.0 3.5 4 1 4 0 0
5349.3 -5654.8 -152.0 147 0 51.2 11.0 10.5 3.5 2 0 3 1 1
5549.0 -5586.8 -145.9 359 0 20.1 16.2 14.0 3.5 2 0 4 3 3
5518.0 -5597.1 -147.6 91 0 16.0 17.4 14.0 3.5 4 1 4 1 1
5419.2 -5580.7 -151.8 188 0 10.8 25.5 14.0 3.5 2 1 4 3 3
5467.5 -5638.7 -150.8 15 0 13.9 16.7 14.0 3.5 2 1 4 5 5
5365.7 -5722.1 -151.1 291 0 11.4 18.6 14.0 3.5 2 1 4 3 3
5594.1 -5846.8 -142.9 184 0 8.6 11.1 7.5 2.5 2 1 3 4 4
5572.9 -5933.2 -148.7 302 0 45.9 10.4 14.0 0.0 0 0 4 2 2
5621.5 -6029.7 -148.5 181 0 9.2 15.2 10.5 3.5 4 1 3 0 0
5595.1 -6053.3 -148.9 8 0 7.3 7.4 10.5 3.5 2 1 3 4 4
5499.2 -5874.0 -148.2 111 0 11.9 13.9 14.0 3.5 2 1 4 1 1
5488.1 -5901.6 -149.8 271 0 12.1 7.2 10.5 3.5 2 0 3 0 0
5456.9 -5887.2 -149.5 352 0 28.8 14.5 14.0 3.5 2 0 4 2 2
674.3 -4955.7 -129.3 271 0 12.2 18.0 10.0 2.5 2 1 4 5 5
653.6 -4875.7 -116.2 87 0 14.7 13.9 5.0 2.5 4 0 2 4 4
-5597.8 1144.7 -146.7 182 0 44.6 19.6 12.5 2.5 2 0 5 3 3
-5559.5 1179.5 -145.5 357 0 9.0 13.7 5.0 2.5 2 1 2 1 1
-5813.3 986.3 -146.0 1 0 8.5 9.5 2.5 2.5 2 1 1 4 4
-5886.5 635.1 -138.0 74 0 6.1 8.2 7.5 2.5 2 1 3 4 4
-5671.1 861.3 -141.2 90 0 22.6 14.0 12.5 2.5 4 0 5 0 0
-5359.3 853.2 -137.8 359 0 5.9 11.2 7.5 2.5 2 1 3 1 1
-5792.9 1078.8 -144.1 91 0 10.1 8.4 2.5 2.5 2 0 1 1 1
-5886.9 995.7 -144.2 71 0 5.2 6.2 2.5 2.5 2 1 1 1 1
-5849.9 1152.8 -141.3 235 0 10.0 7.8 5.0 2.5 2 0 2 0 0
-5800.7 1187.1 -141.4 183 0 6.0 14.2 7.5 2.5 2 1 3 1 1
-5741.2 1235.0 -140.9 86 0 11.4 8.9 5.0 2.5 2 0 2 0 0
-5559.1 1415.3 -137.0 88 0 8.2 9.4 7.5 2.5 2 1 3 3 3
-5649.5 1188.6 -143.3 5 0 6.4 4.7 5.0 2.5 2 0 2 0 0
-5366.7 1492.6 -142.4 90 0 13.7 12.1 2.5 2.5 2 0 1 2 2
-5357.2 1582.4 -139.6 270 0 12.9 8.9 7.5 2.5 2 0 3 5 5
-5704.4 1592.7 -130.3 181 0 8.9 19.4 7.5 2.5 2 1 3 1 1
-5275.2 1527.4 -145.3 88 0 8.7 7.9 7.5 0.0 0 0 3 2 2
-5457.2 637.3 -139.9 93 0 4.6 10.0 5.0 2.5 2 1 2 2 2
-4912.2 687.0 -140.6 91 0 7.2 13.4 7.5 2.5 2 1 3 3 3
-4725.4 946.6 -140.9 173 0 11.7 14.1 2.5 2.5 2 1 1 4 4
-4698.0 912.3 -141.4 319 0 8.1 13.8 7.5 2.5 2 1 3 3 3
-4837.6 1511.4 -124.3 26 0 7.6 14.0 7.5 2.5 2 1 3 5 5
-4908.8 1519.5 -128.2 269 0 9.6 14.5 7.5 2.5 2 1 3 0 0
-4562.8 1100.6 -126.4 104 0 14.5 9.8 7.5 2.5 2 0 3 5 5
-4521.3 788.9 -135.3 168 0 7.4 12.9 7.5 2.5 4 1 3 0 0
-2047.1 3451.3 -132.0 2 0 13.6 39.1 15.0 0.0 0 0 6 1 1
-1948.5 3265.4 -136.6 340 0 22.5 13.2 10.0 2.5 2 0 4 2 2
-2166.2 3374.6 -129.7 195 0 11.4 11.0 5.0 2.5 2 0 2 3 3
-2294.2 3725.8 -122.3 176 0 7.7 13.7 5.0 0.0 0 1 2 4 4
-2263.0 3650.2 -123.1 99 0 9.1 9.0 7.5 2.5 2 0 3 3 3
-2214.2 3821.9 -132.4 176 0 6.7 12.2 2.5 2.5 4 1 1 1 1
-2142.7 3883.5 -139.2 32 0 4.6 11.3 5.0 0.0 0 1 2 3 3
-2176.0 3925.4 -137.6 184 0 9.7 8.2 7.5 2.5 2 0 3 4 4
-2274.2 3952.7 -135.8 180 0 7.1 7.4 7.5 2.5 2 1 3 4 4
-2134.3 3907.6 -140.3 17 0 13.8 8.0 7.5 2.5 2 0 3 2 2
-2246.6 4017.9 -142.1 347 0 5.4 8.1 5.0 2.5 2 1 2 2 2
-2297.2 4045.9 -143.1 292 0 12.2 9.1 5.0 2.5 2 0 2 1 1
-2317.7 4026.4 -141.4 190 0 7.5 10.9 7.5 2.5 2 1 3 2 2
-2175.0 3798.4 -134.5 359 0 6.3 9.8 2.5 2.5 2 1 1 5 5
-2146.6 3836.7 -137.7 184 0 8.2 9.5 5.0 2.5 2 1 2 5 5
-2129.0 3798.8 -136.8 95 0 5.9 6.6 5.0 2.5 4 1 2 0 0
-2063.4 3328.0 -133.0 95 0 11.7 9.5 2.5 2.5 2 0 1 2 2
-1961.3 3494.4 -134.2 167 0 8.9 6.6 5.0 2.5 2 0 2 0 0
-1871.6 3325.4 -138.0 99 0 6.4 18.2 5.0 2.5 2 1 2 3 3
-1841.2 3179.3 -140.1 270 0 9.3 14.6 7.5 2.5 2 1 3 0 0
-1862.9 3229.4 -139.0 99 0 6.4 9.5 7.5 2.5 2 1 3 1 1
-1909.1 3139.8 -138.8 182 0 11.8 10.7 5.0 2.5 2 0 2 4 4
-1967.5 3195.4 -136.4 3 0 6.9 21.3 5.0 2.5 2 1 2 1 1
-1678.3 3001.2 -145.7 93 0 10.2 7.4 2.5 2.5 2 0 1 1 1
-1925.8 3630.3 -135.5 94 0 7.9 7.3 5.0 2.5 2 0 2 5 5
-1941.9 3698.3 -137.3 358 0 10.4 6.6 2.5 2.5 4 0 1 1 1
-1919.6 3763.9 -140.0 9 0 8.3 13.4 5.0 2.5 2 1 2 5 5
-1850.8 3659.3 -138.1 91 0 9.9 7.0 2.5 2.5 2 0 1 1 1
-1907.5 3466.3 -135.8 7 0 7.9 8.2 5.0 2.5 2 1 2 2 2
-1572.2 3848.4 -134.9 4 0 9.5 4.3 5.0 2.5 2 0 2 5 5
-1608.4 4030.2 -128.8 192 0 10.4 14.1 2.5 2.5 2 1 1 3 3
-2291.1 4019.2 -141.4 98 0 8.7 5.1 5.0 2.5 2 0 2 4 4
-1576.5 4044.1 -131.4 272 0 13.5 11.7 2.5 2.5 2 0 1 0 0
-1534.1 3958.7 -131.7 90 0 9.2 13.0 5.0 2.5 2 1 2 5 5
-1401.4 3810.3 -137.7 85 0 10.1 10.5 5.0 2.5 2 1 2 0 0
-1212.5 3839.6 -129.8 182 0 8.5 14.1 7.5 2.5 2 1 3 3 3
-1143.6 3842.3 -126.9 279 0 14.6 13.5 5.0 2.5 2 0 2 1 1
-1144.4 3954.0 -129.5 93 0 5.5 12.6 5.0 2.5 2 1 2 5 5
-1145.5 4024.1 -129.6 1 0 7.3 10.4 5.0 2.5 2 1 2 1 1
-1242.8 3986.5 -134.4 352 0 8.1 5.2 5.0 0.0 0 0 2 4 4
-1280.1 3571.1 -126.7 271 0 11.1 9.2 5.0 2.5 2 0 2 0 0
-1248.7 2944.1 -133.4 184 0 7.3 12.1 5.0 2.5 2 1 2 1 1
-1281.6 3267.2 -133.7 268 0 7.6 17.0 5.0 2.5 2 1 2 2 2
-1337.7 3117.1 -135.0 266 0 11.3 6.9 7.5 2.5 4 0 3 4 4
-1410.4 3058.3 -137.6 178 0 8.5 11.2 5.0 2.5 2 1 2 2 2
-1765.7 3423.0 -140.0 2 0 6.3 7.8 2.5 2.5 2 1 1 5 5
-1540.0 3321.8 -137.5 92 0 10.4 8.6 7.5 2.5 2 0 3 5 5
-1472.1 3524.5 -132.1 175 0 7.9 13.2 5.0 2.5 4 1 2 5 5
-1358.0 3300.7 -131.3 90 0 7.5 7.4 7.5 2.5 2 0 3 2 2
-1690.8 3813.8 -133.9 279 0 8.1 4.9 7.5 2.5 2 0 3 3 3
-1695.3 3997.0 -124.5 93 0 13.2 8.7 5.0 2.5 2 0 2 3 3
-1948.1 3878.2 -142.2 189 0 10.8 6.4 7.5 2.5 2 0 3 2 2
6195.2 5413.9 -127.4 44 0 22.1 4.3 5.0 0.0 0 0 2 3 3
6101.5 5259.9 -125.6 92 0 9.8 10.7 7.5 2.5 2 1 3 2 2
6079.6 5622.3 -117.4 268 0 8.5 13.0 5.0 2.5 2 1 2 1 1
6157.5 5638.9 -114.0 359 0 12.7 10.7 5.0 0.0 0 0 2 3 3
6083.6 5764.5 -122.6 1 0 6.6 11.9 2.5 2.5 4 1 1 2 2
6224.2 5537.3 -120.7 356 0 8.9 15.0 7.5 2.5 2 1 3 5 5
6287.2 5578.8 -122.9 229 0 10.4 22.7 5.0 2.5 4 1 2 4 4
6276.9 5691.9 -118.2 128 0 7.1 13.7 7.5 2.5 2 1 3 4 4
6039.2 5838.9 -124.2 188 0 10.0 9.3 5.0 2.5 2 0 2 3 3
6050.1 5988.0 -123.3 93 0 11.7 11.0 5.0 2.5 2 0 2 4 4
6045.8 5535.6 -118.5 350 0 7.6 10.2 5.0 2.5 2 1 2 0 0
6367.5 5785.3 -122.3 179 0 7.3 11.4 5.0 0.0 0 1 2 0 0
6396.5 5751.0 -124.9 182 0 3.4 10.1 5.0 2.5 2 1 2 4 4
6556.5 5775.0 -125.1 182 0 10.9 7.5 2.5 2.5 2 0 1 5 5
6597.3 5970.1 -129.9 357 0 8.4 14.4 7.5 2.5 4 1 3 2 2
6277.8 5870.1 -108.7 4 0 8.8 7.6 5.0 2.5 2 0 2 4 4
6543.4 6016.0 -127.7 290 0 11.3 11.9 5.0 2.5 4 1 2 5 5
6532.3 5967.2 -127.5 87 0 9.5 10.3 7.5 2.5 2 1 3 4 4
6651.4 6037.0 -130.8 91 0 10.6 12.7 7.5 2.5 2 1 3 4 4
6603.1 6081.3 -126.5 183 0 10.7 11.2 7.5 2.5 2 1 3 2 2
6915.8 5868.2 -118.5 2 0 13.0 15.7 5.0 2.5 2 1 2 2 2
6891.8 5797.1 -111.0 359 0 16.0 8.7 5.0 2.5 2 0 2 5 5
6815.4 5969.6 -128.2 1 0 12.4 14.9 5.0 2.5 2 1 2 0 0
6172.3 6066.2 -128.5 1 0 9.2 6.6 7.5 2.5 2 0 3 3 3
6211.2 6168.7 -131.1 185 0 19.8 10.0 5.0 2.5 4 0 2 0 0
6227.9 6232.1 -133.0 181 0 16.7 12.1 7.5 2.5 2 0 3 2 2
6142.8 6284.9 -128.1 283 0 8.4 19.4 5.0 2.5 2 1 2 2 2
6034.0 6309.7 -120.9 268 0 7.4 13.0 5.0 2.5 2 1 2 5 5
6183.0 6423.6 -135.1 2 0 15.5 11.9 2.5 2.5 4 0 1 2 2
6294.8 6293.7 -134.0 353 0 8.1 12.5 5.0 2.5 2 1 2 2 2
6430.4 6200.3 -126.7 255 0 7.1 10.6 7.5 0.0 0 1 3 2 2
6485.0 6321.9 -131.5 268 0 11.8 8.5 5.0 2.5 2 0 2 5 5
6521.5 6299.8 -129.9 3 0 7.8 11.4 2.5 2.5 2 1 1 5 5
6558.3 6347.3 -126.2 271 0 13.4 9.2 2.5 2.5 2 0 1 5 5
6611.4 6338.6 -121.4 4 0 5.9 12.1 7.5 2.5 2 1 3 2 2
6551.5 6096.1 -125.7 131 0 8.1 9.7 7.5 2.5 2 1 3 1 1
6509.6 6010.4 -124.1 196 0 7.0 9.6 2.5 2.5 2 1 1 1 1
6871.5 5948.9 -125.7 327 0 6.2 14.5 5.0 2.5 2 1 2 4 4
6908.6 5852.4 -116.4 354 0 8.1 9.9 7.5 2.5 2 1 3 1 1
6770.5 5880.2 -121.1 183 0 13.5 10.4 5.0 2.5 2 0 2 0 0
6788.7 5999.2 -129.8 270 0 9.3 16.5 5.0 2.5 2 1 2 4 4
6785.8 5826.0 -116.0 102 0 10.7 15.6 7.5 2.5 2 1 3 3 3
6684.0 5837.8 -121.0 11 0 8.4 18.1 7.5 2.5 2 1 3 5 5
6584.5 5761.8 -124.0 5 0 10.6 15.4 5.0 2.5 2 1 2 2 2
6371.4 5518.4 -128.7 88 0 8.0 10.7 5.0 2.5 2 1 2 5 5
6581.1 5375.5 -108.7 182 0 6.7 11.5 2.5 2.5 2 1 1 1 1
6475.8 5421.8 -119.3 265 0 15.3 5.5 2.5 2.5 2 0 1 5 5
1468.1 324.9 -116.0 2 0 13.7 17.7 5.0 2.5 2 1 2 0 0
1412.8 257.6 -113.9 178 0 19.1 15.5 10.0 2.5 2 0 4 5 5
1514.8 177.7 -111.3 88 0 14.7 12.3 2.5 2.5 2 0 1 3 3
1536.9 191.2 -111.4 270 0 11.5 13.8 2.5 2.5 2 1 1 2 2
1653.2 205.4 -112.4 90 0 15.3 17.4 7.5 2.5 2 1 3 2 2
1671.4 89.7 -108.8 91 0 12.0 13.6 5.0 2.5 2 1 2 3 3
1644.3 143.2 -109.8 271 0 21.0 15.8 10.0 2.5 2 0 4 3 3
1754.8 136.1 -109.4 90 0 19.6 13.6 12.5 2.5 2 0 5 3 3
1734.6 117.6 -111.0 271 0 15.8 16.2 10.0 2.5 2 1 4 5 5
1770.5 76.6 -112.8 90 0 17.2 21.4 12.5 2.5 2 1 5 0 0
1794.4 89.9 -114.3 271 0 16.9 10.3 7.5 2.5 2 0 3 4 4
1849.8 76.1 -115.6 269 0 15.2 7.8 7.5 2.5 2 0 3 5 5
1968.5 81.2 -119.9 269 0 16.8 12.9 2.5 2.5 2 0 1 4 4
2068.9 85.3 -120.5 289 0 10.6 9.4 5.0 2.5 2 0 2 1 1
2021.7 74.3 -119.9 269 0 19.7 9.2 5.0 2.5 2 0 2 2 2
2224.7 328.4 -127.2 181 0 16.0 21.4 15.0 0.0 0 1 6 5 5
2033.6 -338.6 -58.7 178 0 18.2 9.4 5.0 2.5 2 0 2 5 5
2069.5 -206.7 -94.7 91 0 9.9 7.0 5.0 2.5 2 0 2 1 1
2118.9 -153.0 -107.3 0 0 16.2 8.0 5.0 2.5 2 0 2 5 5
2098.5 -107.3 -109.6 178 0 9.9 12.2 7.5 2.5 2 1 3 4 4
2142.9 -29.8 -117.3 47 0 12.6 14.0 7.5 2.5 2 1 3 5 5
2250.4 -160.7 -115.9 90 0 12.0 15.0 2.5 2.5 2 1 1 3 3
2298.7 -330.1 -106.6 90 0 18.4 31.9 10.0 2.5 2 1 4 5 5
2354.0 -293.2 -107.4 92 0 13.5 10.6 7.5 2.5 2 0 3 2 2
2368.8 -236.1 -115.8 360 0 14.3 9.2 7.5 2.5 2 0 3 4 4
2421.7 -290.9 -103.9 266 0 12.8 11.5 5.0 2.5 2 0 2 2 2
2428.2 -343.8 -98.2 89 0 17.3 18.1 12.5 2.5 2 1 5 1 1
2347.1 -214.0 -118.4 89 0 9.0 16.9 2.5 2.5 2 1 1 5 5
2288.3 -158.1 -118.2 89 0 10.3 12.5 5.0 2.5 2 1 2 4 4
2301.2 -196.1 -116.9 90 0 15.1 15.9 7.5 2.5 2 1 3 1 1
2257.2 -112.5 -119.1 179 0 8.2 10.1 7.5 2.5 2 1 3 2 2
2297.2 70.3 -116.8 266 0 18.4 15.1 10.0 2.5 2 0 4 0 0
2419.7 -108.8 -123.0 89 0 8.3 13.1 7.5 2.5 2 1 3 3 3
2388.7 -118.1 -122.1 89 0 15.7 13.9 5.0 2.5 2 0 2 1 1
2283.1 -13.4 -117.9 244 0 11.1 20.2 5.0 2.5 2 1 2 5 5
2315.1 -32.8 -118.2 269 0 22.2 12.9 10.0 2.5 2 0 4 2 2
2337.0 19.1 -118.8 88 0 11.5 11.6 5.0 2.5 2 1 2 5 5
2416.8 51.0 -123.3 269 0 14.3 15.6 2.5 2.5 2 1 1 4 4
2381.0 61.3 -121.1 92 0 9.6 14.1 2.5 2.5 2 1 1 1 1
2416.5 169.7 -122.9 90 0 11.4 12.9 5.0 2.5 2 1 2 5 5
2307.3 373.6 -128.4 271 0 19.0 16.5 5.0 2.5 2 0 2 2 2
91.3 -5156.7 -60.0 49 0 122.8 125.5 12.5 0.0 0 1 5 5 5
-50.6 -5163.8 -55.5 133 0 25.7 38.9 12.5 0.0 0 1 5 0 0
