6376.5 -4885.1 -143.4 51 0 17.5 28.1 7.5 2.5 2 1 3 5 5
4660.0 -917.6 -184.6 98 0 26.1 18.3 12.5 2.5 2 0 5 5 5
6482.1 -2726.4 -26.7 188 0 46.6 10.1 10.0 0.0 0 0 4 2 2
4686.6 469.7 -199.9 35 0 12.7 12.9 2.5 0.0 0 1 1 3 3
6513.7 -2784.1 -25.9 355 0 27.0 13.5 10.0 2.5 2 0 4 4 4
4608.8 -888.5 -183.7 180 0 9.4 38.2 7.5 2.5 2 1 3 3 3
6491.2 -2763.5 -25.2 168 0 10.7 16.4 5.0 2.5 2 1 2 0 0
4672.5 -248.9 -179.9 93 0 10.3 28.5 10.0 2.5 2 1 4 1 1
4278.8 -59.1 -182.8 90 0 13.2 30.9 10.0 2.5 2 1 4 1 1
5277.3 1555.7 -174.1 42 0 9.1 23.8 7.5 0.0 0 1 3 0 0
4331.7 -447.6 -165.6 93 0 11.3 34.4 10.0 2.5 2 1 4 2 2
4329.2 -367.6 -166.1 18 0 13.9 37.8 10.0 2.5 2 1 4 0 0
4252.8 -464.4 -163.1 106 0 9.4 27.2 7.5 2.5 2 0 3 4 4
4242.6 -427.7 -163.0 196 0 10.7 24.5 5.0 2.5 2 0 2 4 4
5248.4 1518.8 -172.9 71 0 17.7 23.9 10.0 2.5 2 1 4 1 1
1563.6 -567.8 -139.2 330 0 40.2 15.8 12.5 2.5 2 0 5 4 4
1176.3 3961.3 -127.6 206 0 10.8 23.4 10.0 2.5 2 1 4 1 1
6677.0 4290.7 -157.5 305 0 16.5 17.7 12.5 2.5 2 1 5 0 0
2276.6 5831.0 195.1 278 0 9.8 29.2 7.5 2.5 2 1 3 0 0
2351.0 5807.6 191.1 62 0 11.1 20.4 12.5 2.5 4 1 5 5 5
5044.1 1367.3 -190.0 107 0 30.5 13.3 12.5 2.5 2 0 5 5 5
4889.2 -254.2 -181.4 18 0 83.1 48.2 12.5 0.0 0 0 5 0 0
6777.9 4780.5 -156.7 313 0 13.1 20.5 12.5 2.5 4 1 5 1 1
