1245.2 5139.7 -28.1 180 0 40.2 10.4 12.5 2.5 2 0 5 2 2
-625.7 4785.2 -13.0 94 0 11.4 11.7 7.5 2.5 2 1 3 5 5
203.4 4532.0 -21.8 350 0 9.1 13.2 2.5 0.0 0 1 1 1 1
-1.4 4522.3 -11.0 87 0 3.9 10.1 5.0 2.5 4 1 2 5 5
-190.3 4695.5 -6.8 182 0 14.5 12.9 7.5 2.5 2 0 3 4 4
-144.5 4702.9 -10.3 271 0 11.0 11.2 5.0 2.5 2 1 2 0 0
-349.2 5439.4 -14.1 4 0 11.9 14.7 7.5 2.5 4 1 3 1 1
-320.8 5431.4 -19.0 268 0 11.3 17.6 7.5 2.5 4 1 3 3 3
-266.4 5610.9 -24.4 193 0 10.9 8.7 2.5 2.5 2 0 1 1 1
-254.7 5678.3 -24.6 269 0 10.1 12.2 5.0 2.5 2 1 2 2 2
-194.4 5643.8 -25.3 91 0 8.2 11.7 5.0 2.5 2 1 2 4 4
-283.6 5595.6 -24.0 354 0 11.4 12.3 2.5 2.5 2 1 1 5 5
-506.1 5643.0 -14.0 190 0 14.9 12.3 5.0 2.5 2 0 2 2 2
294.4 5606.2 -28.2 1 0 9.1 15.9 7.5 2.5 2 1 3 3 3
224.4 5484.6 -27.8 0 0 13.4 12.6 10.0 2.5 2 0 4 5 5
129.9 5146.7 -20.9 186 0 9.6 9.6 5.0 2.5 2 1 2 1 1
-58.1 4735.5 -20.5 67 0 6.9 13.4 7.5 0.0 0 1 3 0 0
-1957.2 2382.5 -14.0 255 0 5.7 7.7 5.0 2.5 2 1 2 5 5
-1882.8 2347.2 -13.6 265 0 8.0 12.2 5.0 2.5 2 1 2 3 3
-1898.3 2274.7 -10.0 271 0 4.2 9.6 7.5 2.5 4 1 3 2 2
-1880.2 2276.7 -10.5 263 0 11.3 14.6 5.0 2.5 2 1 2 5 5
-1759.8 2362.8 -14.3 264 0 9.7 7.9 5.0 2.5 4 0 2 1 1
-1737.1 2227.0 -9.9 0 0 9.3 16.0 5.0 0.0 0 1 2 2 2
-1628.8 2416.9 -16.4 268 0 28.1 35.0 12.5 0.0 0 1 5 0 0
-1590.3 2232.4 -7.5 261 0 8.8 6.5 5.0 2.5 2 0 2 3 3
-1330.7 2312.1 -7.4 28 0 9.1 18.1 5.0 2.5 2 1 2 5 5
-1282.4 2306.4 -5.0 268 0 9.9 13.9 2.5 2.5 2 1 1 3 3
-1249.5 2312.1 -4.5 248 0 10.7 12.5 7.5 2.5 4 1 3 4 4
-1244.9 2370.6 -8.7 89 0 7.5 13.6 7.5 0.0 0 1 3 2 2
-1223.8 2369.8 -7.7 27 0 6.5 4.9 2.5 2.5 2 0 1 4 4
-1038.9 2352.6 -4.0 90 0 8.2 9.7 5.0 2.5 2 1 2 5 5
-964.1 2320.8 -6.5 350 0 23.8 15.0 12.5 2.5 2 0 5 3 3
-1002.9 2453.7 -13.2 218 0 16.7 15.8 10.0 2.5 4 0 4 1 1
-965.8 2430.7 -14.2 6 0 11.5 18.2 7.5 2.5 2 1 3 4 4
-907.8 2433.6 -15.1 266 0 8.8 8.1 5.0 2.5 2 0 2 1 1
-903.6 2391.8 -14.3 355 0 13.1 12.1 5.0 2.5 4 0 2 4 4
-855.3 2321.6 -13.0 351 0 14.4 11.0 7.5 2.5 2 0 3 2 2
-932.9 2665.7 -15.6 356 0 13.6 17.5 2.5 2.5 2 1 1 2 2
-982.6 2646.2 -15.6 356 0 8.6 18.3 7.5 2.5 4 1 3 5 5
-962.6 2487.1 -16.1 4 0 15.7 14.1 5.0 2.5 2 0 2 3 3
-1374.1 2462.8 -17.2 90 0 12.2 16.7 10.0 2.5 2 1 4 2 2
-1912.5 2408.4 -16.1 0 0 19.1 14.7 7.5 2.5 2 0 3 4 4
-1975.2 2729.6 -14.4 183 0 13.1 17.2 5.0 0.0 0 1 2 4 4
-1967.0 2798.8 -11.0 171 0 6.7 15.3 5.0 2.5 2 1 2 1 1
-1842.9 2870.1 -10.1 8 0 9.8 10.5 5.0 0.0 0 1 2 0 0
-1836.7 2977.2 -9.5 86 0 11.8 10.8 5.0 2.5 2 0 2 4 4
-1907.8 3187.4 0.6 259 0 8.4 19.3 2.5 2.5 2 1 1 1 1
-1793.9 3088.9 -8.6 89 0 9.2 11.7 7.5 2.5 2 1 3 3 3
-1666.8 3201.2 -2.2 350 0 7.8 6.0 5.0 2.5 2 0 2 2 2
-1769.8 2755.4 -13.7 4 0 6.9 14.7 2.5 2.5 2 1 1 2 2
-1609.9 2964.0 -7.9 352 0 5.2 5.8 2.5 0.0 0 1 1 4 4
-1566.7 2910.2 -9.5 183 0 7.6 12.0 7.5 2.5 2 1 3 2 2
-1578.1 3171.7 -1.1 277 0 12.1 10.1 7.5 2.5 2 0 3 3 3
-1405.3 2966.5 6.2 188 0 5.6 11.0 2.5 2.5 4 1 1 0 0
-988.0 3022.8 -6.4 266 0 5.3 9.6 5.0 2.5 2 1 2 5 5
-1276.9 2671.4 -16.5 85 0 7.8 17.6 5.0 2.5 2 1 2 4 4
-1294.8 2743.4 -14.8 273 0 16.1 8.0 5.0 2.5 2 0 2 3 3
-1226.7 2888.5 14.8 78 0 13.4 9.7 5.0 2.5 2 0 2 5 5
-1214.4 2728.1 -15.0 355 0 8.9 14.0 7.5 2.5 2 1 3 1 1
-1145.4 2861.5 4.1 209 0 7.4 9.4 7.5 2.5 4 1 3 0 0
-1037.0 2643.9 -15.8 186 0 13.7 15.1 5.0 2.5 2 1 2 4 4
-888.2 2815.0 -13.0 0 0 15.3 11.6 7.5 2.5 2 0 3 2 2
-1524.5 3173.0 1.8 79 0 10.0 11.6 5.0 2.5 4 1 2 4 4
-1040.4 2784.7 -13.9 280 0 17.4 10.8 5.0 2.5 2 0 2 1 1
2982.7 5600.7 -18.8 22 0 23.3 55.1 12.5 2.5 2 1 5 2 2
2964.7 5673.1 -17.8 267 0 7.7 7.8 7.5 2.5 2 1 3 5 5
3096.1 5653.0 -14.5 267 0 9.3 6.5 5.0 2.5 2 0 2 0 0
3164.1 5592.2 -5.5 181 0 11.5 9.5 7.5 2.5 2 0 3 5 5
3257.1 5635.2 1.9 259 0 7.5 6.6 5.0 2.5 2 0 2 4 4
3464.2 5645.7 -12.8 166 0 12.0 7.9 7.5 2.5 4 0 3 3 3
3478.8 5554.2 -11.0 89 0 7.3 9.1 5.0 2.5 2 1 2 1 1
3455.8 5492.9 -7.4 273 0 8.0 5.8 5.0 2.5 4 0 2 4 4
3414.4 5469.4 -7.1 178 0 8.9 10.3 5.0 2.5 2 1 2 5 5
3707.4 5622.3 -29.7 182 0 19.0 12.7 10.0 2.5 2 0 4 3 3
3812.4 5683.0 -31.9 262 0 6.1 8.5 7.5 2.5 2 1 3 4 4
3890.7 5631.4 -34.0 222 0 11.0 7.6 7.5 2.5 2 0 3 1 1
3830.2 5588.3 -36.2 178 0 10.3 8.3 5.0 2.5 2 0 2 4 4
3838.2 5565.5 -36.8 87 0 14.1 18.0 12.5 2.5 2 0 5 2 2
3898.1 5596.0 -35.4 11 0 8.1 8.6 5.0 2.5 2 1 2 2 2
3756.9 5363.8 -26.9 195 0 14.6 14.3 5.0 2.5 2 0 2 3 3
3172.9 5479.3 -14.7 172 0 7.1 7.1 5.0 2.5 2 1 2 5 5
3098.5 5478.2 -7.3 184 0 7.9 7.7 5.0 2.5 2 0 2 2 2
3373.5 5374.4 -17.3 69 0 11.8 19.3 2.5 2.5 2 1 1 0 0
3696.0 5478.1 -23.7 260 0 8.6 6.1 5.0 2.5 2 0 2 0 0
2753.9 5494.3 -22.9 273 0 5.2 7.6 7.5 2.5 4 1 3 4 4
2803.4 5384.8 -21.1 89 0 15.3 12.7 2.5 2.5 4 0 1 5 5
2796.7 5350.6 -20.9 181 0 8.4 19.3 7.5 2.5 2 1 3 0 0
2731.7 5308.7 -22.2 176 0 12.4 9.4 5.0 2.5 2 0 2 0 0
2753.0 5339.9 -20.9 272 0 5.6 6.0 5.0 0.0 0 1 2 1 1
2726.0 5273.2 -23.7 176 0 14.1 14.5 7.5 2.5 4 1 3 1 1
2746.6 5199.2 -22.7 172 0 8.7 12.4 7.5 0.0 0 1 3 0 0
2760.8 5034.6 -27.2 246 0 15.9 21.6 7.5 2.5 2 1 3 1 1
2901.2 5172.9 -17.3 86 0 8.8 17.9 7.5 2.5 2 1 3 0 0
2936.9 5235.8 -10.7 180 0 7.5 11.2 5.0 2.5 2 1 2 3 3
3063.1 5240.4 -5.9 95 0 7.5 12.2 2.5 2.5 2 1 1 1 1
2978.9 5061.6 -24.0 214 0 8.4 11.5 7.5 0.0 0 1 3 0 0
2983.5 5020.8 -27.0 89 0 15.7 13.5 7.5 2.5 2 0 3 0 0
3223.1 5257.4 -20.2 83 0 12.0 9.1 7.5 2.5 2 0 3 4 4
3170.9 5138.7 -15.1 88 0 14.7 14.6 10.0 2.5 2 0 4 5 5
3223.4 5186.6 -19.8 263 0 7.5 7.5 5.0 2.5 2 1 2 3 3
3328.9 5286.7 -26.9 134 0 17.4 13.0 5.0 2.5 2 0 2 5 5
3381.3 5256.2 -26.4 86 0 7.8 13.7 7.5 2.5 4 1 3 3 3
3338.8 5206.4 -30.4 347 0 7.8 4.7 7.5 2.5 2 0 3 4 4
3366.4 5137.6 -32.0 96 0 16.3 14.1 10.0 2.5 4 0 4 4 4
3505.9 5150.6 -25.5 90 0 18.1 15.3 12.5 2.5 2 0 5 5 5
3682.0 5129.5 -33.3 267 0 13.9 17.1 5.0 2.5 2 1 2 4 4
3700.1 5220.4 -26.9 178 0 17.5 12.7 5.0 2.5 2 0 2 2 2
3814.6 5153.7 -34.3 16 0 10.1 21.9 7.5 2.5 2 0 3 0 0
3825.6 4883.7 -37.4 89 0 7.7 13.0 2.5 2.5 2 1 1 2 2
3842.6 4656.8 -36.4 127 0 9.3 16.2 7.5 2.5 4 1 3 1 1
3860.7 4614.7 -35.3 354 0 9.3 10.2 7.5 2.5 2 1 3 4 4
3724.7 4723.5 -34.8 267 0 12.0 18.7 10.0 2.5 4 1 4 5 5
3530.8 4839.7 -25.4 171 0 10.1 5.7 7.5 2.5 2 0 3 0 0
3440.3 4867.6 -34.8 359 0 7.4 12.2 2.5 2.5 2 1 1 0 0
3561.7 4719.3 -26.8 0 0 17.1 13.8 2.5 2.5 2 0 1 1 1
3534.8 4678.9 -26.1 1 0 14.2 16.7 7.5 0.0 0 1 3 5 5
3291.0 4521.9 -30.6 77 0 10.8 12.0 5.0 2.5 2 1 2 3 3
3165.9 4839.3 -34.7 262 0 15.9 16.8 12.5 2.5 2 1 5 0 0
3111.1 4985.3 -27.6 81 0 10.1 10.2 7.5 2.5 2 1 3 3 3
3161.5 4790.8 -33.9 175 0 17.6 12.5 7.5 2.5 2 0 3 5 5
2837.3 4853.9 -30.9 87 0 14.2 19.9 10.0 2.5 2 1 4 0 0
2800.1 4855.2 -30.0 87 0 12.5 25.4 12.5 2.5 2 1 5 2 2
2776.0 4954.9 -27.5 88 0 20.4 18.2 7.5 2.5 2 0 3 4 4
2731.4 4819.9 -29.9 177 0 13.9 14.8 5.0 2.5 2 1 2 5 5
2747.7 4718.4 -34.0 175 0 14.8 14.9 5.0 2.5 2 1 2 3 3
2918.3 4583.1 -36.8 178 0 14.1 13.8 7.5 2.5 2 0 3 2 2
3041.4 4602.3 -36.1 265 0 17.0 13.8 2.5 2.5 2 0 1 5 5
3001.6 4530.0 -34.3 178 0 10.5 12.9 5.0 2.5 2 1 2 0 0
279.4 5737.7 -27.2 87 0 10.3 9.2 5.0 2.5 2 0 2 4 4
236.2 5810.0 -24.0 107 0 12.4 18.1 7.5 2.5 2 1 3 2 2
276.4 5889.7 -19.3 357 0 22.1 11.8 12.5 2.5 2 0 5 4 4
253.0 5927.6 -16.5 181 0 18.5 12.4 7.5 2.5 2 0 3 0 0
170.7 5814.7 -23.8 194 0 9.9 13.5 5.0 2.5 2 1 2 5 5
147.9 5916.2 -20.8 358 0 18.8 21.0 7.5 2.5 2 1 3 0 0
162.0 5869.5 -21.8 2 0 17.1 15.2 12.5 2.5 2 0 5 2 2
170.5 5950.9 -17.8 181 0 13.8 16.7 5.0 2.5 2 1 2 0 0
166.9 5988.4 -16.6 182 0 17.8 12.4 7.5 2.5 2 0 3 1 1
176.9 6059.6 -13.3 192 0 6.6 19.0 2.5 2.5 2 1 1 4 4
221.8 6048.6 -12.5 181 0 29.4 11.4 10.0 2.5 2 0 4 0 0
205.2 6098.7 -11.7 181 0 16.7 13.6 5.0 2.5 2 0 2 0 0
200.3 6117.6 -12.3 185 0 6.2 5.8 7.5 2.5 2 0 3 5 5
213.1 6133.9 -12.5 177 0 18.4 19.0 12.5 2.5 2 1 5 1 1
165.5 6131.4 -14.5 358 0 21.5 10.9 7.5 2.5 4 0 3 4 4
178.1 6263.3 -17.4 0 0 9.6 32.3 7.5 2.5 2 1 3 3 3
159.9 6294.1 -14.5 107 0 21.4 16.3 12.5 0.0 0 0 5 1 1
225.3 6272.9 -18.3 98 0 12.2 10.2 2.5 2.5 2 0 1 1 1
187.4 6275.2 -17.5 8 0 4.7 24.1 7.5 2.5 2 1 3 4 4
199.8 6272.9 -17.7 270 0 9.6 10.7 5.0 2.5 2 1 2 5 5
234.3 6305.7 -19.2 3 0 14.5 15.0 5.0 2.5 4 1 2 1 1
208.5 6306.4 -17.5 93 0 8.1 10.6 5.0 2.5 2 1 2 4 4
252.5 6238.6 -15.6 270 0 20.8 14.7 12.5 2.5 2 0 5 5 5
223.1 5916.3 -17.1 181 0 7.4 6.8 7.5 2.5 2 0 3 1 1
194.6 5872.1 -19.9 180 0 13.8 18.7 12.5 0.0 0 1 5 4 4
322.3 5965.4 -14.0 359 0 12.5 13.3 7.5 2.5 2 1 3 5 5
118.2 5881.7 -22.6 3 0 9.6 11.4 7.5 0.0 0 1 3 4 4
116.3 5902.3 -21.7 3 0 7.2 8.4 5.0 2.5 2 1 2 3 3
51.0 5895.6 -24.0 90 0 10.2 12.1 7.5 2.5 2 1 3 5 5
26.9 5924.4 -24.4 273 0 16.1 19.2 10.0 2.5 2 1 4 0 0
-11.5 5993.6 -22.5 1 0 9.2 13.9 7.5 2.5 2 1 3 5 5
22.3 5997.4 -21.6 270 0 15.4 13.2 7.5 2.5 2 0 3 4 4
-2.3 5962.6 -23.1 180 0 13.5 15.3 2.5 2.5 2 1 1 2 2
54.9 6027.2 -18.9 90 0 13.1 20.6 12.5 2.5 2 1 5 5 5
82.6 6034.4 -17.7 91 0 14.3 17.5 5.0 2.5 2 1 2 3 3
-21.9 5751.2 -27.6 1 0 14.8 19.9 15.0 0.0 0 1 6 5 5
-68.9 5740.4 -27.1 91 0 15.6 16.3 10.0 2.5 2 1 4 5 5
-47.9 5781.2 -27.4 1 0 14.0 12.6 7.5 2.5 2 0 3 3 3
-42.3 5847.1 -27.7 90 0 13.2 12.1 7.5 2.5 4 0 3 0 0
-87.0 5806.6 -27.1 182 0 20.3 12.6 7.5 2.5 4 0 3 1 1
-104.1 5778.3 -26.8 182 0 11.4 12.0 7.5 2.5 4 1 3 1 1
-69.5 5881.1 -27.4 271 0 16.7 20.5 12.5 0.0 0 1 5 4 4
-90.0 5880.3 -27.1 270 0 8.8 14.0 5.0 2.5 2 1 2 3 3
-117.7 5839.3 -26.8 90 0 15.0 19.9 10.0 2.5 2 1 4 4 4
-105.4 5883.4 -27.0 273 0 15.8 12.8 5.0 2.5 2 0 2 2 2
-157.6 5955.0 -26.5 92 0 14.5 17.4 7.5 2.5 2 1 3 5 5
-126.4 5898.4 -26.8 270 0 11.6 13.6 5.0 2.5 2 1 2 1 1
-37.1 5934.4 -25.1 273 0 8.3 9.2 5.0 0.0 0 1 2 4 4
-24.3 5937.5 -25.1 271 0 12.7 17.6 5.0 2.5 2 1 2 4 4
-38.2 5961.3 -23.9 91 0 12.6 14.4 5.0 2.5 4 1 2 3 3
-5.3 6067.1 -19.5 181 0 20.2 15.1 10.0 2.5 2 0 4 2 2
-42.1 6042.4 -21.7 272 0 15.6 14.4 2.5 2.5 2 0 1 2 2
-72.3 6077.5 -20.6 97 0 13.0 9.3 2.5 2.5 2 0 1 4 4
-113.7 6034.3 -23.9 275 0 13.5 17.0 5.0 0.0 0 1 2 2 2
-110.0 5984.3 -25.0 87 0 18.2 14.3 7.5 2.5 4 0 3 2 2
31.5 6115.8 -17.8 181 0 16.8 18.3 10.0 2.5 2 1 4 3 3
-35.8 6088.8 -19.1 93 0 17.2 26.1 7.5 2.5 2 1 3 5 5
-27.1 6156.6 -11.1 265 0 13.0 15.9 5.0 2.5 2 1 2 3 3
-48.5 6136.5 -14.1 267 0 20.6 13.2 10.0 2.5 2 0 4 5 5
262.6 6022.3 -12.1 5 0 10.4 11.6 5.0 2.5 2 1 2 2 2
321.9 6141.1 -9.4 4 0 12.4 16.3 2.5 2.5 2 1 1 4 4
282.8 6139.0 -10.4 9 0 7.8 8.8 5.0 2.5 2 1 2 1 1
257.8 6185.7 -12.6 281 0 17.2 19.6 10.0 2.5 2 1 4 4 4
286.5 6183.4 -11.8 282 0 11.6 19.6 7.5 2.5 4 1 3 4 4
280.5 6279.1 -19.1 93 0 19.1 16.0 10.0 2.5 2 0 4 1 1
295.5 6320.5 -20.8 180 0 10.7 10.8 5.0 2.5 2 1 2 3 3
330.0 6273.1 -19.0 89 0 21.0 16.2 5.0 2.5 2 0 2 4 4
322.3 6330.2 -21.2 286 0 19.4 14.6 7.5 2.5 2 0 3 5 5
256.4 6317.2 -20.2 2 0 18.1 13.6 7.5 2.5 2 0 3 2 2
322.1 6393.4 -22.3 1 0 22.0 16.8 7.5 2.5 4 0 3 2 2
326.3 6423.4 -20.2 15 0 15.4 15.1 5.0 2.5 2 0 2 3 3
293.6 6452.8 -16.7 181 0 14.3 16.4 2.5 0.0 0 1 1 3 3
286.7 6458.8 -14.3 181 0 6.4 6.3 5.0 2.5 2 0 2 3 3
290.8 6482.4 -14.3 183 0 21.4 14.3 12.5 2.5 2 0 5 0 0
321.4 6564.2 -17.8 283 0 23.1 11.2 10.0 2.5 2 0 4 5 5
302.0 6534.0 -15.1 180 0 10.2 7.2 5.0 2.5 4 0 2 0 0
202.5 6415.9 -10.7 179 0 19.2 14.5 10.0 2.5 2 0 4 2 2
275.6 6351.2 -20.6 4 0 13.9 18.3 12.5 2.5 2 1 5 4 4
253.7 6359.2 -17.9 360 0 9.3 8.5 2.5 2.5 2 0 1 0 0
258.6 6458.2 -11.8 358 0 24.1 14.3 12.5 2.5 2 0 5 4 4
198.5 6556.9 -8.4 279 0 16.8 20.0 12.5 2.5 4 1 5 1 1
235.4 6542.9 -10.5 275 0 15.6 13.7 5.0 2.5 2 0 2 2 2
250.1 6592.4 -13.5 1 0 13.8 15.7 5.0 2.5 2 1 2 0 0
202.2 6581.3 -10.2 89 0 10.7 13.4 5.0 2.5 2 1 2 2 2
164.4 6571.4 -7.4 91 0 19.4 15.3 12.5 2.5 2 0 5 1 1
172.1 6338.0 -12.2 94 0 16.8 22.8 15.0 0.0 0 1 6 1 1
153.2 6046.9 -15.4 4 0 17.0 18.3 10.0 2.5 2 1 4 2 2
176.6 6170.8 -15.7 12 0 20.0 20.1 10.0 2.5 2 1 4 0 0
95.0 6241.6 -14.0 186 0 15.2 14.8 7.5 2.5 2 0 3 5 5
129.9 6296.2 -11.7 271 0 10.6 11.7 2.5 2.5 2 1 1 2 2
56.3 6203.6 -14.5 267 0 14.4 18.4 12.5 2.5 2 1 5 4 4
16.0 6192.1 -11.1 269 0 13.9 11.1 5.0 2.5 2 0 2 4 4
88.9 6347.5 -3.6 352 0 18.3 13.6 7.5 0.0 0 0 3 4 4
76.8 6380.3 -0.0 355 0 17.6 15.0 12.5 2.5 2 0 5 4 4
172.0 6402.5 -8.4 270 0 10.6 17.1 5.0 2.5 2 1 2 4 4
219.5 6365.1 -14.3 4 0 11.8 14.0 5.0 2.5 4 1 2 1 1
216.2 6663.2 -14.1 0 0 16.4 19.9 10.0 2.5 2 1 4 0 0
211.5 6687.6 -14.9 360 0 19.3 18.0 10.0 2.5 2 0 4 0 0
180.6 6621.0 -10.6 180 0 15.2 11.7 7.5 2.5 2 0 3 3 3
108.5 6766.3 -10.2 271 0 14.8 14.5 5.0 0.0 0 0 2 2 2
63.6 6797.3 -4.8 276 0 18.1 13.9 15.0 0.0 0 0 6 1 1
122.8 6448.0 0.6 360 0 17.1 19.1 10.0 2.5 2 1 4 1 1
69.4 6399.8 2.2 92 0 13.0 12.5 7.5 2.5 2 0 3 2 2
64.2 6428.8 4.2 95 0 23.8 12.2 12.5 2.5 2 0 5 2 2
80.3 6449.6 4.2 94 0 11.7 16.0 7.5 2.5 2 1 3 4 4
113.4 6486.5 0.8 272 0 14.9 16.3 5.0 2.5 2 1 2 1 1
148.8 6461.9 -0.7 0 0 12.5 18.8 2.5 2.5 2 1 1 1 1
81.8 6503.3 2.7 273 0 11.5 15.6 5.0 2.5 2 1 2 2 2
22.6 6430.9 6.5 182 0 20.0 14.8 10.0 2.5 2 0 4 2 2
-4.8 6462.6 9.7 183 0 11.6 11.5 2.5 0.0 0 0 1 0 0
0.5 6424.2 8.1 183 0 8.4 9.0 7.5 2.5 2 1 3 4 4
11.0 6369.4 4.2 185 0 19.0 12.7 5.0 2.5 2 0 2 3 3
53.4 6384.0 2.8 4 0 12.6 13.2 5.0 2.5 2 1 2 4 4
44.4 6352.0 0.9 7 0 24.7 12.2 12.5 2.5 2 0 5 1 1
-23.1 6318.1 4.1 274 0 10.7 13.6 5.0 2.5 2 1 2 5 5
-42.6 6300.2 5.8 85 0 7.1 4.3 7.5 2.5 2 0 3 0 0
-111.7 6056.1 -22.5 90 0 17.2 17.7 10.0 0.0 0 1 4 5 5
-160.1 6028.8 -24.6 180 0 11.3 12.4 5.0 2.5 2 1 2 2 2
-157.4 5859.2 -26.3 85 0 11.7 12.8 7.5 2.5 2 1 3 3 3
-209.3 5912.6 -25.8 181 0 11.3 7.9 5.0 2.5 2 0 2 1 1
-206.3 5932.0 -25.9 182 0 19.0 9.9 2.5 2.5 2 0 1 3 3
-157.2 5705.3 -25.8 2 0 16.2 16.6 10.0 2.5 2 1 4 5 5
-203.4 5720.5 -25.4 270 0 12.1 12.4 7.5 2.5 2 1 3 5 5
-418.3 5805.4 -23.8 179 0 9.0 7.6 5.0 2.5 2 0 2 4 4
-432.0 5687.9 -23.5 98 0 11.4 17.6 5.0 2.5 2 1 2 0 0
-424.2 5751.9 -23.7 182 0 8.6 7.4 5.0 2.5 2 0 2 4 4
-389.0 5767.9 -23.9 272 0 5.7 8.8 2.5 2.5 2 1 1 5 5
-365.1 5766.3 -24.0 279 0 15.8 14.8 10.0 2.5 2 0 4 2 2
-362.5 5726.5 -24.0 89 0 10.2 11.8 5.0 2.5 2 1 2 0 0
-469.1 5999.9 -22.3 268 0 8.3 8.5 5.0 2.5 2 1 2 5 5
-309.4 6111.5 -24.5 181 0 7.6 18.1 7.5 2.5 4 1 3 4 4
-327.5 6100.2 -24.0 1 0 11.0 12.9 7.5 2.5 2 1 3 3 3
-322.2 6078.8 -24.4 359 0 9.8 11.0 2.5 2.5 2 1 1 0 0
-317.9 6132.3 -23.2 179 0 14.2 10.6 10.0 2.5 2 0 4 0 0
-226.3 6162.2 -13.7 92 0 22.4 14.7 12.5 0.0 0 0 5 2 2
-230.1 6197.7 -9.7 178 0 11.7 11.1 10.0 2.5 2 0 4 2 2
-206.3 6210.0 -8.8 273 0 16.1 18.8 10.0 2.5 2 1 4 3 3
-88.6 6154.6 -12.1 266 0 9.4 13.7 2.5 2.5 2 1 1 3 3
-307.7 6693.8 35.8 88 0 15.3 12.4 2.5 2.5 2 0 1 0 0
-300.1 6634.5 31.6 1 0 16.1 13.6 5.0 2.5 2 0 2 1 1
-514.2 6764.6 32.7 183 0 14.6 14.7 5.0 2.5 2 1 2 5 5
-503.6 6703.2 23.6 270 0 10.8 14.2 5.0 2.5 2 1 2 5 5
-528.3 6719.6 24.5 4 0 10.8 10.6 7.5 2.5 2 0 3 4 4
-682.6 6705.4 25.1 182 0 12.3 13.5 5.0 2.5 2 1 2 0 0
-655.6 6643.7 20.2 186 0 6.2 7.9 7.5 2.5 2 1 3 5 5
-689.3 6554.9 17.8 183 0 19.1 13.9 12.5 2.5 2 0 5 5 5
-507.6 6810.5 32.0 274 0 13.2 12.3 7.5 2.5 2 0 3 3 3
-739.8 6434.0 16.9 186 0 8.8 11.3 2.5 2.5 2 1 1 0 0
-613.4 6168.0 -16.1 99 0 13.5 9.6 5.0 2.5 2 0 2 2 2
-524.8 6051.3 -20.3 184 0 10.3 12.7 5.0 0.0 0 1 2 4 4
-531.6 5999.2 -21.1 189 0 11.4 16.2 2.5 2.5 4 1 1 0 0
-542.7 5930.2 -21.6 91 0 10.2 14.0 7.5 2.5 2 1 3 2 2
-615.6 5909.4 -22.3 188 0 11.4 12.5 5.0 2.5 4 1 2 4 4
-588.4 5846.6 -23.2 97 0 9.8 12.9 7.5 0.0 0 1 3 4 4
-653.6 5948.9 -22.2 190 0 10.6 15.7 2.5 2.5 2 1 1 1 1
-728.0 5939.9 -24.5 183 0 18.7 14.9 12.5 2.5 2 0 5 2 2
-728.1 5860.4 -16.2 267 0 14.1 12.9 5.0 0.0 0 0 2 4 4
-817.2 5892.4 -18.0 270 0 11.6 10.7 5.0 2.5 2 0 2 5 5
-557.1 5813.2 -23.1 269 0 23.4 13.3 10.0 2.5 2 0 4 1 1
-500.9 5790.6 -23.3 4 0 11.7 23.4 10.0 2.5 2 1 4 1 1
-500.9 5696.9 -18.7 0 0 14.3 15.5 5.0 2.5 2 1 2 0 0
-410.6 5878.9 -24.1 186 0 9.2 5.1 5.0 2.5 2 0 2 5 5
138.1 5801.7 -24.9 17 0 14.2 9.0 7.5 2.5 2 0 3 5 5
-126.8 6409.4 15.5 92 0 13.3 19.1 10.0 2.5 2 1 4 3 3
-120.0 6502.7 18.2 272 0 11.2 11.2 10.0 2.5 2 0 4 3 3
-67.3 6466.2 14.1 94 0 10.1 10.6 10.0 2.5 2 1 4 4 4
-134.6 6590.7 18.1 275 0 8.2 15.4 5.0 2.5 2 1 2 4 4
26.0 6813.4 0.5 282 0 6.9 8.8 7.5 2.5 2 1 3 4 4
-588.7 6486.7 5.9 180 0 11.6 12.6 5.0 2.5 2 1 2 0 0
-577.9 6520.1 7.0 268 0 10.6 10.5 5.0 2.5 2 0 2 1 1
-476.0 6499.0 -1.3 359 0 8.9 9.4 7.5 0.0 0 1 3 3 3
-380.0 6409.9 3.1 91 0 8.6 13.2 5.0 2.5 2 1 2 2 2
-321.2 6444.6 12.5 271 0 11.7 10.8 2.5 2.5 2 0 1 3 3
-409.9 6272.5 -15.5 270 0 10.3 8.1 7.5 2.5 2 0 3 1 1
-392.6 6073.9 -22.9 359 0 16.8 13.2 5.0 2.5 2 0 2 1 1
-609.1 -5053.6 -28.5 358 0 14.6 15.7 5.0 2.5 2 1 2 2 2
-620.0 -5008.0 -30.0 270 0 10.8 13.5 10.0 2.5 4 1 4 0 0
-678.2 -5073.4 -25.8 86 0 10.1 9.0 2.5 0.0 0 0 1 3 3
-655.3 -5099.2 -26.3 90 0 20.9 26.0 12.5 0.0 0 1 5 4 4
-653.2 -5051.0 -27.2 271 0 18.2 14.8 12.5 2.5 2 0 5 5 5
-679.1 -5052.4 -26.3 270 0 11.0 7.6 2.5 2.5 2 0 1 0 0
-732.7 -5030.7 -28.0 175 0 19.9 15.5 10.0 0.0 0 0 4 4 4
-611.3 -4822.8 -37.4 344 0 9.6 9.8 2.5 2.5 2 1 1 3 3
-630.3 -4831.7 -37.2 9 0 7.4 10.8 2.5 2.5 2 1 1 2 2
-647.9 -4858.0 -35.5 359 0 7.8 12.4 7.5 2.5 2 1 3 0 0
-687.8 -4846.4 -35.1 178 0 21.5 11.8 10.0 0.0 0 0 4 3 3
-707.9 -4801.2 -36.3 180 0 7.0 8.1 5.0 2.5 4 1 2 4 4
-708.2 -4859.3 -33.6 274 0 4.6 12.0 5.0 2.5 2 1 2 3 3
-694.7 -4893.2 -32.7 273 0 19.4 25.8 10.0 2.5 2 1 4 5 5
-717.6 -4944.1 -30.9 87 0 6.1 6.7 7.5 2.5 2 1 3 1 1
-831.3 -4882.6 -34.8 177 0 18.4 12.8 5.0 2.5 2 0 2 1 1
-807.2 -4807.8 -37.0 191 0 9.2 7.7 2.5 2.5 2 0 1 3 3
-754.3 -4862.9 -34.6 11 0 12.4 13.9 5.0 2.5 2 1 2 4 4
-773.3 -4931.5 -32.3 93 0 13.9 10.3 5.0 0.0 0 0 2 1 1
-729.9 -4921.8 -32.2 88 0 7.3 14.9 7.5 2.5 2 1 3 3 3
-783.4 -4813.7 -36.4 267 0 15.0 18.2 7.5 2.5 2 1 3 3 3
-5446.3 -3721.9 -23.6 90 0 15.1 11.3 5.0 2.5 2 0 2 5 5
-5551.6 -3682.5 -23.4 179 0 18.9 19.6 10.0 2.5 2 1 4 4 4
-5490.3 -3715.0 -23.9 4 0 10.6 7.3 5.0 2.5 2 0 2 1 1
-5494.6 -3688.7 -23.5 2 0 11.2 7.5 7.5 2.5 2 0 3 4 4
-5244.8 -3711.9 -27.1 359 0 11.1 13.8 5.0 2.5 2 1 2 4 4
-5248.2 -3690.6 -26.2 360 0 8.5 8.3 5.0 2.5 2 0 2 5 5
-5419.3 -3727.4 -23.0 90 0 9.2 13.5 5.0 2.5 4 1 2 4 4
-5356.5 -3724.7 -22.9 360 0 14.5 11.3 5.0 2.5 2 0 2 1 1
-5563.7 -3728.7 -24.1 181 0 14.2 10.1 2.5 2.5 2 0 1 1 1
-5550.0 -3739.8 -24.2 89 0 3.6 8.8 5.0 2.5 2 1 2 0 0
-5514.1 -3754.9 -24.5 0 0 5.2 5.8 5.0 2.5 2 1 2 2 2
-5176.9 -3633.0 -27.9 138 0 13.5 5.8 2.5 2.5 2 0 1 3 3
-5163.1 -3612.4 -27.9 291 0 6.6 7.7 5.0 0.0 0 1 2 2 2
-5123.6 -3713.9 -32.7 109 0 28.4 11.9 10.0 2.5 2 0 4 5 5
-5075.9 -3651.5 -32.8 11 0 12.0 13.6 7.5 2.5 2 1 3 4 4
-4990.8 -3849.8 -30.5 5 0 8.5 7.2 2.5 2.5 4 0 1 0 0
-5243.2 -3607.1 -24.4 179 0 10.0 9.0 2.5 2.5 2 0 1 0 0
-5219.2 -3591.9 -24.9 269 0 9.0 8.7 7.5 2.5 2 0 3 5 5
-5208.4 -3623.9 -25.9 91 0 6.7 9.5 7.5 2.5 2 1 3 3 3
6174.7 -6746.3 -34.8 63 0 9.0 5.7 5.0 2.5 2 0 2 3 3
6166.0 -6693.2 -33.1 176 0 7.8 18.6 7.5 2.5 2 1 3 2 2
6246.6 -6590.9 -32.1 1 0 13.5 7.2 2.5 2.5 2 0 1 2 2
6233.2 -6585.8 -32.1 3 0 11.3 8.2 5.0 2.5 2 0 2 1 1
6210.8 -6553.8 -32.1 179 0 15.3 14.3 10.0 2.5 4 0 4 2 2
6211.6 -6403.6 -32.3 183 0 10.3 9.9 7.5 2.5 2 0 3 2 2
6265.4 -6386.9 -32.4 266 0 11.8 10.1 7.5 2.5 2 0 3 4 4
6249.3 -6297.7 -32.5 183 0 13.0 31.0 10.0 0.0 0 1 4 5 5
5493.5 -6325.3 -29.3 178 0 9.9 25.1 7.5 2.5 2 1 3 0 0
5502.5 -6374.5 -27.8 173 0 15.9 17.3 10.0 2.5 4 1 4 2 2
5553.7 -6367.4 -27.8 350 0 13.0 20.3 5.0 2.5 2 1 2 1 1
5468.4 -6423.7 -26.3 92 0 12.6 9.4 7.5 2.5 2 0 3 2 2
5333.1 -6491.1 -24.6 89 0 11.2 20.8 5.0 2.5 4 1 2 4 4
5176.3 -6346.8 -28.4 88 0 12.1 11.9 5.0 2.5 2 0 2 3 3
5208.7 -6296.3 -29.7 355 0 13.7 14.2 7.5 2.5 2 1 3 4 4
-207.3 -3931.2 -34.1 268 0 16.9 19.9 7.5 2.5 2 1 3 1 1
-250.5 -3987.7 -35.1 69 0 14.9 25.8 12.5 0.0 0 1 5 3 3
-242.1 -4047.6 -36.4 343 0 16.8 14.3 7.5 2.5 4 0 3 0 0
-239.3 -4228.1 -38.6 296 0 19.6 23.4 10.0 0.0 0 1 4 1 1
-241.5 -4291.1 -39.1 155 0 13.9 19.7 10.0 2.5 2 1 4 1 1
-139.0 -4403.6 -40.6 345 0 13.5 15.2 5.0 2.5 2 1 2 5 5
-139.6 -4415.8 -40.8 264 0 17.8 20.1 7.5 2.5 4 1 3 2 2
-118.1 -4475.1 -39.9 336 0 16.0 27.9 10.0 2.5 2 1 4 1 1
-94.8 -4366.3 -40.2 351 0 9.9 27.0 7.5 2.5 2 1 3 5 5
14.2 -4470.8 -38.2 3 0 10.0 8.9 2.5 2.5 2 0 1 0 0
75.2 -4405.0 -39.3 266 0 11.1 12.7 2.5 2.5 2 1 1 0 0
195.4 -4384.3 -38.8 174 0 21.2 19.5 12.5 2.5 4 0 5 5 5
242.8 -4430.1 -37.2 105 0 15.3 27.4 10.0 2.5 4 1 4 0 0
256.8 -4250.5 -39.5 350 0 15.0 30.4 10.0 2.5 2 1 4 1 1
248.9 -4221.8 -39.2 4 0 19.9 20.5 7.5 2.5 2 1 3 4 4
200.8 -4218.5 -39.0 166 0 15.3 19.0 5.0 2.5 2 1 2 1 1
297.5 -4124.2 -35.0 181 0 17.6 14.8 17.5 0.0 0 0 7 2 2
287.7 -3941.5 -27.5 101 0 10.8 20.5 7.5 2.5 2 1 3 0 0
200.4 -4084.4 -34.5 6 0 12.0 26.3 5.0 2.5 2 1 2 2 2
195.8 -4060.5 -33.5 9 0 11.6 20.5 10.0 2.5 2 1 4 5 5
144.3 -4039.8 -33.7 261 0 16.0 21.9 7.5 2.5 2 1 3 0 0
174.5 -4062.7 -33.9 0 0 13.6 17.9 10.0 2.5 2 1 4 2 2
190.9 -3987.8 -30.9 354 0 15.3 27.8 12.5 2.5 2 1 5 3 3
126.3 -4134.2 -37.5 5 0 22.2 18.4 12.5 0.0 0 0 5 3 3
-0.6 -4048.1 -35.2 198 0 9.3 16.0 5.0 0.0 0 1 2 0 0
17.7 -4083.4 -36.1 168 0 8.0 19.1 7.5 0.0 0 1 3 2 2
49.4 -4102.1 -36.5 69 0 14.1 17.4 7.5 0.0 0 1 3 1 1
143.9 -4041.8 -33.6 262 0 12.1 13.1 2.5 2.5 4 1 1 5 5
173.7 -4062.7 -33.9 13 0 14.3 20.7 10.0 2.5 2 1 4 4 4
180.2 -4110.1 -35.5 88 0 14.5 15.0 5.0 2.5 2 1 2 1 1
196.0 -4052.6 -33.4 335 0 14.4 20.0 12.5 0.0 0 1 5 1 1
292.1 -3942.3 -27.5 88 0 13.1 17.6 7.5 2.5 2 1 3 4 4
255.1 -4248.1 -39.5 343 0 12.1 20.4 10.0 2.5 2 0 4 4 4
172.2 -4062.4 -33.7 14 0 7.3 17.0 7.5 2.5 2 1 3 2 2
86.3 -3966.1 -31.0 193 0 13.0 15.9 5.0 2.5 2 1 2 4 4
125.9 -4131.1 -37.3 358 0 16.6 15.3 10.0 2.5 2 0 4 3 3
19.4 -4079.6 -36.1 183 0 12.2 11.3 2.5 2.5 2 0 1 4 4
-0.6 -4052.6 -35.3 181 0 16.4 17.3 7.5 0.0 0 1 3 5 5
156.2 -4091.9 -35.0 83 0 14.7 13.1 7.5 2.5 4 0 3 1 1
299.5 -4117.5 -34.7 171 0 15.3 11.9 5.0 2.5 2 0 2 5 5
209.8 -4206.9 -39.0 260 0 15.2 16.1 10.0 2.5 2 1 4 5 5
-103.9 -4101.7 -37.6 266 0 45.9 44.6 7.5 0.0 0 0 3 5 5
-238.5 -4231.0 -38.6 257 0 6.6 17.6 7.5 2.5 2 1 3 0 0
-240.3 -4287.0 -39.1 167 0 14.5 15.3 5.0 0.0 0 1 2 3 3
2870.5 5911.7 -30.7 85 0 7.8 9.1 5.0 2.5 2 1 2 4 4
2954.1 5761.5 -14.8 270 0 6.5 5.6 2.5 2.5 2 0 1 5 5
3020.8 5768.9 -19.5 82 0 15.3 20.0 12.5 2.5 2 1 5 4 4
3366.8 5742.8 -7.8 90 0 16.0 22.7 12.5 2.5 2 1 5 0 0
3671.0 6027.7 -30.3 186 0 11.7 11.5 5.0 0.0 0 0 2 2 2
3368.5 5975.3 -19.7 108 0 16.8 18.0 10.0 2.5 2 1 4 1 1
3480.9 5931.6 -18.1 0 0 14.6 17.9 5.0 2.5 2 1 2 0 0
3005.9 6052.0 -27.6 175 0 11.9 13.6 2.5 2.5 4 1 1 2 2
2823.0 6032.0 -33.9 0 0 13.7 11.9 5.0 2.5 2 0 2 1 1
2800.0 6261.4 -25.2 86 0 12.8 10.8 5.0 2.5 2 0 2 5 5
2752.7 6226.0 -31.9 92 0 11.0 11.8 10.0 2.5 2 1 4 4 4
2804.2 6298.5 -22.8 185 0 13.3 10.7 5.0 2.5 2 0 2 2 2
3146.8 6163.2 -22.9 161 0 14.4 15.3 5.0 2.5 2 1 2 0 0
3163.9 6227.2 -18.2 267 0 12.0 15.4 5.0 2.5 2 1 2 3 3
3161.7 6287.0 -11.3 176 0 23.7 28.1 17.5 0.0 0 1 7 5 5
3206.3 6211.1 -20.2 88 0 12.8 16.1 7.5 2.5 2 1 3 0 0
3258.6 6211.1 -22.0 214 0 13.4 20.4 10.0 2.5 2 1 4 0 0
3346.5 6149.6 -26.5 2 0 12.9 16.2 10.0 0.0 0 1 4 3 3
3346.0 6255.4 -21.0 304 0 13.7 16.2 2.5 2.5 2 1 1 5 5
3204.6 6152.2 -25.1 270 0 11.4 13.5 5.0 0.0 0 1 2 2 2
3280.9 6279.2 -18.7 199 0 26.1 14.8 10.0 2.5 2 0 4 5 5
3262.1 6325.0 -14.9 20 0 14.6 23.2 12.5 2.5 2 1 5 5 5
3452.4 6156.5 -27.8 101 0 10.0 11.3 5.0 2.5 2 1 2 2 2
3480.4 6130.6 -29.7 89 0 16.6 18.6 10.0 2.5 2 1 4 0 0
3497.9 6307.6 -24.2 319 0 13.0 9.9 7.5 2.5 2 0 3 0 0
3543.7 6279.9 -27.0 265 0 11.8 10.3 5.0 0.0 0 0 2 2 2
3524.0 6156.1 -29.8 78 0 11.6 12.7 5.0 2.5 2 1 2 5 5
3789.0 6183.4 -33.0 76 0 13.5 18.3 7.5 2.5 2 1 3 3 3
3800.1 6276.4 -32.7 94 0 17.4 12.0 5.0 2.5 4 0 2 1 1
3845.0 6228.4 -32.4 111 0 15.7 13.0 5.0 0.0 0 0 2 3 3
3414.5 6398.1 -18.6 339 0 16.8 13.5 7.5 2.5 2 0 3 4 4
3352.6 6403.1 -17.0 118 0 9.7 16.5 5.0 2.5 2 1 2 5 5
3258.1 6515.7 -4.3 196 0 13.4 11.3 5.0 2.5 2 0 2 0 0
3307.8 6522.9 -12.7 298 0 27.6 12.2 10.0 2.5 2 0 4 2 2
2853.7 6338.9 -20.9 358 0 10.7 13.2 5.0 0.0 0 1 2 3 3
2764.9 5773.5 -18.8 1 0 15.5 13.1 2.5 2.5 4 0 1 4 4
3380.7 6360.0 -18.9 295 0 25.0 12.5 17.5 0.0 0 0 7 4 4
2758.9 6581.4 -32.7 0 0 5.7 7.4 5.0 2.5 2 1 2 0 0
2849.6 6571.6 -26.7 358 0 18.1 13.0 5.0 2.5 2 0 2 1 1
2795.7 6679.7 -34.8 114 0 16.5 32.4 12.5 2.5 2 0 5 1 1
2904.3 6714.7 -24.9 271 0 15.6 35.7 12.5 2.5 2 1 5 4 4
2938.9 6622.6 -21.1 7 0 24.4 27.3 10.0 0.0 0 1 4 3 3
3465.6 6649.6 -23.3 188 0 12.9 13.3 14.0 3.5 2 1 4 4 4
3475.7 6611.9 -22.4 43 0 15.2 12.8 14.0 3.5 2 0 4 5 5
3472.6 6799.4 -27.5 223 0 14.4 12.9 14.0 3.5 2 0 4 0 0
3561.7 6677.1 -29.0 197 0 23.3 14.6 14.0 3.5 2 0 4 0 0
3533.9 6651.3 -28.9 28 0 36.1 9.4 10.5 3.5 2 0 3 1 1
3494.1 6733.0 -28.3 82 0 12.1 15.7 14.0 3.5 2 1 4 4 4
3559.5 6773.1 -31.1 7 0 10.9 31.7 14.0 3.5 2 0 4 2 2
3602.3 6798.5 -34.4 193 0 12.6 39.2 14.0 3.5 2 1 4 2 2
3643.5 6750.4 -33.8 24 0 14.7 11.2 14.0 3.5 2 0 4 3 3
3647.8 6816.9 -35.4 174 0 17.2 12.8 14.0 3.5 2 0 4 3 3
3727.7 6795.0 -37.7 246 0 12.2 23.0 14.0 0.0 0 1 4 5 5
3745.6 6813.8 -38.8 250 0 10.6 51.0 14.0 3.5 2 1 4 1 1
3780.1 6817.0 -40.3 168 0 30.6 13.0 14.0 3.5 4 0 4 0 0
-3328.2 -525.8 -12.1 87 0 14.6 22.5 10.0 2.5 2 1 4 2 2
-3315.1 -926.6 -14.0 180 0 19.6 13.7 10.0 2.5 2 0 4 5 5
-3726.1 -350.9 -8.4 186 0 19.0 18.6 10.0 2.5 4 0 4 2 2
-3728.4 -566.4 -13.1 252 0 16.4 21.6 12.5 2.5 2 1 5 2 2
-3618.6 -418.0 -15.3 94 0 12.1 18.9 5.0 2.5 2 1 2 5 5
-3921.2 -682.3 -12.8 89 0 13.7 13.1 7.5 2.5 2 0 3 2 2
-3637.8 -610.7 -11.3 266 0 15.2 12.0 5.0 2.5 2 0 2 1 1
-3470.6 -1402.3 -15.6 86 0 13.0 11.4 7.5 2.5 2 0 3 4 4
-3431.6 -1459.1 -11.6 265 0 15.9 12.5 2.5 2.5 2 0 1 2 2
-3248.5 -1137.3 -25.5 5 0 15.4 13.3 7.5 2.5 2 0 3 0 0
-3693.0 -339.0 -9.5 273 0 11.3 20.9 2.5 2.5 2 1 1 5 5
-4368.5 -976.1 3.5 87 0 15.7 11.9 5.0 2.5 2 0 2 2 2
-3967.6 -1119.2 -14.7 195 0 19.1 15.2 12.5 2.5 2 0 5 3 3
-1947.5 4298.9 12.8 183 0 9.5 12.0 7.5 2.5 2 1 3 0 0
-1877.1 4262.7 10.1 181 0 7.9 10.7 5.0 2.5 2 1 2 4 4
-1856.9 4322.9 5.4 221 0 8.3 16.8 7.5 2.5 2 1 3 2 2
-974.5 3434.9 -7.0 88 0 16.2 19.5 7.5 2.5 2 1 3 1 1
-1052.5 3762.6 -3.2 268 0 10.7 13.3 7.5 2.5 4 1 3 1 1
-1520.7 3746.0 27.5 210 0 13.8 15.0 5.0 2.5 2 1 2 2 2
-3219.0 968.3 -2.3 357 0 16.1 14.3 2.5 2.5 2 0 1 3 3
-3208.6 928.9 -3.3 359 0 9.7 9.6 2.5 2.5 2 0 1 5 5
-3107.4 1015.8 1.5 93 0 12.3 9.5 7.5 2.5 2 0 3 1 1
-3193.2 989.3 -0.7 180 0 10.8 12.1 5.0 2.5 2 1 2 0 0
-3123.0 908.3 -2.3 83 0 11.3 10.7 7.5 2.5 4 0 3 5 5
-3148.1 1056.2 2.5 268 0 9.7 6.8 7.5 2.5 2 0 3 3 3
-3036.0 932.7 -0.8 179 0 17.6 11.9 2.5 2.5 2 0 1 4 4
-3003.2 1016.7 -7.5 267 0 14.2 17.7 10.0 2.5 2 1 4 5 5
-2993.1 924.4 -3.1 0 0 16.1 13.9 2.5 2.5 2 0 1 4 4
-3033.5 1016.8 -5.0 271 0 20.0 11.0 5.0 2.5 2 0 2 5 5
-3065.4 913.5 -1.4 2 0 9.8 15.1 5.0 2.5 2 1 2 5 5
-2951.0 1014.8 -12.0 264 0 11.2 7.0 7.5 0.0 0 0 3 1 1
-776.6 -1430.6 -18.5 163 0 11.4 21.7 10.0 2.5 2 1 4 3 3
-723.3 -1419.2 -13.8 90 0 12.5 11.9 7.5 0.0 0 0 3 1 1
-758.9 -1282.5 3.3 179 0 7.8 16.4 7.5 0.0 0 1 3 4 4
-718.0 -1287.3 3.7 272 0 14.4 9.7 2.5 2.5 2 0 1 1 1
-746.7 -1307.8 0.8 179 0 9.0 16.8 5.0 2.5 2 1 2 3 3
-716.6 -1376.1 -8.3 186 0 6.3 14.6 5.0 2.5 2 1 2 2 2
-671.1 -1407.0 -12.9 177 0 9.4 8.3 5.0 2.5 2 0 2 4 4
-678.6 -1385.4 -9.3 99 0 10.7 13.6 7.5 2.5 2 1 3 2 2
-640.6 -1359.4 -7.8 272 0 16.4 14.7 5.0 2.5 2 0 2 3 3
-596.8 -1376.7 -9.3 4 0 13.4 14.7 2.5 2.5 2 1 1 4 4
-741.1 -1362.5 -6.0 137 0 12.2 21.4 12.5 2.5 2 1 5 1 1
-788.5 -1255.0 4.2 179 0 9.0 11.9 5.0 2.5 2 1 2 1 1
-689.8 -1457.1 -14.7 180 0 11.0 10.7 7.5 2.5 2 0 3 5 5
-628.9 -1278.7 4.6 359 0 6.7 12.0 5.0 2.5 2 1 2 1 1
-602.9 -1274.3 0.6 76 0 9.6 9.0 7.5 2.5 2 0 3 4 4
-631.9 -1231.7 5.1 271 0 6.4 13.3 2.5 2.5 2 1 1 4 4
-571.1 -1252.5 -2.9 359 0 13.4 15.7 7.5 2.5 2 1 3 5 5
-551.6 -1236.9 -5.6 31 0 14.8 14.2 5.0 2.5 2 0 2 1 1
-560.7 -1348.2 -6.1 268 0 8.6 11.7 5.0 2.5 2 1 2 1 1
-621.4 -1404.0 -11.2 88 0 10.4 15.3 5.0 2.5 2 1 2 2 2
-570.7 -1416.5 -6.2 201 0 15.7 12.9 5.0 0.0 0 0 2 5 5
-496.9 -1210.0 -11.1 268 0 11.9 12.9 5.0 2.5 2 1 2 5 5
-542.8 -1104.9 -5.8 268 0 10.7 18.7 7.5 2.5 2 1 3 4 4
-525.7 -1100.2 -7.8 273 0 9.8 20.8 7.5 2.5 2 1 3 1 1
-473.8 -1120.8 -12.8 355 0 17.2 13.8 2.5 2.5 2 0 1 3 3
-470.0 -1239.0 -12.4 94 0 8.9 12.6 5.0 2.5 2 1 2 1 1
-424.8 -1065.3 -15.8 358 0 11.0 13.4 5.0 2.5 2 1 2 5 5
-457.9 -1014.8 -14.7 313 0 17.8 19.2 12.5 2.5 2 1 5 4 4
-565.0 -985.6 -10.2 5 0 9.7 19.4 7.5 2.5 2 1 3 1 1
-550.9 -928.7 -16.0 271 0 21.4 14.4 12.5 0.0 0 0 5 2 2
-627.8 -1006.0 -6.0 93 0 10.8 19.9 5.0 2.5 2 1 2 0 0
-679.5 -1031.0 0.4 91 0 15.5 13.2 7.5 2.5 2 0 3 4 4
-665.1 -922.5 -12.2 180 0 9.1 14.9 5.0 2.5 2 1 2 4 4
-838.2 -977.3 3.5 0 0 11.2 11.6 7.5 2.5 2 1 3 5 5
-788.0 -939.5 -3.1 94 0 12.6 13.4 7.5 2.5 2 1 3 0 0
-759.3 -939.6 -4.9 89 0 13.3 13.6 7.5 2.5 2 1 3 1 1
-750.5 -1007.4 2.9 173 0 10.4 12.5 10.0 2.5 2 1 4 2 2
-613.4 -1067.1 0.5 178 0 11.7 8.7 5.0 2.5 2 0 2 1 1
-390.2 -1090.4 -18.2 179 0 19.9 15.6 10.0 2.5 2 0 4 5 5
-337.3 -1032.2 -11.5 269 0 13.4 7.2 7.5 2.5 2 0 3 0 0
-301.0 -1062.3 -10.8 357 0 9.1 7.6 2.5 2.5 2 0 1 2 2
-281.4 -1034.2 -6.8 356 0 14.6 9.3 7.5 2.5 2 0 3 3 3
-373.4 -1137.7 -19.5 176 0 13.1 12.0 7.5 2.5 2 0 3 3 3
-442.9 -912.4 -14.7 90 0 15.3 17.3 15.0 0.0 0 1 6 2 2
-557.5 -694.4 -14.6 269 0 17.4 12.8 7.5 2.5 2 0 3 3 3
-512.4 -768.4 -18.2 359 0 8.5 10.4 7.5 2.5 2 1 3 5 5
-507.8 -861.8 -16.9 358 0 16.8 12.1 7.5 2.5 2 0 3 5 5
-618.3 -787.4 -18.4 270 0 9.8 10.4 2.5 2.5 4 1 1 5 5
-415.8 -726.3 -14.9 270 0 12.3 15.2 5.0 2.5 2 1 2 2 2
-378.6 -822.5 -7.1 186 0 13.2 14.7 2.5 2.5 2 1 1 1 1
-409.2 -699.2 -16.0 91 0 10.5 14.9 7.5 2.5 2 1 3 1 1
-312.6 -758.6 -4.8 3 0 13.9 11.9 10.0 2.5 2 0 4 0 0
-439.0 -682.5 -17.1 183 0 12.6 20.5 10.0 2.5 2 1 4 1 1
-365.5 -569.0 -13.0 277 0 8.6 16.8 5.0 2.5 2 1 2 1 1
-684.1 -584.7 -12.9 94 0 12.5 13.9 7.5 2.5 2 1 3 0 0
-644.2 -502.0 -16.2 274 0 18.0 13.7 5.0 2.5 2 0 2 4 4
-760.2 -392.0 -12.7 181 0 13.7 15.4 7.5 2.5 4 1 3 4 4
-675.8 -878.2 -15.9 355 0 12.1 18.0 7.5 2.5 2 1 3 2 2
-3043.2 1063.5 -7.6 91 0 13.7 16.7 10.0 2.5 2 1 4 4 4
372.1 5974.0 -18.1 279 0 35.5 65.2 10.0 0.0 0 1 4 4 4
