-3539.6 3409.9 -16.8 92 0 107.6 22.2 10.5 0.0 0 0 3 5 5
-3571.2 2621.4 -19.4 158 0 32.1 325.1 14.0 0.0 0 1 4 2 2
-3731.4 2806.7 0.4 89 0 22.4 35.7 12.5 0.0 0 1 5 1 1
-2621.2 6330.1 4.5 90 0 17.0 23.6 10.0 2.5 2 1 4 2 2
717.5 4823.7 -14.5 356 0 7.0 42.8 7.5 2.5 2 1 3 3 3
-6284.7 6233.1 -0.9 0 0 15.5 14.8 5.0 2.5 2 0 2 1 1
-6325.7 6312.8 0.3 308 0 12.6 16.8 2.5 2.5 2 1 1 5 5
-6149.7 6158.5 1.1 116 0 9.4 14.5 7.5 2.5 2 1 3 5 5
-6196.7 6223.7 7.5 263 0 10.3 9.7 2.5 2.5 2 0 1 2 2
-6114.5 6220.2 6.6 264 0 20.2 11.9 7.5 2.5 2 0 3 3 3
-6046.4 6231.2 7.2 91 0 14.5 14.6 7.5 2.5 2 1 3 2 2
-5831.6 6244.6 -3.0 90 0 15.7 16.4 10.0 2.5 2 1 4 0 0
-5754.3 6172.5 -4.7 90 0 10.4 11.8 5.0 2.5 2 1 2 0 0
-5822.9 6182.6 -4.3 87 0 9.3 11.1 5.0 2.5 2 1 2 3 3
-5734.6 6208.4 -4.3 96 0 5.7 11.6 7.5 0.0 0 1 3 4 4
-5724.9 6208.8 -4.3 91 0 8.5 12.6 5.0 2.5 2 1 2 4 4
-5716.8 6231.9 -3.9 87 0 9.3 10.3 5.0 2.5 2 1 2 0 0
-5485.1 6298.8 -4.3 256 0 11.5 13.4 7.5 2.5 2 1 3 0 0
-5737.3 6461.6 -0.8 358 0 20.3 11.9 7.5 2.5 2 0 3 4 4
-5476.3 6630.4 6.7 88 0 9.0 11.0 5.0 2.5 2 1 2 1 1
-5418.7 6717.8 3.3 86 0 20.0 13.9 7.5 2.5 2 0 3 4 4
-5634.3 6804.9 8.2 265 0 14.6 20.3 12.5 2.5 2 1 5 2 2
-5724.5 6760.0 6.7 180 0 7.8 14.4 7.5 0.0 0 1 3 1 1
-5701.5 6806.9 11.7 266 0 18.9 12.3 10.0 2.5 2 0 4 2 2
5016.7 6107.7 -17.9 72 0 12.6 12.2 7.5 2.5 2 0 3 0 0
5043.1 6253.0 -14.5 71 0 5.7 9.5 7.5 2.5 2 1 3 1 1
5488.4 6544.6 -20.1 157 0 10.3 8.2 5.0 2.5 2 0 2 2 2
-6813.5 1857.8 -16.0 90 0 24.0 27.6 7.5 0.0 0 0 3 2 2
-6788.4 1863.8 -16.3 89 0 27.5 20.6 7.5 2.5 2 0 3 1 1
-6785.2 1915.9 -16.7 14 0 30.2 19.3 7.5 2.5 2 0 3 3 3
-6774.3 1974.7 -16.7 292 0 19.5 44.2 10.0 2.5 2 0 4 4 4
-6791.3 1980.7 -16.6 291 0 11.2 43.2 10.0 2.5 2 1 4 5 5
-4016.2 2855.2 -1.4 96 0 54.7 27.4 14.0 0.0 0 0 4 2 2
-5004.6 2103.4 -6.6 338 0 58.7 46.3 10.0 0.0 0 0 4 4 4
-4568.1 2381.8 -1.0 213 0 16.9 33.8 10.0 2.5 2 1 4 5 5
-2884.5 3199.6 -12.4 271 0 9.5 22.2 7.5 2.5 2 1 3 4 4
-3701.0 2656.0 -10.2 268 0 21.7 15.2 14.0 3.5 4 0 4 0 0
