-581.0 -701.1 -7.8 235 0 67.4 40.6 7.5 0.0 0 0 3 4 4
-812.4 -608.2 0.7 359 0 16.0 11.3 7.5 2.5 2 0 3 3 3
5697.9 1876.6 -33.3 329 0 27.9 48.0 12.5 0.0 0 1 5 1 1
-6044.2 2570.7 -37.7 269 0 21.9 29.8 15.0 0.0 0 1 6 2 2
4613.1 4490.1 -58.4 200 0 60.2 13.6 10.0 2.5 2 0 4 4 4
4615.5 4495.6 -58.0 199 0 7.2 4.9 10.5 2.5 2 0 3 4 4
4519.1 4396.9 -60.8 96 0 33.1 34.5 12.5 0.0 0 1 5 3 3
4332.6 3122.3 -9.7 18 0 37.3 34.9 10.0 0.0 0 0 4 2 2
423.3 -3455.1 -46.7 4 0 8.0 10.1 5.0 2.5 2 1 2 2 2
425.6 -6176.2 -39.1 126 0 14.2 24.5 12.5 2.5 2 1 5 4 4
-878.4 -349.0 2.0 354 0 19.0 16.4 7.5 2.5 2 0 3 2 2
-1149.7 -296.0 -7.4 132 0 11.7 31.7 7.5 0.0 0 1 3 5 5
-802.9 -666.6 -1.0 41 0 16.4 19.3 7.5 2.5 2 1 3 3 3
-1145.5 -248.5 -7.9 314 0 20.0 38.3 10.0 0.0 0 1 4 5 5
-1084.6 -223.9 -5.1 313 0 12.8 46.3 12.5 2.5 2 1 5 1 1
-871.5 -335.9 3.2 177 0 7.7 20.4 7.5 2.5 2 1 3 5 5
-1049.8 -215.0 -1.5 221 0 12.4 51.1 10.0 0.0 0 1 4 0 0
-874.1 -372.5 2.3 184 0 12.4 30.5 12.5 2.5 2 1 5 5 5
-929.5 -188.6 0.4 314 0 19.6 77.1 10.0 2.5 4 1 4 1 1
-1037.7 -244.4 -1.7 131 0 33.8 7.3 7.5 2.5 2 0 3 3 3
-930.3 -167.5 1.4 42 0 13.3 36.7 7.5 2.5 2 1 3 5 5
-849.1 -756.3 -6.4 35 0 11.5 11.9 5.0 2.5 2 1 2 1 1
-1004.4 -160.8 -0.7 222 0 98.7 16.3 12.5 0.0 0 0 5 0 0
-1008.2 -224.5 -0.2 133 0 18.8 74.8 15.0 2.5 2 1 6 1 1
-920.3 -333.5 0.9 272 0 18.6 6.9 5.0 2.5 2 0 2 4 4
-978.4 -270.0 0.3 133 0 14.5 25.4 15.0 0.0 0 1 6 3 3
-826.0 -728.8 -4.7 33 0 12.8 26.4 12.5 2.5 2 1 5 2 2
-1045.4 -159.5 -1.2 41 0 41.0 6.5 7.5 2.5 2 0 3 4 4
-1113.5 -183.3 -3.4 136 0 36.5 23.8 12.5 2.5 2 0 5 4 4
-1021.2 -279.5 -2.2 43 0 11.2 24.6 10.0 2.5 2 1 4 5 5
-584.0 -629.8 -3.2 286 0 11.8 25.4 15.0 0.0 0 1 6 5 5
-1089.1 -319.0 -5.4 135 0 16.5 41.8 7.5 0.0 0 1 3 5 5
-1139.3 -355.5 -9.7 314 0 36.4 26.4 12.5 0.0 0 0 5 0 0
-1184.4 84.0 -10.2 347 0 25.2 53.2 12.5 2.5 2 1 5 1 1
-1194.1 124.6 -12.0 347 0 22.7 52.9 12.5 2.5 2 1 5 3 3
-1125.1 6339.5 -51.2 277 0 24.3 41.8 10.0 0.0 0 1 4 5 5
697.2 588.9 -25.9 82 0 4.3 7.8 5.0 2.5 2 1 2 0 0
-1158.5 33.2 -7.7 166 0 45.6 75.9 10.0 0.0 0 1 4 0 0
5727.7 1822.9 -36.4 4 0 35.2 50.2 10.0 0.0 0 1 4 1 1
-5367.9 -2938.5 -27.5 335 0 16.0 42.2 5.0 0.0 0 1 2 3 3
-5163.6 -2862.1 -38.0 354 0 8.7 5.7 5.0 2.5 2 0 2 4 4
-5236.3 -2811.0 -23.8 47 0 49.3 19.5 15.0 2.5 2 0 6 3 3
-5255.0 -2779.2 -17.0 305 0 10.9 14.4 5.0 0.0 0 1 2 0 0
-5201.2 -3590.9 -38.8 196 0 16.5 16.2 7.5 2.5 2 0 3 0 0
-5360.1 -2926.4 -27.4 144 0 24.2 19.5 10.0 0.0 0 0 4 2 2
-1366.5 -3798.0 -20.5 87 0 15.7 14.9 10.0 2.5 2 0 4 1 1
-2196.4 -2164.2 -38.9 107 0 22.3 20.2 10.0 2.5 4 0 4 2 2
-1659.1 -2319.0 -40.8 305 0 29.6 17.4 17.5 0.0 0 0 7 0 0
3724.6 6306.5 -7.7 148 0 71.4 41.9 12.5 0.0 0 0 5 4 4
3736.7 6163.5 -8.3 46 0 75.0 32.5 7.5 0.0 0 0 3 0 0
-1406.8 3409.4 -30.2 96 0 43.9 22.9 10.0 0.0 0 0 4 5 5
-1549.0 3476.9 -31.9 249 0 15.9 22.6 7.5 2.5 2 1 3 3 3
-1531.6 3390.0 -33.6 159 0 23.6 22.6 10.0 2.5 2 0 4 3 3
-1371.6 3780.3 -10.5 240 0 32.8 10.5 10.0 2.5 2 0 4 4 4
-1385.8 3793.0 -15.2 240 0 44.4 11.2 15.0 0.0 0 0 6 5 5
-1447.7 3686.8 -18.4 285 0 10.4 17.4 7.5 2.5 2 1 3 4 4
-1478.0 3776.7 -24.6 285 0 59.1 13.9 10.0 2.5 2 0 4 2 2
-1395.4 3608.9 -8.1 80 0 15.1 31.0 12.5 0.0 0 1 5 5 5
-1381.9 3596.2 -2.6 200 0 14.8 14.0 5.0 2.5 2 0 2 4 4
-1440.9 3569.4 -12.1 244 0 11.9 39.8 12.5 0.0 0 1 5 0 0
-1360.0 3496.8 -11.4 22 0 13.6 46.0 10.0 2.5 2 1 4 1 1
-1472.5 3557.4 -18.6 238 0 25.0 40.3 10.0 0.0 0 1 4 5 5
-1462.5 3583.2 -16.7 124 0 19.4 43.7 12.5 2.5 4 1 5 3 3
-160.3 148.0 -28.7 102 0 20.7 19.8 10.0 2.5 4 0 4 3 3
-109.5 128.2 -24.3 78 0 19.8 24.6 10.0 2.5 2 1 4 0 0
-6644.8 -6640.3 -29.1 180 0 12.2 10.2 5.0 2.5 2 0 2 1 1
-6783.8 -6702.0 -32.9 42 0 8.5 9.5 7.5 0.0 0 1 3 5 5
-6796.0 -6593.2 -28.1 89 0 6.7 11.8 7.5 2.5 2 1 3 4 4
-6899.8 -6728.5 -35.0 173 0 15.0 15.7 5.0 2.5 2 1 2 2 2
-3154.2 6234.8 -49.7 262 0 13.0 12.5 5.0 2.5 4 0 2 1 1
-3118.5 6218.9 -49.8 310 0 13.1 11.7 2.5 2.5 2 0 1 0 0
-3206.8 6278.6 -47.9 176 0 12.6 13.8 5.0 0.0 0 1 2 4 4
-3262.6 6526.4 -40.6 266 0 11.5 9.5 7.5 2.5 2 0 3 4 4
-3325.2 6494.1 -51.2 90 0 11.2 15.1 5.0 0.0 0 1 2 4 4
-3337.2 6517.7 -51.5 177 0 12.2 14.0 2.5 2.5 4 1 1 5 5
-3348.0 6584.2 -52.3 335 0 14.1 12.7 5.0 2.5 2 0 2 1 1
-3624.9 6377.5 -42.2 92 0 6.5 10.1 7.5 2.5 2 1 3 4 4
-658.5 489.6 -13.5 183 0 100.0 115.4 12.5 0.0 0 1 5 1 1
3920.7 -4457.4 -49.3 270 0 11.5 18.6 2.5 2.5 2 1 1 5 5
-3175.0 -4272.3 -45.8 356 0 89.0 82.3 12.5 0.0 0 0 5 0 0
6874.3 2498.3 -35.1 346 0 9.3 22.4 5.0 2.5 2 1 2 2 2
6853.5 2460.4 -33.2 77 0 10.3 21.5 7.5 2.5 2 1 3 1 1
-4197.6 -3493.2 -33.9 328 0 22.1 13.2 12.5 2.5 2 0 5 5 5
-4127.6 -3486.9 -39.4 56 0 15.0 11.9 7.5 2.5 4 0 3 0 0
-4079.5 -3462.1 -36.1 222 0 12.5 18.3 5.0 0.0 0 1 2 1 1
-4094.0 -3434.5 -37.9 30 0 11.6 16.3 5.0 2.5 2 1 2 0 0
-4051.1 -3394.4 -35.6 199 0 11.3 10.8 2.5 2.5 2 0 1 2 2
-3939.2 -3410.0 -26.5 4 0 10.4 14.1 5.0 2.5 2 1 2 3 3
-3832.4 -3433.4 -1.2 258 0 9.8 12.6 7.5 2.5 2 1 3 2 2
-3808.6 -3448.5 2.9 356 0 12.4 11.1 7.5 2.5 2 0 3 5 5
-3422.4 -3520.7 0.3 20 0 12.0 12.2 5.0 2.5 2 1 2 3 3
-3444.8 -3493.3 5.6 288 0 14.9 28.1 12.5 2.5 2 1 5 3 3
-3346.0 -3519.1 5.5 85 0 9.0 20.2 7.5 2.5 2 1 3 4 4
-3265.8 -3535.7 22.5 101 0 12.3 14.5 5.0 2.5 2 1 2 1 1
-3250.0 -3398.1 33.6 265 0 18.9 16.1 10.0 2.5 4 0 4 4 4
-3159.9 -3413.0 37.5 359 0 12.9 12.7 5.0 2.5 2 0 2 0 0
-3124.2 -3594.8 -1.6 136 0 11.8 13.2 2.5 2.5 2 1 1 5 5
-3075.0 -3580.4 2.9 9 0 13.0 12.3 7.5 2.5 4 0 3 5 5
-3059.1 -3475.8 20.5 4 0 11.1 12.9 5.0 2.5 4 1 2 0 0
-3166.8 -3356.1 45.4 302 0 37.2 24.9 12.5 0.0 0 0 5 0 0
-3905.0 -3371.2 -21.0 19 0 13.4 11.8 10.0 0.0 0 0 4 4 4
-4020.0 -3360.0 -34.3 190 0 15.9 16.8 10.0 2.5 2 1 4 2 2
-3928.9 -3304.4 -22.3 354 0 13.9 8.6 7.5 2.5 2 0 3 5 5
-3918.2 -3277.5 -19.3 6 0 13.3 12.7 5.0 2.5 2 0 2 4 4
-3890.3 -3307.6 -14.8 247 0 9.0 17.7 5.0 2.5 2 1 2 4 4
-3876.0 -3242.7 -7.4 97 0 14.3 16.8 7.5 2.5 4 1 3 2 2
-4143.4 -3193.1 -3.6 65 0 18.4 15.1 12.5 2.5 2 0 5 2 2
-4125.6 -3184.7 -5.2 47 0 17.2 23.0 12.5 2.5 2 1 5 2 2
-4216.5 -3121.9 -9.2 223 0 21.9 15.8 12.5 2.5 2 0 5 1 1
-4157.0 -3131.5 -6.0 166 0 12.4 10.4 7.5 0.0 0 0 3 4 4
-4101.6 -3162.4 -8.7 45 0 14.9 15.2 2.5 2.5 4 1 1 1 1
-4091.1 -3145.6 -11.0 43 0 13.9 16.2 10.0 2.5 2 1 4 3 3
-4107.1 -3183.1 -7.9 265 0 11.3 11.1 5.0 2.5 2 0 2 3 3
-4055.9 -3147.6 -14.2 261 0 13.6 15.3 10.0 2.5 4 1 4 4 4
-4115.4 -3260.2 -17.0 304 0 14.1 16.7 7.5 2.5 4 1 3 0 0
-3960.5 -3175.5 -20.8 91 0 9.3 15.4 7.5 2.5 2 1 3 2 2
-3869.6 -3178.6 -12.5 276 0 10.8 12.8 7.5 0.0 0 1 3 1 1
-3869.7 -3077.4 -24.8 7 0 11.3 13.3 7.5 2.5 2 1 3 3 3
-3798.9 -3106.6 -19.1 37 0 12.3 20.2 5.0 2.5 2 1 2 4 4
-3850.3 -3062.7 -26.0 198 0 16.0 17.0 10.0 2.5 2 1 4 0 0
-3467.3 -3598.6 9.4 25 0 14.5 12.1 2.5 2.5 2 0 1 4 4
-4076.2 -2900.0 -31.9 27 0 11.3 19.0 5.0 2.5 2 1 2 0 0
-4200.6 -3009.8 -20.2 171 0 9.2 15.7 2.5 2.5 2 1 1 4 4
-4237.0 -2980.1 -25.5 153 0 15.3 11.9 2.5 2.5 2 0 1 2 2
-4139.1 -2997.3 -21.2 356 0 11.1 10.0 7.5 2.5 2 0 3 2 2
-4219.1 -2884.2 -26.1 199 0 18.5 14.2 7.5 2.5 2 0 3 0 0
-4113.7 -3005.0 -20.0 16 0 14.6 21.2 10.0 2.5 2 1 4 4 4
-4082.5 -3027.7 -16.1 186 0 12.9 12.2 2.5 2.5 4 0 1 2 2
-3990.2 -2932.4 -28.4 66 0 14.2 14.7 5.0 2.5 2 1 2 4 4
-4017.8 -2877.3 -34.2 182 0 5.5 13.3 7.5 2.5 2 1 3 4 4
-4014.8 -3004.8 -19.7 279 0 9.3 14.6 2.5 2.5 2 1 1 2 2
-4168.0 -2946.2 -28.7 206 0 27.5 15.4 12.5 2.5 2 0 5 5 5
-3937.8 -3049.5 -20.9 180 0 12.7 12.6 5.0 2.5 2 0 2 3 3
-3913.0 -3035.3 -21.6 297 0 8.2 19.1 5.0 2.5 2 1 2 3 3
-3858.3 -2959.9 -30.5 172 0 16.9 12.5 7.5 0.0 0 0 3 4 4
-3902.0 -3001.9 -24.5 271 0 9.9 12.4 7.5 0.0 0 1 3 3 3
-3788.4 -2923.1 -32.4 354 0 16.7 13.9 5.0 2.5 2 0 2 1 1
-3801.5 -3015.6 -28.5 288 0 13.5 13.1 5.0 2.5 2 0 2 2 2
-3778.6 -3105.1 -16.0 45 0 12.8 10.5 5.0 2.5 2 0 2 3 3
-3764.7 -3039.9 -24.9 46 0 14.5 13.8 7.5 2.5 2 0 3 5 5
-3729.6 -3025.7 -22.2 68 0 6.2 9.6 2.5 2.5 2 1 1 3 3
-3695.1 -2911.7 -23.9 95 0 11.0 12.2 5.0 2.5 2 1 2 4 4
-3319.8 -3147.9 56.7 225 0 9.2 11.8 5.0 2.5 2 1 2 0 0
-3258.7 -3096.8 41.2 225 0 8.0 13.7 7.5 2.5 2 1 3 3 3
-3117.7 -3160.2 37.8 358 0 7.0 11.8 7.5 2.5 2 1 3 0 0
-3048.9 -2931.3 -10.8 359 0 15.5 15.6 7.5 2.5 2 1 3 2 2
-3220.3 -2789.9 2.6 269 0 12.7 13.0 5.0 2.5 4 1 2 0 0
-3497.4 -2766.2 -19.7 92 0 10.7 8.5 2.5 2.5 2 0 1 3 3
-3467.8 -2826.8 -13.7 1 0 14.4 15.8 2.5 2.5 2 1 1 5 5
-3438.8 -2840.7 -10.8 109 0 15.7 13.3 5.0 2.5 2 0 2 1 1
-3373.1 -2803.4 -5.9 263 0 10.4 15.6 5.0 2.5 2 1 2 5 5
-3334.1 -2789.4 -0.4 266 0 12.1 14.9 7.5 2.5 2 1 3 5 5
-3599.5 -2710.5 -27.0 143 0 11.7 11.6 7.5 2.5 2 0 3 1 1
-3341.4 -2729.5 -1.8 84 0 13.0 14.1 7.5 2.5 2 1 3 2 2
-3668.7 -2722.0 -28.7 289 0 10.3 9.9 7.5 0.0 0 0 3 3 3
-3808.8 -2842.4 -34.2 175 0 9.3 14.7 5.0 2.5 2 1 2 2 2
-3784.5 -2874.9 -32.7 359 0 11.6 11.6 7.5 2.5 2 1 3 4 4
-3520.6 -2743.8 -21.9 71 0 8.3 9.6 7.5 2.5 2 0 3 4 4
-3535.8 -2775.8 -20.5 283 0 7.0 6.9 5.0 2.5 2 0 2 0 0
-3516.6 -2800.6 -17.7 295 0 10.7 15.9 7.5 2.5 2 1 3 5 5
-4085.1 -2767.1 -33.2 4 0 11.1 10.3 7.5 2.5 2 0 3 2 2
-4118.3 -2832.8 -29.0 337 0 8.9 8.2 5.0 2.5 2 0 2 1 1
-4085.4 -2722.0 -35.3 282 0 8.7 16.8 5.0 2.5 2 1 2 2 2
-4053.8 -2740.4 -35.9 270 0 13.2 8.9 7.5 0.0 0 0 3 0 0
-4001.6 -2753.9 -38.0 166 0 10.7 12.0 2.5 2.5 2 1 1 3 3
-3981.6 -2819.5 -34.7 295 0 7.7 7.9 5.0 2.5 2 1 2 5 5
-3972.6 -2771.4 -38.6 172 0 12.9 16.6 7.5 0.0 0 1 3 5 5
-3922.5 -2802.4 -39.0 80 0 12.0 15.0 7.5 2.5 2 1 3 2 2
-3900.2 -2691.3 -39.3 270 0 15.8 11.0 2.5 2.5 4 0 1 0 0
-3869.4 -2759.7 -37.3 353 0 10.0 6.7 7.5 2.5 2 0 3 4 4
-4113.5 -2766.5 -31.8 277 0 10.6 19.0 10.0 2.5 2 1 4 1 1
-4205.1 -2691.0 -32.7 93 0 20.4 11.1 5.0 2.5 2 0 2 3 3
-4193.8 -2677.1 -34.1 84 0 12.4 15.0 2.5 2.5 2 1 1 2 2
-4171.3 -2652.6 -36.2 79 0 12.7 14.4 7.5 2.5 2 1 3 2 2
-4194.6 -2604.5 -37.2 171 0 10.6 8.6 5.0 2.5 4 0 2 1 1
-4180.8 -2581.0 -39.1 181 0 12.2 9.5 5.0 2.5 2 0 2 4 4
-4105.0 -2556.6 -43.1 351 0 10.1 10.3 5.0 2.5 2 1 2 2 2
-4088.1 -2522.8 -45.5 293 0 10.5 17.6 5.0 2.5 2 1 2 1 1
-4111.7 -2682.8 -37.0 88 0 9.9 12.5 2.5 2.5 2 0 1 5 5
-4133.3 -2645.8 -37.8 100 0 10.8 10.2 2.5 2.5 2 0 1 5 5
-4075.2 -2643.5 -40.1 355 0 17.0 12.3 7.5 2.5 2 0 3 1 1
-3952.2 -2671.5 -43.5 273 0 13.1 14.2 7.5 2.5 4 1 3 3 3
-3922.2 -2669.2 -41.6 274 0 12.1 14.9 5.0 0.0 0 1 2 5 5
-3821.6 -2654.7 -29.9 105 0 11.7 19.3 5.0 2.5 2 1 2 1 1
-3788.6 -2676.2 -25.9 275 0 12.7 18.2 10.0 2.5 2 1 4 1 1
-3799.7 -2664.5 -28.5 96 0 15.4 16.2 7.5 2.5 2 1 3 5 5
-3773.2 -2655.8 -28.3 104 0 11.0 14.5 2.5 2.5 4 1 1 1 1
-3761.9 -2682.5 -24.8 281 0 14.3 15.0 5.0 2.5 2 1 2 2 2
-3734.8 -2532.9 -36.7 343 0 13.4 16.6 5.0 2.5 2 1 2 1 1
-3712.0 -2579.4 -32.3 336 0 12.8 11.6 5.0 2.5 2 0 2 1 1
-3678.5 -2656.5 -29.9 89 0 13.5 9.4 5.0 2.5 2 0 2 1 1
-3661.7 -2590.5 -31.8 349 0 10.5 10.9 5.0 2.5 2 1 2 1 1
-3573.3 -2620.9 -30.1 180 0 14.7 15.6 5.0 2.5 2 1 2 4 4
-3515.2 -2653.2 -25.7 257 0 11.1 11.3 5.0 2.5 4 1 2 2 2
-3509.4 -2403.0 -18.2 267 0 10.3 10.8 2.5 2.5 2 1 1 1 1
-3480.6 -2489.1 -15.7 277 0 11.3 10.1 7.5 2.5 2 0 3 0 0
-3692.1 -2522.1 -36.5 332 0 14.5 17.2 5.0 2.5 2 1 2 0 0
-3728.6 -2469.5 -41.7 334 0 10.5 18.9 5.0 2.5 2 1 2 0 0
-3776.0 -2448.1 -43.7 263 0 11.7 11.3 7.5 2.5 2 0 3 5 5
-3769.5 -2463.6 -42.7 261 0 13.1 9.5 7.5 2.5 2 0 3 5 5
-3757.9 -2509.1 -38.6 252 0 12.6 14.4 7.5 2.5 2 1 3 3 3
-3790.6 -2485.3 -41.3 253 0 14.6 12.1 2.5 2.5 2 0 1 4 4
-3822.7 -2503.9 -40.7 259 0 14.6 12.7 5.0 2.5 2 0 2 0 0
-3867.1 -2477.2 -44.0 239 0 10.8 15.0 7.5 2.5 2 1 3 4 4
4554.3 337.2 -33.9 269 0 12.8 15.2 5.0 2.5 2 1 2 0 0
4751.8 630.3 -33.9 341 0 9.9 9.4 7.5 2.5 2 0 3 3 3
4751.0 590.0 -32.2 61 0 21.5 27.9 12.5 0.0 0 1 5 2 2
4684.3 634.5 -36.2 308 0 7.8 14.8 5.0 2.5 2 1 2 4 4
4699.0 636.2 -36.1 308 0 11.9 28.8 12.5 2.5 2 1 5 2 2
4661.7 608.2 -34.1 220 0 19.2 10.7 5.0 2.5 2 0 2 3 3
4624.6 554.6 -27.7 122 0 10.1 20.9 5.0 2.5 2 1 2 4 4
4647.8 569.2 -27.9 209 0 8.8 21.4 7.5 2.5 2 1 3 2 2
4669.4 536.2 -25.2 28 0 13.2 40.7 12.5 2.5 2 1 5 3 3
4703.3 536.6 -26.2 29 0 10.5 40.9 12.5 2.5 2 1 5 1 1
4689.8 527.1 -24.3 28 0 18.5 10.3 5.0 0.0 0 0 2 4 4
4682.0 514.5 -24.3 30 0 8.9 31.8 7.5 0.0 0 1 3 2 2
4622.9 547.9 -23.0 209 0 8.5 33.4 7.5 2.5 2 1 3 3 3
4593.5 460.7 -23.2 190 0 12.1 15.4 5.0 2.5 2 1 2 1 1
4622.1 439.8 -24.0 2 0 7.4 9.2 7.5 2.5 2 1 3 4 4
4592.8 384.4 -24.5 179 0 7.8 9.1 5.0 2.5 2 1 2 1 1
4607.6 343.7 -29.3 0 0 7.9 5.8 2.5 2.5 2 0 1 0 0
4649.9 392.6 -28.1 359 0 7.0 8.9 7.5 2.5 2 1 3 4 4
4642.0 351.6 -32.3 180 0 8.4 11.8 2.5 2.5 2 1 1 3 3
4530.5 348.2 -33.4 269 0 13.0 10.9 2.5 2.5 2 0 1 3 3
4514.9 287.1 -41.0 180 0 14.0 16.8 5.0 2.5 2 1 2 4 4
4505.5 171.2 -53.7 181 0 14.7 14.8 2.5 2.5 2 1 1 0 0
4532.4 191.6 -52.2 90 0 9.4 12.5 7.5 2.5 2 1 3 4 4
4594.1 251.9 -44.9 359 0 8.5 12.0 7.5 2.5 2 1 3 2 2
4514.5 98.7 -56.1 90 0 10.0 8.5 5.0 2.5 2 0 2 3 3
4518.2 87.9 -56.5 89 0 7.6 10.4 5.0 2.5 2 1 2 5 5
4570.8 86.5 -57.8 276 0 8.4 15.3 5.0 0.0 0 1 2 1 1
4689.1 265.7 -49.1 178 0 10.3 4.4 7.5 2.5 2 0 3 3 3
4719.7 256.1 -53.3 89 0 14.0 8.7 2.5 2.5 2 0 1 0 0
4781.1 352.9 -47.5 180 0 10.7 11.8 5.0 2.5 2 1 2 5 5
4750.5 554.7 -29.0 223 0 11.0 11.3 5.0 0.0 0 1 2 4 4
4773.6 536.7 -31.6 92 0 10.2 8.0 2.5 2.5 4 0 1 3 3
4767.7 575.9 -28.7 178 0 10.5 10.7 7.5 2.5 2 1 3 2 2
4922.1 646.7 -37.2 269 0 12.9 9.7 5.0 2.5 4 0 2 5 5
4890.9 638.6 -33.3 269 0 6.9 11.5 7.5 0.0 0 1 3 0 0
4866.4 637.2 -32.7 271 0 10.3 11.3 2.5 2.5 2 1 1 0 0
4962.1 638.6 -40.9 268 0 7.3 7.0 7.5 2.5 2 0 3 5 5
4870.6 576.9 -37.3 179 0 8.9 9.6 5.0 2.5 4 1 2 1 1
4851.9 504.2 -41.9 177 0 11.9 9.3 2.5 2.5 2 0 1 3 3
4839.6 469.8 -43.6 267 0 7.4 9.5 5.0 2.5 2 1 2 4 4
4990.1 474.0 -46.4 322 0 11.2 11.9 5.0 2.5 2 1 2 0 0
4953.2 673.4 -41.3 91 0 8.4 9.7 5.0 2.5 2 1 2 2 2
4943.3 737.1 -42.3 181 0 10.2 7.4 2.5 2.5 2 0 1 2 2
4929.0 780.2 -46.1 175 0 9.8 10.5 2.5 2.5 2 1 1 4 4
4990.2 843.5 -51.5 1 0 7.3 8.9 2.5 2.5 2 1 1 2 2
5055.5 694.0 -51.3 93 0 14.2 15.5 7.5 2.5 2 1 3 1 1
5047.5 649.1 -49.3 272 0 9.5 12.2 7.5 0.0 0 1 3 4 4
5072.6 657.5 -51.4 273 0 11.9 13.9 5.0 2.5 2 1 2 2 2
5162.4 735.4 -59.3 360 0 11.9 13.7 2.5 2.5 2 1 1 1 1
5149.2 658.2 -56.7 1 0 13.4 12.1 7.5 2.5 2 0 3 2 2
5111.5 555.2 -51.8 56 0 6.1 7.7 5.0 2.5 2 1 2 3 3
5238.9 517.6 -60.5 302 0 10.8 19.0 5.0 2.5 2 1 2 4 4
5290.8 401.7 -45.2 88 0 9.5 9.9 5.0 2.5 2 1 2 2 2
5076.0 413.9 -43.6 91 0 10.1 8.8 7.5 2.5 2 0 3 2 2
5103.8 343.3 -34.2 181 0 7.6 21.5 2.5 2.5 2 1 1 1 1
5004.3 353.5 -45.2 358 0 9.4 11.9 2.5 0.0 0 1 1 3 3
4984.2 334.0 -45.3 90 0 12.4 11.0 7.5 2.5 2 0 3 3 3
5115.7 121.4 -44.8 270 0 5.6 14.6 2.5 2.5 2 1 1 1 1
5064.1 71.9 -50.0 271 0 6.9 5.7 5.0 2.5 2 0 2 3 3
5283.2 54.2 -41.0 179 0 13.8 7.3 7.5 2.5 2 0 3 5 5
5243.4 99.9 -43.8 179 0 8.8 7.1 2.5 2.5 2 0 1 2 2
5236.1 92.0 -45.9 359 0 10.9 16.8 2.5 2.5 2 1 1 2 2
5134.5 26.7 -57.0 266 0 15.0 9.1 7.5 2.5 4 0 3 3 3
5099.9 72.0 -50.6 268 0 13.5 9.1 7.5 2.5 2 0 3 2 2
5101.1 23.6 -55.5 62 0 7.2 8.7 2.5 0.0 0 1 1 3 3
4901.5 290.9 -45.6 323 0 5.4 6.1 5.0 2.5 4 1 2 1 1
4904.4 323.4 -49.8 178 0 13.7 11.7 5.0 2.5 2 0 2 4 4
4897.9 307.1 -48.1 320 0 9.0 6.7 2.5 2.5 2 0 1 1 1
4947.8 265.1 -40.7 70 0 5.9 15.0 2.5 2.5 2 1 1 4 4
4993.4 38.4 -51.5 0 0 13.5 15.8 10.0 2.5 2 1 4 5 5
4878.8 93.2 -44.1 178 0 8.3 10.6 7.5 2.5 2 1 3 1 1
4860.4 73.1 -46.8 180 0 9.4 15.7 7.5 2.5 2 1 3 0 0
4863.7 50.0 -49.4 179 0 9.3 10.2 2.5 2.5 2 1 1 5 5
4842.5 85.4 -46.1 359 0 14.4 7.5 5.0 2.5 2 0 2 2 2
4749.8 181.5 -54.3 179 0 8.3 10.6 5.0 0.0 0 1 2 1 1
4721.6 102.2 -58.5 179 0 5.2 7.4 7.5 2.5 2 1 3 4 4
4760.8 46.8 -52.0 179 0 7.8 12.5 5.0 0.0 0 1 2 3 3
4778.9 72.4 -49.4 270 0 11.4 11.2 5.0 2.5 2 0 2 3 3
4771.3 18.1 -53.2 90 0 10.6 13.4 5.0 2.5 2 1 2 1 1
4766.4 8.7 -54.5 179 0 6.1 14.7 7.5 2.5 2 1 3 1 1
4727.5 49.0 -58.3 180 0 11.1 13.5 5.0 2.5 2 1 2 5 5
-5864.7 -2906.0 -40.4 1 0 14.0 13.5 5.0 2.5 2 0 2 1 1
-5902.8 -2877.3 -40.0 187 0 11.2 15.5 5.0 2.5 2 1 2 3 3
-5924.2 -2874.7 -39.6 187 0 11.0 18.7 7.5 2.5 2 1 3 0 0
-5121.5 -3020.4 -44.4 19 0 12.2 15.0 5.0 2.5 2 1 2 1 1
-5134.9 -2993.2 -42.7 102 0 17.8 6.4 2.5 2.5 2 0 1 3 3
-5124.6 -2983.3 -40.8 70 0 7.4 34.4 7.5 2.5 2 1 3 3 3
-5144.5 -2921.1 -38.1 157 0 10.6 4.2 5.0 2.5 2 0 2 1 1
-5164.9 -2877.9 -38.0 252 0 6.3 7.7 5.0 2.5 2 1 2 5 5
-5816.9 -2828.3 -32.8 2 0 10.6 51.1 10.0 2.5 2 1 4 4 4
-5859.3 -2859.9 -35.7 26 0 16.6 22.1 10.0 2.5 2 1 4 4 4
-6498.1 -2998.1 -43.1 131 0 6.4 32.1 7.0 2.5 2 1 2 5 5
-6068.5 -2980.2 -35.1 150 0 8.3 34.0 7.5 2.5 2 1 3 2 2
-5556.1 -3034.8 -35.9 94 0 15.4 15.0 2.5 2.5 2 0 1 3 3
-5538.8 -2997.5 -33.9 7 0 22.2 21.8 12.5 2.5 2 0 5 2 2
-5574.7 -3022.4 -35.6 73 0 16.4 25.0 12.5 2.5 2 1 5 2 2
-5611.9 -2986.2 -33.2 140 0 8.3 5.1 5.0 2.5 2 0 2 4 4
-5549.2 -2949.4 -28.9 271 0 11.6 12.5 7.5 2.5 2 1 3 4 4
-5524.6 -2951.2 -28.4 281 0 26.7 13.6 10.0 2.5 2 0 4 0 0
-5470.2 -2969.8 -28.8 12 0 14.2 41.1 10.0 2.5 2 1 4 3 3
-5460.0 -2960.4 -29.1 181 0 34.6 12.8 12.5 2.5 2 0 5 0 0
-5433.2 -2980.4 -29.3 89 0 13.3 42.3 12.5 2.5 2 1 5 5 5
-6191.6 -3074.9 -40.4 250 0 11.3 5.3 7.5 2.5 2 0 3 1 1
-6451.9 -3154.0 -46.6 77 0 7.5 15.5 5.0 2.5 2 1 2 0 0
-6468.3 -3117.6 -46.7 166 0 7.6 15.3 5.0 2.5 2 1 2 1 1
-6514.8 -3135.2 -46.5 163 0 13.1 16.9 5.0 2.5 2 1 2 2 2
-6480.8 -3095.6 -46.2 349 0 7.0 25.4 7.5 2.5 2 1 3 3 3
-6454.8 -3057.8 -46.0 162 0 8.3 15.6 5.0 2.5 2 1 2 5 5
-6463.6 -3072.4 -46.1 165 0 10.6 7.2 5.0 2.5 2 0 2 0 0
-6452.7 -3069.8 -46.1 165 0 12.1 18.2 10.0 2.5 2 1 4 3 3
-6448.4 -3085.2 -46.3 165 0 15.9 22.0 10.0 2.5 2 1 4 5 5
-6402.9 -3109.2 -46.7 354 0 7.5 25.0 5.0 2.5 2 1 2 2 2
-6316.7 -3101.6 -44.0 82 0 11.9 6.4 2.5 2.5 2 0 1 2 2
-6363.0 -3103.2 -44.9 177 0 5.8 14.6 7.5 2.5 2 1 3 2 2
-6346.7 -3066.4 -43.4 262 0 20.6 16.7 12.5 2.5 2 0 5 2 2
-5827.0 -2927.9 -37.8 7 0 12.0 11.0 5.0 2.5 2 0 2 4 4
-5848.1 -2928.3 -42.0 10 0 7.3 43.2 7.5 2.5 2 1 3 4 4
-5926.5 -2921.5 -41.6 184 0 6.1 13.7 7.5 0.0 0 1 3 2 2
-5935.8 -2923.7 -39.9 91 0 12.1 6.0 2.5 2.5 2 0 1 2 2
-5967.5 -2909.3 -37.2 198 0 21.7 19.6 12.5 2.5 2 0 5 0 0
-5860.4 -2969.3 -38.3 6 0 27.1 15.4 10.0 2.5 2 0 4 3 3
-6914.3 6431.4 -12.7 151 0 11.9 15.5 2.5 2.5 2 1 1 0 0
-6896.7 6486.7 -12.6 167 0 15.7 9.9 5.0 2.5 4 0 2 2 2
-6902.5 6395.4 -9.4 210 0 11.3 11.1 7.5 0.0 0 0 3 5 5
-811.5 3545.4 -29.1 350 0 8.4 11.0 2.5 2.5 2 1 1 4 4
-831.8 3497.6 -27.6 2 0 6.9 9.0 2.5 2.5 2 1 1 1 1
-797.7 3435.3 -29.5 269 0 11.8 12.7 5.0 2.5 4 1 2 4 4
-730.3 3427.9 -32.9 271 0 14.9 21.9 15.0 0.0 0 1 6 4 4
-716.5 3323.5 -40.4 85 0 15.1 14.1 2.5 2.5 2 0 1 5 5
-734.0 3344.7 -38.3 5 0 8.9 12.3 7.5 2.5 2 1 3 5 5
-733.6 3306.2 -41.7 348 0 9.9 7.3 2.5 2.5 2 0 1 4 4
-741.3 3237.8 -47.6 293 0 9.7 4.7 7.5 2.5 2 0 3 1 1
-765.9 3248.6 -48.0 288 0 12.7 19.9 7.5 2.5 2 1 3 2 2
-830.7 3374.1 -36.4 275 0 12.9 17.2 7.5 2.5 2 1 3 2 2
-819.8 3371.8 -35.5 246 0 4.2 11.3 2.5 2.5 2 1 1 2 2
-824.0 3380.2 -34.0 260 0 8.8 3.5 2.5 2.5 2 0 1 5 5
-791.3 3383.5 -33.6 180 0 9.8 9.3 7.5 2.5 2 0 3 4 4
-875.7 3357.7 -39.4 177 0 13.1 14.8 5.0 2.5 2 1 2 3 3
-730.8 3390.0 -34.6 90 0 6.7 9.2 7.5 0.0 0 1 3 5 5
-835.0 3337.6 -38.6 92 0 11.2 11.8 5.0 2.5 2 1 2 3 3
-774.9 3298.6 -41.5 108 0 9.1 7.1 7.5 2.5 2 0 3 0 0
-814.5 3253.2 -46.9 265 0 11.0 9.0 7.5 2.5 2 0 3 3 3
-891.2 3384.1 -37.9 179 0 16.7 16.3 12.5 2.5 2 0 5 4 4
-968.3 3540.7 -37.3 85 0 10.8 19.5 7.5 2.5 2 1 3 2 2
-845.5 3266.5 -46.4 285 0 15.1 7.6 7.5 2.5 2 0 3 3 3
-955.3 3398.9 -40.3 346 0 22.4 11.0 2.5 2.5 2 0 1 5 5
-948.6 3368.5 -42.8 349 0 33.4 12.8 12.5 2.5 2 0 5 1 1
-1046.6 3342.2 -40.3 355 0 9.6 28.4 7.5 0.0 0 1 3 1 1
-1059.4 3293.5 -43.5 95 0 11.9 12.5 2.5 2.5 2 1 1 5 5
-1077.9 3324.7 -41.7 180 0 9.7 13.3 2.5 2.5 2 1 1 2 2
-1055.1 3322.0 -41.7 346 0 4.8 7.8 5.0 0.0 0 1 2 3 3
-1072.3 3302.5 -42.3 90 0 6.0 5.6 7.5 2.5 2 0 3 5 5
-1100.3 3296.3 -42.2 171 0 12.1 10.9 5.0 2.5 2 0 2 4 4
-967.7 3293.5 -46.6 72 0 23.0 12.1 10.0 0.0 0 0 4 4 4
-962.4 3279.0 -48.0 71 0 17.3 8.2 7.5 2.5 2 0 3 3 3
-935.5 3301.6 -48.2 344 0 21.1 20.0 12.5 2.5 2 0 5 0 0
-958.9 3330.5 -44.1 358 0 12.9 5.5 5.0 2.5 2 0 2 0 0
-1003.6 3327.6 -42.9 168 0 6.8 10.1 5.0 2.5 2 1 2 1 1
-980.0 3373.7 -39.8 358 0 11.4 6.2 7.5 2.5 2 0 3 2 2
-1022.3 3260.1 -47.3 157 0 9.4 19.2 7.5 2.5 2 1 3 1 1
-1003.6 3246.3 -48.9 249 0 9.4 8.6 5.0 2.5 2 0 2 2 2
-6622.9 2705.7 -21.7 11 0 10.2 12.9 5.0 2.5 2 1 2 2 2
-6887.9 2421.2 -19.9 89 0 8.6 9.7 2.5 2.5 2 1 1 5 5
-6781.3 2476.5 -22.8 179 0 11.4 14.3 7.5 2.5 2 1 3 2 2
-6716.5 2458.8 -26.1 90 0 12.5 15.5 5.0 2.5 2 1 2 5 5
-6647.5 2449.7 -30.3 91 0 14.7 15.0 5.0 2.5 2 1 2 2 2
-6718.8 2653.5 -18.0 27 0 12.7 5.9 5.0 2.5 2 0 2 4 4
-6698.0 3026.4 43.3 94 0 8.2 12.5 5.0 0.0 0 1 2 5 5
-6707.2 -6713.0 -32.6 176 0 10.7 7.5 7.5 2.5 4 0 3 3 3
-6768.3 -6788.7 -36.4 5 0 10.6 12.5 5.0 2.5 2 1 2 2 2
-6787.3 -6795.8 -36.5 92 0 6.5 5.1 5.0 2.5 2 0 2 3 3
-6841.9 -6666.7 -31.7 0 0 3.9 19.1 7.5 2.5 2 1 3 2 2
-6195.1 -306.9 -45.8 113 0 8.9 25.4 5.0 2.5 2 1 2 5 5
-6232.4 -280.9 -46.0 102 0 4.9 10.2 7.5 2.5 2 0 3 4 4
-6184.3 -244.4 -47.3 287 0 11.1 13.7 5.0 0.0 0 1 2 4 4
-6176.7 -313.5 -44.3 112 0 24.6 10.3 10.0 2.5 2 0 4 3 3
-6273.3 -232.4 -45.7 200 0 16.8 11.1 5.0 2.5 2 0 2 3 3
-6126.8 -342.2 -41.0 147 0 10.8 13.5 2.5 2.5 2 1 1 1 1
-6060.9 -324.8 -41.8 348 0 22.8 18.4 15.0 0.0 0 0 6 1 1
3400.0 5008.8 -49.3 357 0 9.1 14.1 2.5 0.0 0 1 1 0 0
-5559.6 -428.5 -23.6 88 0 10.9 19.3 7.5 2.5 2 1 3 1 1
-6098.6 -485.3 -29.2 89 0 8.3 18.0 7.5 2.5 2 1 3 5 5
-6141.9 -362.2 -38.9 306 0 12.3 40.9 15.0 0.0 0 1 6 1 1
-3795.3 -6715.0 -35.7 277 0 10.1 12.4 7.5 2.5 2 1 3 5 5
-3949.9 -6715.3 -48.0 189 0 23.6 11.3 15.0 0.0 0 0 6 2 2
-3904.3 -6736.4 -43.7 287 0 7.2 8.7 7.5 2.5 2 1 3 5 5
-3889.5 -6733.1 -42.5 275 0 10.9 9.0 5.0 0.0 0 0 2 5 5
-4158.9 -6721.6 -47.7 360 0 9.8 12.6 7.5 2.5 2 1 3 5 5
-3940.7 -6652.1 -50.7 269 0 10.6 16.6 7.5 0.0 0 1 3 0 0
-3840.0 -6193.7 -42.6 89 0 13.7 31.5 12.5 2.5 4 1 5 1 1
-4203.9 -6585.5 -41.0 0 0 15.3 12.9 7.5 2.5 2 0 3 1 1
-4083.4 -6469.4 -47.2 52 0 36.1 17.6 7.5 0.0 0 0 3 3 3
-4136.8 -6456.6 -44.7 89 0 8.6 6.9 5.0 0.0 0 0 2 0 0
-4102.6 -6405.5 -48.9 358 0 5.8 8.1 5.0 2.5 2 1 2 0 0
93.2 1819.5 5.8 250 0 36.8 16.2 10.0 2.5 2 0 4 0 0
52.0 1819.3 7.7 68 0 17.5 22.1 7.5 2.5 2 1 3 3 3
-12.3 1849.4 0.5 334 0 21.7 10.7 5.0 2.5 2 0 2 4 4
66.3 1868.1 7.9 337 0 26.4 41.4 7.5 0.0 0 1 3 0 0
15.6 1887.2 4.9 193 0 16.3 32.6 12.5 2.5 2 1 5 0 0
137.1 2006.2 5.9 275 0 13.6 40.4 15.0 0.0 0 1 6 3 3
298.7 1868.5 6.5 351 0 17.9 51.7 5.0 2.5 2 1 2 4 4
235.8 1726.4 -2.1 70 0 32.3 49.5 17.5 0.0 0 1 7 0 0
206.2 1782.8 3.0 168 0 13.0 22.8 15.0 0.0 0 1 6 0 0
301.1 2015.1 -2.3 90 0 14.5 12.3 5.0 2.5 2 0 2 2 2
-32.3 1753.0 2.7 45 0 34.9 23.3 12.5 0.0 0 0 5 4 4
265.3 2107.3 -3.0 354 0 10.2 13.3 2.5 2.5 2 1 1 1 1
-5189.6 -3057.7 -46.0 95 0 9.9 14.4 7.5 2.5 2 1 3 0 0
-5142.4 -3049.9 -44.9 87 0 8.1 12.6 7.5 2.5 2 1 3 5 5
-5185.1 -3001.6 -45.6 271 0 11.7 36.0 12.5 2.5 2 1 5 3 3
-5231.1 -3005.2 -41.9 182 0 9.6 10.5 7.5 2.5 2 1 3 2 2
-5211.4 -3001.5 -43.9 272 0 12.1 27.1 12.5 2.5 2 1 5 1 1
-5223.9 -3035.8 -45.2 174 0 7.6 28.6 7.5 2.5 2 1 3 1 1
-5018.2 -3074.1 -39.3 255 0 7.3 40.6 7.5 2.5 2 1 3 5 5
-5049.3 -3091.7 -41.9 174 0 5.4 8.8 5.0 2.5 2 1 2 2 2
-5056.7 -3055.7 -40.9 250 0 6.1 21.9 2.5 0.0 0 1 1 3 3
-5054.3 -3111.3 -43.0 78 0 9.2 20.1 7.5 2.5 2 1 3 5 5
-5128.5 -2872.5 -35.4 334 0 7.6 13.7 5.0 0.0 0 1 2 1 1
-5104.2 -2896.7 -31.9 333 0 12.9 11.2 7.5 2.5 2 0 3 1 1
-5121.9 -2902.1 -34.6 246 0 10.8 25.7 10.0 2.5 2 1 4 4 4
-5102.1 -2931.3 -35.0 338 0 14.0 11.4 7.5 2.5 4 0 3 1 1
-5094.6 -2965.9 -35.9 68 0 11.0 18.2 5.0 2.5 2 1 2 0 0
-4742.7 -3214.2 -26.9 0 0 4.0 8.7 7.5 0.0 0 1 3 0 0
-4769.6 -3176.5 -22.9 178 0 13.5 10.5 7.5 2.5 2 0 3 5 5
-306.2 -6009.2 -37.7 288 0 16.8 12.6 2.5 2.5 2 0 1 2 2
-273.0 -6063.5 -40.9 18 0 9.9 14.1 2.5 2.5 2 1 1 2 2
-293.4 -6084.1 -40.3 3 0 8.0 13.6 7.5 2.5 2 1 3 3 3
-356.6 -6022.9 -31.4 270 0 11.2 13.3 7.5 2.5 2 1 3 3 3
-330.0 -5933.2 -34.9 181 0 15.9 8.0 5.0 2.5 2 0 2 4 4
-263.3 -6040.1 -41.9 2 0 6.8 10.4 5.0 2.5 2 1 2 2 2
-281.4 -5877.3 -40.7 88 0 10.0 23.0 7.5 2.5 2 1 3 4 4
-156.8 -5751.8 -46.9 88 0 11.9 12.6 10.0 2.5 2 1 4 3 3
-2100.2 5284.5 -47.4 97 0 14.0 32.4 10.0 2.5 2 1 4 1 1
424.0 -2890.0 -38.9 340 0 10.3 15.3 5.0 2.5 2 1 2 5 5
-474.0 1219.9 -34.7 270 0 81.0 93.0 12.5 0.0 0 1 5 4 4
5511.5 -1350.7 -56.8 91 0 10.2 13.9 7.5 0.0 0 1 3 1 1
-975.0 6729.3 -57.7 196 0 30.8 10.8 7.5 2.5 2 0 3 4 4
760.8 -6639.2 -40.0 179 0 18.9 32.6 10.0 0.0 0 1 4 4 4
-4030.2 -940.3 -38.0 187 0 18.2 16.8 7.5 0.0 0 0 3 3 3
221.7 1873.9 6.8 277 0 20.9 36.9 10.0 0.0 0 0 4 5 5
224.5 1883.0 6.9 187 0 18.7 13.3 5.0 2.5 2 0 2 5 5
177.6 1851.1 7.1 249 0 16.4 10.9 2.5 2.5 2 0 1 5 5
197.3 1855.2 7.0 249 0 21.3 11.8 10.0 2.5 2 0 4 4 4
220.2 1899.9 7.1 74 0 12.6 36.4 5.0 2.5 2 0 2 3 3
207.0 1947.6 6.8 254 0 12.6 13.0 5.0 2.5 2 0 2 4 4
66.6 1943.8 8.1 242 0 11.5 23.8 7.5 2.5 2 0 3 5 5
-108.9 1620.2 -6.6 62 0 62.4 14.5 10.0 2.5 2 0 4 5 5
-179.1 1658.6 -4.7 180 0 35.5 13.7 12.5 2.5 2 0 5 4 4
6794.2 2366.2 -34.3 94 0 7.9 8.8 5.0 2.5 2 1 2 2 2
6884.6 1995.8 -59.5 347 0 12.6 11.1 5.0 2.5 2 0 2 2 2
6880.5 1951.9 -61.4 74 0 11.5 15.1 7.5 2.5 4 1 3 3 3
