-2573.3 -4624.9 -25.9 124 0 37.8 72.2 7.5 0.0 0 1 3 3 3
-3357.2 -5510.8 -38.5 1 0 51.4 35.5 12.5 0.0 0 0 5 4 4
2197.6 -3051.2 -36.4 187 0 23.8 99.6 10.0 0.0 0 1 4 4 4
-6889.4 -4147.1 6.2 36 0 16.0 5.7 7.5 2.5 2 0 3 1 1
1317.6 -3332.5 -51.8 291 0 23.9 24.2 7.5 2.5 2 1 3 3 3
6575.8 -6714.0 -52.4 357 0 46.6 34.1 12.5 0.0 0 0 5 1 1
2301.2 -4631.3 -48.3 357 0 10.1 11.3 5.0 2.5 2 1 2 0 0
2261.7 -4312.3 -44.1 91 0 13.8 13.8 5.0 2.5 2 1 2 2 2
2317.2 -4191.0 -45.8 179 0 11.6 12.3 7.5 2.5 2 1 3 3 3
2366.7 -4202.5 -48.0 358 0 16.0 13.5 5.0 0.0 0 0 2 1 1
2222.9 -4101.5 -42.6 349 0 28.0 16.8 12.5 2.5 2 0 5 5 5
2211.6 -4038.4 -44.0 342 0 7.6 28.2 5.0 2.5 2 1 2 2 2
2201.5 -3974.5 -44.7 357 0 29.4 17.0 10.0 2.5 4 0 4 4 4
2157.0 -3969.7 -43.8 169 0 11.1 17.8 5.0 2.5 2 1 2 5 5
2252.7 -4089.7 -45.0 168 0 17.5 22.9 12.5 2.5 2 1 5 0 0
2469.2 -3971.0 -47.5 73 0 13.4 17.1 2.5 2.5 2 1 1 1 1
2052.4 -4062.2 -37.9 266 0 14.6 10.6 5.0 2.5 2 0 2 3 3
2055.6 -3905.8 -39.8 168 0 30.7 9.7 7.5 2.5 2 0 3 0 0
2148.7 -3179.2 -36.5 12 0 22.8 24.5 12.5 0.0 0 1 5 5 5
2161.0 -3138.1 -34.8 3 0 9.2 34.8 7.5 0.0 0 1 3 0 0
2176.0 -3132.7 -33.6 191 0 18.8 22.9 5.0 0.0 0 1 2 1 1
2129.1 -2867.1 -33.5 91 0 20.8 22.0 10.0 2.5 2 0 4 0 0
2152.3 -2865.6 -33.0 89 0 24.5 20.6 7.5 2.5 2 0 3 3 3
2109.0 -2867.5 -33.9 88 0 14.7 21.0 10.0 2.5 2 0 4 1 1
2093.6 -2867.1 -34.3 93 0 14.9 17.0 7.5 2.5 2 0 3 2 2
2174.7 -2865.0 -32.2 80 0 12.6 18.6 2.5 2.5 2 1 1 0 0
2170.7 -2665.8 -32.2 347 0 30.4 35.3 10.0 0.0 0 1 4 3 3
2214.9 -2814.8 -30.4 176 0 15.6 31.7 10.0 2.5 2 1 4 5 5
2211.1 -2794.7 -30.5 179 0 20.8 35.6 12.5 0.0 0 1 5 4 4
2260.9 -2761.4 -29.6 293 0 31.6 23.3 7.5 0.0 0 0 3 3 3
2223.5 -2740.0 -30.6 269 0 31.0 19.9 7.5 0.0 0 0 3 2 2
2217.1 -2680.1 -30.4 89 0 20.0 21.0 10.0 2.5 2 1 4 2 2
2181.7 -2532.3 -29.2 163 0 16.1 27.3 7.5 2.5 2 1 3 0 0
2531.0 -2578.7 -27.8 352 0 14.3 16.7 5.0 0.0 0 1 2 4 4
2520.4 -2827.4 -32.0 251 0 10.1 23.3 10.0 2.5 2 1 4 0 0
2615.3 -2816.5 -32.1 267 0 12.8 11.6 5.0 2.5 2 0 2 2 2
2562.2 -2799.3 -31.2 100 0 28.9 31.6 7.5 0.0 0 1 3 3 3
2538.7 -2771.2 -30.4 184 0 9.9 10.9 5.0 2.5 2 1 2 1 1
2543.4 -2751.6 -30.1 182 0 12.4 12.9 2.5 2.5 2 1 1 1 1
2702.1 -2940.9 -35.1 88 0 12.6 11.8 7.5 2.5 4 0 3 3 3
2681.0 -3021.5 -36.8 90 0 22.5 24.7 7.5 2.5 4 1 3 4 4
2655.5 -2977.3 -36.0 265 0 17.9 14.6 7.5 2.5 2 0 3 3 3
2710.3 -2964.1 -36.1 267 0 10.4 18.4 7.5 2.5 2 1 3 4 4
2616.4 -3046.4 -37.2 94 0 14.9 18.0 12.5 2.5 4 1 5 2 2
2605.7 -2974.5 -35.4 352 0 13.6 16.0 7.5 2.5 2 1 3 0 0
2488.2 -3008.6 -35.3 356 0 11.7 11.9 5.0 0.0 0 1 2 3 3
2454.9 -2953.3 -34.0 275 0 12.4 12.4 5.0 0.0 0 1 2 2 2
2176.8 -3584.4 -42.3 186 0 11.5 12.6 5.0 2.5 2 1 2 2 2
2163.8 -3568.9 -41.9 175 0 13.7 22.1 10.0 2.5 2 1 4 0 0
2205.9 -3566.8 -42.8 351 0 13.2 14.4 2.5 2.5 2 1 1 0 0
2169.4 -3711.6 -42.8 356 0 12.2 18.5 7.5 2.5 2 1 3 5 5
2303.5 -3669.8 -47.3 173 0 7.7 13.0 5.0 2.5 2 1 2 3 3
2363.3 -3568.5 -49.2 256 0 23.9 27.1 12.5 0.0 0 1 5 5 5
2441.7 -3572.5 -51.7 101 0 15.2 14.9 5.0 2.5 4 0 2 3 3
2460.7 -3494.1 -52.0 357 0 7.8 9.3 2.5 2.5 2 1 1 1 1
2469.3 -3546.2 -52.3 4 0 8.5 8.3 5.0 2.5 4 0 2 2 2
2734.5 -3989.0 -48.3 176 0 17.5 34.5 10.0 0.0 0 1 4 1 1
3154.2 -563.0 -51.1 357 0 14.9 14.4 5.0 2.5 2 0 2 3 3
3091.2 -526.4 -46.4 259 0 18.0 17.1 10.0 2.5 2 0 4 1 1
3124.6 -532.3 -49.1 348 0 21.6 19.5 10.0 2.5 2 0 4 4 4
3090.0 -508.7 -45.4 258 0 13.1 10.4 5.0 2.5 2 0 2 2 2
3103.1 -506.0 -46.4 259 0 12.8 11.8 7.5 2.5 2 0 3 4 4
3040.4 -510.5 -40.6 258 0 13.9 15.0 7.5 2.5 4 1 3 4 4
2985.1 -452.4 -41.0 264 0 16.8 14.1 5.0 2.5 2 0 2 3 3
2990.0 -510.4 -35.7 275 0 19.2 15.1 12.5 2.5 2 0 5 4 4
2990.6 -537.5 -36.7 272 0 16.1 28.2 12.5 2.5 4 1 5 3 3
2928.6 -539.0 -33.4 178 0 16.7 15.7 10.0 2.5 2 0 4 0 0
2951.9 -497.3 -37.0 245 0 15.2 12.5 2.5 2.5 2 0 1 5 5
2981.6 -637.9 -39.6 176 0 18.6 19.9 10.0 0.0 0 1 4 0 0
2924.6 -502.2 -37.4 261 0 16.2 17.1 12.5 2.5 2 1 5 5 5
2849.9 -519.8 -33.5 176 0 26.1 38.1 12.5 0.0 0 0 5 1 1
2798.6 -582.3 -28.7 184 0 15.3 18.2 7.5 0.0 0 1 3 0 0
2839.1 -580.2 -29.7 170 0 26.3 35.4 10.0 0.0 0 1 4 1 1
2907.6 -666.1 -32.0 93 0 14.5 17.9 12.5 2.5 2 1 5 0 0
2910.3 -612.3 -32.5 154 0 17.7 30.6 7.5 0.0 0 1 3 0 0
2914.6 -456.3 -44.0 273 0 15.4 11.5 7.5 2.5 2 0 3 0 0
3091.9 -688.0 -50.9 50 0 32.7 21.5 10.0 0.0 0 0 4 4 4
3053.6 -678.5 -46.4 54 0 16.6 14.1 7.5 2.5 2 0 3 2 2
3074.6 -620.6 -47.5 312 0 25.5 22.0 10.0 0.0 0 0 4 1 1
2971.6 -719.8 -41.9 181 0 20.9 20.6 12.5 2.5 2 0 5 0 0
2959.2 -686.6 -39.3 179 0 15.5 20.9 12.5 2.5 2 1 5 4 4
2939.3 -723.1 -39.0 180 0 21.1 19.9 12.5 2.5 2 0 5 0 0
3027.1 -764.5 -46.8 356 0 17.4 24.8 17.5 0.0 0 1 7 2 2
2917.6 -790.9 -38.6 268 0 15.6 16.8 12.5 2.5 2 1 5 1 1
2997.4 -846.5 -44.8 4 0 15.9 13.3 5.0 2.5 2 0 2 4 4
2950.4 -874.4 -40.2 90 0 16.0 16.4 12.5 2.5 2 1 5 5 5
2890.8 -852.1 -36.8 80 0 16.7 13.6 10.0 2.5 2 0 4 5 5
2920.9 -859.4 -38.9 89 0 15.4 18.8 15.0 0.0 0 1 6 3 3
-3255.0 -955.2 -39.9 85 0 10.1 10.1 5.0 2.5 2 0 2 3 3
-481.8 2555.9 6.2 352 0 26.9 13.9 10.0 2.5 2 0 4 3 3
-345.8 2461.3 11.1 345 0 16.2 17.5 10.0 2.5 2 1 4 0 0
-438.1 2411.4 4.5 61 0 11.2 19.9 5.0 2.5 2 1 2 1 1
-349.6 2475.9 12.1 347 0 7.2 7.4 7.5 2.5 2 0 3 5 5
-362.1 2435.6 9.8 356 0 15.0 10.3 10.0 2.5 2 0 4 5 5
-304.6 2413.4 11.9 184 0 17.8 16.7 10.0 2.5 2 0 4 2 2
-269.4 2455.1 11.8 289 0 14.0 15.0 7.5 2.5 2 1 3 3 3
-333.6 2508.0 12.9 167 0 10.8 13.9 2.5 2.5 4 1 1 1 1
-336.4 2527.8 13.1 180 0 13.5 14.1 5.0 2.5 2 1 2 1 1
-343.4 2561.6 12.8 187 0 15.9 13.6 5.0 2.5 2 0 2 1 1
-280.6 2471.9 12.1 85 0 9.0 17.0 2.5 2.5 2 1 1 2 2
-350.3 2574.2 12.9 155 0 11.8 11.6 5.0 2.5 2 0 2 5 5
-362.5 2519.2 12.1 339 0 10.9 16.3 7.5 2.5 2 1 3 2 2
-360.7 2502.1 11.9 342 0 12.1 12.9 10.0 2.5 2 1 4 5 5
-380.6 2615.2 13.8 356 0 12.7 6.5 7.5 2.5 2 0 3 4 4
-481.7 2595.9 7.4 352 0 17.6 10.3 7.5 0.0 0 0 3 2 2
-324.7 2479.5 12.8 79 0 14.1 19.0 7.5 2.5 2 1 3 5 5
-278.0 2621.5 10.8 284 0 10.3 16.5 2.5 2.5 2 1 1 0 0
-184.4 2590.7 9.1 266 0 10.3 15.5 7.5 2.5 2 1 3 0 0
-141.3 2552.7 8.4 91 0 13.9 18.6 10.0 2.5 2 1 4 1 1
-163.4 2589.0 8.7 274 0 12.4 13.3 5.0 2.5 2 1 2 4 4
-144.1 2622.2 7.8 269 0 15.0 15.1 7.5 0.0 0 1 3 5 5
-112.3 2627.3 7.0 272 0 13.1 19.6 5.0 2.5 2 1 2 4 4
-299.1 2682.5 12.7 349 0 20.2 13.7 12.5 2.5 2 0 5 3 3
-27.1 2462.2 7.0 175 0 14.4 14.9 2.5 2.5 2 1 1 5 5
9.2 2551.0 5.0 93 0 9.0 17.5 7.5 2.5 2 1 3 2 2
10.5 2375.4 7.1 97 0 24.9 20.3 10.0 2.5 2 0 4 5 5
-13.4 2388.4 7.6 108 0 12.6 13.1 5.0 2.5 2 1 2 1 1
-19.7 2366.5 7.6 108 0 9.6 10.4 7.5 2.5 4 1 3 1 1
23.1 2433.1 6.6 265 0 7.8 8.3 7.5 2.5 2 1 3 2 2
51.7 2424.2 6.1 255 0 8.1 11.9 5.0 2.5 2 1 2 5 5
59.3 2381.8 6.3 81 0 8.8 13.3 5.0 0.0 0 1 2 0 0
81.2 2362.6 6.1 98 0 9.4 8.3 7.5 2.5 4 0 3 1 1
121.0 2377.6 4.1 84 0 11.2 16.3 5.0 2.5 2 1 2 1 1
103.2 2298.6 4.7 267 0 8.6 9.6 7.5 0.0 0 1 3 2 2
189.2 2408.0 0.9 353 0 13.4 16.5 10.0 2.5 2 1 4 3 3
187.3 2340.7 -2.2 269 0 10.9 11.8 5.0 2.5 2 1 2 1 1
259.0 2271.4 -7.6 267 0 10.3 14.4 7.5 2.5 2 1 3 0 0
265.2 2310.5 -8.5 276 0 11.2 31.0 10.0 2.5 2 1 4 5 5
195.6 2219.0 -3.4 190 0 12.4 24.0 12.5 2.5 2 1 5 3 3
255.0 2218.8 -7.9 178 0 15.2 18.9 12.5 2.5 2 1 5 3 3
281.1 2307.0 -9.7 272 0 8.8 25.7 7.5 2.5 4 1 3 2 2
322.0 2265.6 -13.0 264 0 14.1 11.5 2.5 2.5 4 0 1 0 0
356.5 2275.0 -15.9 274 0 15.1 16.2 5.0 2.5 2 1 2 1 1
362.4 2217.1 -15.7 63 0 12.1 25.6 15.0 0.0 0 1 6 2 2
184.2 2170.9 -0.4 264 0 11.3 11.9 2.5 2.5 2 1 1 0 0
232.4 2106.4 -3.4 0 0 12.0 11.6 10.0 2.5 2 0 4 1 1
234.1 2127.5 -3.7 352 0 17.6 13.7 7.5 2.5 2 0 3 5 5
161.2 2088.2 0.5 66 0 10.9 12.7 10.0 2.5 2 1 4 0 0
101.9 2097.7 2.8 177 0 21.4 13.8 12.5 2.5 2 0 5 4 4
109.6 2059.2 2.2 181 0 12.0 14.1 7.5 2.5 2 1 3 2 2
91.6 2065.0 3.3 188 0 14.6 11.4 2.5 2.5 2 0 1 3 3
60.4 2124.5 5.1 189 0 5.8 13.2 2.5 2.5 2 1 1 4 4
27.6 2036.4 6.3 182 0 13.2 8.2 7.5 2.5 2 0 3 0 0
51.7 2039.5 4.2 177 0 7.5 26.2 7.5 0.0 0 0 3 3 3
35.2 1991.3 5.6 252 0 10.8 15.5 7.5 2.5 2 1 3 1 1
56.7 2005.4 4.2 179 0 8.6 16.6 5.0 2.5 2 1 2 3 3
101.8 2009.7 2.9 357 0 11.7 13.1 5.0 2.5 2 1 2 0 0
140.8 1976.3 0.6 357 0 20.9 11.3 7.5 0.0 0 0 3 0 0
125.6 1989.9 1.6 4 0 10.6 16.6 7.5 0.0 0 1 3 0 0
108.9 1973.5 2.2 357 0 15.4 11.1 5.0 2.5 2 0 2 4 4
55.4 1951.8 4.0 181 0 14.5 14.7 7.5 2.5 2 1 3 5 5
49.6 1928.4 4.3 189 0 14.1 12.4 2.5 2.5 2 0 1 2 2
116.5 1945.5 1.7 1 0 11.6 10.5 5.0 2.5 2 0 2 1 1
133.0 1923.6 0.7 17 0 10.3 12.1 7.5 2.5 2 1 3 4 4
-12.5 1874.9 6.8 181 0 18.7 19.1 10.0 2.5 2 1 4 4 4
-1.6 1840.6 6.7 358 0 9.1 11.8 2.5 2.5 2 1 1 1 1
70.0 1819.6 2.7 178 0 15.7 13.0 5.0 2.5 2 0 2 1 1
156.3 1832.0 -0.4 356 0 13.5 13.7 5.0 2.5 2 1 2 0 0
66.0 1881.3 3.9 184 0 7.8 7.9 5.0 2.5 2 1 2 0 0
117.2 1904.8 1.4 16 0 10.6 11.8 10.0 2.5 2 1 4 2 2
146.7 1926.0 -0.1 290 0 9.3 14.4 2.5 2.5 2 1 1 5 5
149.3 1849.4 0.1 355 0 16.3 14.0 10.0 2.5 2 0 4 2 2
178.2 1910.7 -1.5 355 0 12.7 9.4 2.5 2.5 2 0 1 3 3
195.0 1886.3 -2.2 359 0 15.9 11.0 2.5 2.5 2 0 1 3 3
233.8 1976.0 -4.1 95 0 11.4 11.3 2.5 2.5 2 0 1 5 5
283.8 1639.9 -7.9 357 0 15.8 14.4 7.5 2.5 4 0 3 2 2
112.0 1790.1 1.1 103 0 7.3 14.9 5.0 2.5 2 0 2 4 4
120.1 1789.5 0.6 100 0 9.3 13.7 7.5 2.5 2 0 3 2 2
120.5 1757.3 -0.3 160 0 9.6 20.1 7.5 2.5 2 1 3 5 5
191.2 1769.0 -2.6 359 0 11.4 13.5 7.5 2.5 2 1 3 3 3
172.2 1753.7 -1.9 12 0 13.0 10.1 5.0 2.5 2 0 2 2 2
219.3 1734.6 -4.4 356 0 29.3 14.5 12.5 2.5 2 0 5 2 2
186.8 1678.2 -3.6 296 0 11.4 17.7 5.0 2.5 2 1 2 3 3
264.2 1692.2 -6.8 349 0 13.2 9.8 7.5 0.0 0 0 3 0 0
210.8 1646.5 -4.8 354 0 7.5 11.5 5.0 2.5 2 1 2 2 2
315.4 1610.3 -9.2 353 0 22.8 17.8 7.5 2.5 2 0 3 2 2
346.7 1683.2 -10.1 272 0 12.0 11.4 5.0 2.5 2 0 2 5 5
225.3 1584.4 -6.2 0 0 12.0 16.3 5.0 2.5 2 0 2 2 2
256.7 1573.7 -7.3 3 0 12.0 14.3 2.5 2.5 2 1 1 4 4
205.1 1571.7 -5.9 168 0 13.2 10.4 10.0 2.5 2 0 4 5 5
195.4 1510.6 -5.8 185 0 16.4 8.0 7.5 2.5 2 0 3 4 4
239.2 1527.6 -6.9 2 0 17.6 14.5 7.5 2.5 2 0 3 3 3
257.9 1456.3 -8.0 353 0 21.5 11.7 7.5 2.5 2 0 3 0 0
164.6 1491.7 -5.0 167 0 8.3 12.6 7.5 2.5 2 1 3 2 2
132.7 1476.0 -4.0 175 0 17.4 16.2 10.0 2.5 2 0 4 5 5
330.5 1524.3 -10.1 359 0 22.3 17.0 10.0 0.0 0 0 4 4 4
342.5 1495.1 -10.7 359 0 18.3 11.6 5.0 2.5 2 0 2 5 5
220.9 1458.6 -6.9 197 0 10.4 7.6 2.5 2.5 2 0 1 5 5
180.2 1426.7 -6.0 172 0 18.1 15.1 10.0 2.5 2 0 4 0 0
158.3 1382.2 -5.4 186 0 14.9 14.5 2.5 2.5 4 0 1 1 1
158.6 1401.6 -5.2 185 0 12.2 11.7 10.0 2.5 2 0 4 3 3
95.7 1348.2 -4.3 173 0 16.1 17.0 10.0 2.5 4 1 4 1 1
311.6 1389.9 -10.2 1 0 18.4 9.9 7.5 0.0 0 0 3 5 5
330.8 1360.4 -10.9 6 0 13.4 15.7 7.5 2.5 2 1 3 1 1
289.3 1273.8 -11.6 182 0 17.9 13.2 5.0 2.5 2 0 2 2 2
427.3 1252.3 -20.7 1 0 17.9 15.2 5.0 2.5 2 0 2 3 3
314.3 1208.3 -14.7 156 0 9.8 24.0 5.0 2.5 2 1 2 0 0
324.8 1186.1 -15.8 68 0 7.8 16.6 5.0 2.5 2 1 2 1 1
336.4 1160.2 -18.7 85 0 14.8 23.4 15.0 0.0 0 1 6 4 4
394.0 1176.6 -21.7 359 0 16.1 15.3 7.5 2.5 2 0 3 5 5
377.1 1155.0 -22.1 355 0 20.3 12.1 2.5 2.5 2 0 1 5 5
392.9 1139.7 -24.2 349 0 15.6 15.0 7.5 2.5 2 0 3 3 3
352.0 1103.8 -23.7 94 0 15.4 14.9 2.5 0.0 0 0 1 2 2
339.6 1132.4 -21.6 157 0 15.3 15.3 5.0 2.5 2 0 2 1 1
313.2 1034.3 -26.3 346 0 9.5 12.9 5.0 2.5 2 1 2 5 5
250.2 1138.3 -16.2 86 0 14.2 12.9 5.0 2.5 2 0 2 0 0
232.4 1155.6 -15.3 126 0 10.3 16.5 5.0 2.5 2 1 2 1 1
214.3 1172.6 -14.5 174 0 13.2 19.2 10.0 2.5 2 1 4 3 3
242.5 1188.4 -14.4 178 0 14.6 16.7 2.5 2.5 4 1 1 5 5
197.3 1145.8 -15.5 347 0 16.2 13.5 7.5 0.0 0 0 3 0 0
249.7 1051.1 -22.9 270 0 12.3 13.3 5.0 2.5 4 1 2 2 2
206.6 1090.5 -19.2 276 0 14.8 17.0 5.0 2.5 2 1 2 5 5
180.9 1085.6 -18.8 266 0 16.8 13.7 7.5 2.5 2 0 3 5 5
166.2 1097.1 -18.0 269 0 10.7 12.8 7.5 2.5 2 0 3 4 4
151.1 1069.6 -19.0 347 0 14.0 15.0 5.0 2.5 2 1 2 3 3
124.8 1060.9 -19.0 359 0 10.7 12.6 10.0 2.5 2 1 4 4 4
145.6 1054.3 -22.1 266 0 11.1 29.3 10.0 2.5 2 1 4 1 1
164.6 1056.0 -21.0 260 0 13.8 14.5 2.5 2.5 2 1 1 2 2
221.7 1038.0 -23.5 257 0 10.5 13.2 7.5 2.5 2 1 3 5 5
229.5 1086.7 -19.7 275 0 14.7 14.3 2.5 2.5 2 0 1 2 2
242.4 1110.5 -18.0 244 0 8.3 12.5 7.5 2.5 2 1 3 2 2
132.4 1026.8 -22.2 346 0 12.5 22.5 12.5 2.5 2 1 5 3 3
155.1 925.6 -30.8 88 0 18.4 15.2 12.5 2.5 4 0 5 4 4
63.9 994.6 -23.2 94 0 13.0 11.5 5.0 2.5 2 0 2 3 3
32.5 974.0 -24.5 95 0 14.8 9.4 7.5 2.5 2 0 3 2 2
11.6 1014.0 -22.1 271 0 15.9 17.2 12.5 2.5 2 1 5 2 2
-9.7 952.4 -25.5 87 0 16.4 10.9 5.0 2.5 2 0 2 1 1
71.9 938.4 -28.2 95 0 10.4 9.4 5.0 2.5 2 0 2 0 0
40.5 935.4 -27.8 83 0 9.6 10.2 7.5 2.5 2 1 3 4 4
-35.0 924.6 -26.7 91 0 15.6 16.7 15.0 0.0 0 1 6 4 4
-16.4 923.8 -27.8 91 0 10.5 16.1 5.0 2.5 2 1 2 5 5
-65.5 980.7 -22.8 201 0 11.0 10.0 7.5 2.5 2 0 3 2 2
-77.2 1021.5 -19.2 184 0 9.9 10.1 5.0 2.5 2 1 2 4 4
-101.1 1041.7 -19.0 268 0 11.5 14.4 10.0 2.5 2 1 4 0 0
-65.6 1000.1 -21.3 263 0 9.7 11.7 7.5 2.5 4 1 3 3 3
-75.3 898.1 -27.9 81 0 15.3 20.5 12.5 2.5 2 1 5 3 3
-83.1 846.6 -34.4 209 0 15.6 21.6 15.0 0.0 0 1 6 4 4
-229.9 930.2 -41.4 167 0 14.5 16.0 5.0 2.5 2 1 2 2 2
-216.5 981.3 -37.9 271 0 14.7 21.7 7.5 2.5 2 1 3 2 2
328.5 1047.7 -26.9 269 0 9.9 11.4 2.5 2.5 2 1 1 0 0
313.6 1019.4 -27.7 355 0 10.9 10.0 10.0 2.5 2 0 4 0 0
422.4 1021.3 -35.0 186 0 16.1 12.2 5.0 2.5 4 0 2 3 3
-113.7 322.0 -23.4 281 0 13.8 14.1 10.0 2.5 2 1 4 5 5
-135.3 253.2 -14.6 90 0 19.9 13.5 10.0 2.5 2 0 4 1 1
-71.5 264.3 -18.6 88 0 18.9 15.7 12.5 2.5 2 0 5 3 3
-47.5 220.0 -13.2 113 0 17.9 19.3 17.5 0.0 0 1 7 5 5
4831.9 -1924.0 -44.8 88 0 12.2 9.1 5.0 2.5 2 0 2 1 1
4634.2 -1982.5 -50.7 172 0 6.8 11.2 7.5 2.5 2 1 3 4 4
4835.2 -1687.8 -49.4 255 0 10.5 10.5 5.0 2.5 2 0 2 2 2
4848.1 -2051.7 -43.8 168 0 9.0 10.2 5.0 2.5 2 1 2 4 4
4616.6 -2065.8 -49.2 89 0 9.9 11.4 5.0 0.0 0 1 2 4 4
4814.7 -1776.4 -49.1 345 0 11.6 10.5 7.5 2.5 2 0 3 5 5
4960.1 -1722.0 -40.9 179 0 13.2 11.1 2.5 2.5 2 0 1 1 1
2858.8 -1395.3 -45.6 177 0 9.2 22.1 7.5 2.5 2 1 3 2 2
2941.1 -1385.3 -42.0 268 0 10.8 8.2 5.0 0.0 0 0 2 3 3
2832.5 -1449.4 -49.3 186 0 12.7 18.4 2.5 2.5 4 1 1 2 2
2746.4 -1441.7 -49.0 358 0 10.5 10.5 7.5 2.5 2 0 3 0 0
2995.8 -1374.5 -39.2 356 0 10.2 15.9 10.0 0.0 0 1 4 2 2
2974.8 -1514.4 -45.4 109 0 7.9 11.1 2.5 2.5 2 1 1 0 0
2880.0 -1462.7 -47.6 100 0 12.6 13.5 10.0 2.5 2 1 4 3 3
2997.1 -1273.2 -34.8 266 0 14.2 12.9 5.0 2.5 4 0 2 0 0
3016.0 -1313.1 -35.6 0 0 14.6 13.4 2.5 2.5 2 0 1 1 1
2960.8 -1409.3 -41.9 0 0 10.1 8.2 5.0 2.5 2 0 2 2 2
3059.9 -1428.0 -38.5 4 0 20.2 10.8 5.0 2.5 2 0 2 4 4
2889.0 -1357.5 -42.6 189 0 6.6 5.8 5.0 2.5 2 0 2 0 0
3028.5 -1410.3 -39.9 276 0 12.0 27.7 10.0 2.5 2 1 4 0 0
2989.9 -1461.9 -42.5 86 0 10.4 12.6 7.5 2.5 4 1 3 3 3
2987.6 -1292.1 -35.8 272 0 10.9 11.2 10.0 2.5 2 1 4 2 2
3040.0 -1360.9 -36.0 85 0 16.1 10.5 5.0 2.5 2 0 2 0 0
3047.8 -1332.5 -35.0 356 0 12.8 14.4 5.0 2.5 2 1 2 3 3
3049.5 -1313.0 -34.0 352 0 12.2 12.8 5.0 2.5 4 1 2 2 2
3005.7 -1525.0 -44.8 90 0 19.8 19.7 10.0 2.5 2 0 4 5 5
3103.5 -1448.4 -37.1 266 0 8.1 8.4 7.5 2.5 2 1 3 0 0
3118.6 -1560.0 -42.2 350 0 16.5 17.2 12.5 2.5 2 1 5 0 0
3104.9 -1514.4 -40.2 5 0 15.5 11.0 5.0 2.5 2 0 2 2 2
2969.2 -1568.2 -48.1 195 0 16.6 22.7 10.0 2.5 2 1 4 1 1
3045.9 -1503.2 -41.8 104 0 17.8 9.6 7.5 2.5 2 0 3 2 2
2991.7 -1139.2 -31.2 4 0 38.0 42.9 12.5 0.0 0 1 5 2 2
2824.8 -1184.7 -33.1 178 0 16.4 15.4 7.5 2.5 2 0 3 4 4
2855.9 -1158.2 -32.5 183 0 27.9 20.2 12.5 2.5 2 0 5 5 5
2822.3 -1223.9 -35.1 86 0 13.1 17.9 7.5 2.5 2 1 3 4 4
2896.2 -1283.4 -39.8 265 0 10.1 13.6 5.0 2.5 2 1 2 1 1
2926.6 -1186.7 -33.7 86 0 11.7 11.9 5.0 2.5 2 1 2 0 0
2871.4 -1104.2 -28.7 270 0 17.0 13.2 2.5 2.5 2 0 1 5 5
2821.1 -1116.8 -28.4 178 0 16.9 17.9 10.0 2.5 2 1 4 2 2
2907.9 -1113.0 -29.6 357 0 18.2 13.4 10.0 2.5 2 0 4 1 1
2913.6 -1145.5 -32.3 270 0 11.8 12.9 2.5 2.5 2 1 1 5 5
2937.5 -1149.6 -32.1 266 0 15.8 10.7 5.0 2.5 2 0 2 1 1
2843.7 -1242.6 -37.5 179 0 15.6 10.6 5.0 2.5 4 0 2 3 3
2996.8 -1199.8 -31.6 347 0 21.9 9.0 7.5 2.5 2 0 3 4 4
2915.8 -1060.5 -28.2 265 0 16.1 13.3 2.5 2.5 2 0 1 0 0
2935.1 -1103.0 -30.2 265 0 13.8 21.5 10.0 2.5 2 1 4 2 2
2824.3 -1291.3 -40.5 264 0 7.7 10.7 5.0 2.5 2 1 2 1 1
2726.2 -1267.1 -37.1 178 0 20.5 15.3 10.0 2.5 2 0 4 0 0
2735.4 -1416.8 -47.3 169 0 11.2 10.8 5.0 2.5 4 0 2 3 3
2796.6 -1241.2 -36.2 357 0 14.6 15.5 7.5 2.5 2 1 3 2 2
2707.6 -1353.6 -42.9 181 0 24.9 12.5 12.5 2.5 2 0 5 1 1
3082.6 -1328.6 -33.4 1 0 19.0 17.6 12.5 2.5 2 0 5 5 5
2877.0 -1498.5 -49.4 85 0 13.1 18.3 5.0 0.0 0 1 2 5 5
2951.5 -1448.0 -43.7 92 0 13.4 9.0 7.5 2.5 2 0 3 3 3
2682.4 -1400.0 -44.8 85 0 26.6 13.1 12.5 2.5 2 0 5 3 3
2534.2 -1443.3 -41.6 358 0 14.2 16.3 2.5 2.5 2 1 1 3 3
2503.0 -1379.7 -37.3 268 0 8.1 9.5 5.0 2.5 2 1 2 0 0
2491.2 -1365.0 -36.4 249 0 22.1 12.4 10.0 0.0 0 0 4 2 2
2507.1 -1501.9 -43.3 9 0 16.6 10.4 10.0 2.5 4 0 4 2 2
2478.3 -1295.9 -31.6 95 0 13.4 13.5 7.5 2.5 2 1 3 4 4
2506.8 -1293.7 -32.9 352 0 13.6 16.3 10.0 2.5 2 1 4 2 2
2345.8 -1345.7 -28.8 267 0 14.7 14.7 10.0 2.5 2 0 4 1 1
2395.1 -1620.5 -45.4 167 0 12.4 30.3 12.5 2.5 2 1 5 4 4
2324.9 -1135.9 -26.6 272 0 15.5 48.1 10.0 2.5 2 1 4 3 3
2253.2 -1136.2 -26.3 92 0 20.0 17.0 15.0 0.0 0 0 6 5 5
2235.9 -1260.3 -26.6 161 0 21.5 18.1 10.0 2.5 2 0 4 2 2
2229.7 -1232.9 -26.7 178 0 13.3 11.0 2.5 2.5 2 0 1 4 4
2094.2 -1506.6 -24.6 86 0 20.9 27.6 12.5 2.5 2 1 5 1 1
-874.7 -2323.6 -40.3 90 0 12.7 13.8 5.0 2.5 2 1 2 5 5
-786.2 -2301.7 -42.5 175 0 22.6 12.8 7.5 2.5 2 0 3 1 1
-783.8 -2349.9 -43.4 178 0 18.3 11.4 7.5 2.5 2 0 3 2 2
-736.3 -2220.8 -39.3 95 0 21.7 18.3 10.0 2.5 2 0 4 1 1
-735.8 -2380.6 -44.9 84 0 14.6 10.6 2.5 2.5 2 0 1 3 3
-745.4 -2288.8 -42.4 279 0 15.9 15.1 2.5 0.0 0 0 1 4 4
-650.0 -2131.8 -36.7 355 0 16.0 15.6 7.5 0.0 0 0 3 1 1
-745.8 -2135.4 -36.9 100 0 11.1 15.3 7.5 2.5 4 1 3 2 2
-655.8 -2111.0 -35.8 3 0 13.7 11.0 5.0 2.5 2 0 2 2 2
-682.9 -2312.0 -43.4 355 0 9.9 11.3 5.0 2.5 2 1 2 0 0
-656.7 -2348.8 -45.1 2 0 14.1 9.8 5.0 2.5 2 0 2 2 2
-650.4 -2258.5 -41.9 269 0 13.7 12.9 7.5 2.5 2 0 3 4 4
-682.7 -2201.2 -39.1 356 0 11.9 12.4 5.0 2.5 2 1 2 5 5
-694.3 -2161.9 -37.5 176 0 11.2 8.7 5.0 2.5 2 0 2 3 3
-678.8 -2051.2 -35.9 254 0 11.4 14.1 10.0 2.5 2 1 4 4 4
-695.0 -2063.6 -36.1 263 0 7.0 11.0 5.0 2.5 2 1 2 1 1
-748.6 -2054.5 -37.0 175 0 12.7 13.6 2.5 0.0 0 1 1 3 3
-752.1 -2005.5 -37.5 174 0 20.1 11.7 5.0 2.5 2 0 2 3 3
-768.0 -1970.1 -38.0 175 0 16.3 11.5 7.5 2.5 2 0 3 0 0
2254.3 -1470.7 -30.6 182 0 9.1 11.1 2.5 2.5 2 1 1 1 1
2219.1 -1507.4 -30.6 175 0 9.4 7.3 2.5 2.5 2 0 1 4 4
2215.2 -1429.2 -26.7 170 0 13.1 10.3 2.5 2.5 4 0 1 3 3
2277.2 -1510.2 -33.3 359 0 14.8 24.8 10.0 2.5 2 1 4 5 5
2220.3 -1536.1 -32.3 161 0 9.8 18.4 5.0 2.5 2 1 2 2 2
2331.2 -1481.6 -34.3 86 0 15.6 11.1 7.5 2.5 2 0 3 4 4
2211.5 -1234.3 -26.8 90 0 13.7 9.7 5.0 2.5 2 0 2 5 5
2181.3 -1261.1 -26.7 262 0 14.2 16.5 7.5 2.5 2 1 3 5 5
-627.5 -1815.8 -28.0 255 0 9.8 27.8 7.5 2.5 2 1 3 2 2
-519.7 -1809.9 -22.3 359 0 15.2 13.9 2.5 2.5 2 0 1 3 3
-488.4 -1824.5 -21.6 354 0 16.0 11.9 7.5 2.5 4 0 3 2 2
-489.2 -1796.2 -20.9 178 0 19.3 13.1 7.5 2.5 2 0 3 3 3
-463.8 -1805.0 -20.5 174 0 15.9 14.6 7.5 2.5 2 0 3 3 3
-449.1 -1864.0 -21.2 168 0 13.8 17.4 7.5 0.0 0 1 3 3 3
-437.3 -1890.0 -22.1 173 0 16.6 19.4 15.0 0.0 0 1 6 3 3
-373.4 -1834.5 -20.7 349 0 11.5 11.4 5.0 2.5 2 0 2 3 3
-349.7 -1785.0 -22.0 107 0 20.2 22.3 7.5 2.5 4 1 3 0 0
-283.0 -1729.2 -23.5 87 0 13.8 22.2 7.5 2.5 2 0 3 4 4
-283.1 -1678.6 -24.0 85 0 13.1 16.9 7.5 2.5 2 1 3 0 0
-227.4 -1671.5 -25.1 96 0 10.4 12.4 7.5 2.5 2 1 3 3 3
-165.8 -1677.2 -26.8 89 0 13.6 15.5 5.0 2.5 2 1 2 0 0
-125.3 -1613.4 -29.3 357 0 10.3 9.3 7.5 2.5 2 0 3 1 1
-223.1 -1585.8 -25.8 236 0 11.6 14.1 2.5 2.5 2 1 1 4 4
-114.9 -1532.4 -35.4 271 0 12.1 13.3 7.5 2.5 2 1 3 2 2
-85.9 -1579.4 -33.7 273 0 8.8 10.2 2.5 2.5 2 1 1 1 1
-61.1 -1604.1 -34.2 275 0 14.9 17.1 2.5 2.5 2 1 1 4 4
-59.2 -1669.3 -32.8 89 0 12.4 13.0 5.0 0.0 0 1 2 4 4
-25.5 -1636.1 -34.8 356 0 11.3 12.7 7.5 2.5 2 1 3 2 2
-57.0 -1579.1 -36.8 359 0 13.9 12.3 5.0 2.5 2 0 2 1 1
8.3 -1647.6 -37.0 266 0 12.5 10.1 7.5 0.0 0 0 3 4 4
16.2 -1712.3 -36.7 90 0 13.0 16.0 10.0 2.5 4 1 4 4 4
-25.2 -1720.7 -34.0 84 0 12.6 17.6 7.5 2.5 2 1 3 4 4
-29.3 -1744.6 -33.1 276 0 9.6 9.8 7.5 2.5 2 1 3 2 2
-17.8 -1787.7 -32.9 1 0 8.6 9.4 7.5 2.5 2 1 3 0 0
-4619.5 -1592.3 -7.1 174 0 11.1 15.2 5.0 2.5 2 1 2 3 3
-4567.7 -1649.4 -13.3 347 0 10.2 13.5 2.5 2.5 2 1 1 1 1
-4713.2 -1714.5 -4.2 100 0 12.6 14.9 10.0 2.5 2 1 4 3 3
-4749.9 -1414.0 1.3 129 0 14.8 21.7 10.0 2.5 2 1 4 5 5
-731.1 -1957.7 -37.3 271 0 10.7 13.1 5.0 2.5 2 1 2 0 0
-658.0 -1988.8 -32.9 174 0 14.1 11.1 7.5 2.5 2 0 3 3 3
-628.6 -1962.2 -31.5 3 0 10.7 8.7 5.0 2.5 2 0 2 4 4
-765.5 -1841.1 -34.8 350 0 12.9 13.0 7.5 2.5 2 1 3 3 3
-831.4 -1881.9 -38.5 179 0 11.4 9.8 2.5 2.5 2 0 1 0 0
-799.4 -1732.5 -34.4 89 0 13.7 12.4 10.0 2.5 2 0 4 0 0
-874.4 -1784.0 -39.3 82 0 7.1 16.3 5.0 2.5 2 1 2 0 0
-856.8 -1682.1 -36.4 177 0 10.8 10.2 5.0 0.0 0 0 2 2 2
-788.7 -1668.3 -33.1 359 0 10.0 16.3 7.5 2.5 2 1 3 5 5
-758.5 -1647.5 -30.1 93 0 13.0 12.4 7.5 2.5 2 0 3 0 0
-643.9 -1622.8 -22.8 353 0 14.4 15.7 10.0 2.5 2 1 4 2 2
-684.3 -1571.7 -23.8 252 0 14.4 17.9 15.0 0.0 0 1 6 4 4
-711.3 -1454.1 -22.3 88 0 12.5 14.6 5.0 2.5 2 1 2 0 0
-798.2 -1411.8 -26.5 86 0 13.0 20.0 15.0 0.0 0 1 6 2 2
-789.8 -1498.9 -28.4 95 0 14.7 15.4 10.0 0.0 0 1 4 4 4
-788.8 -1352.4 -23.3 87 0 16.2 24.8 10.0 2.5 2 1 4 3 3
-827.9 -1331.0 -25.0 91 0 17.0 19.9 12.5 2.5 2 1 5 5 5
-694.0 -1146.3 -13.8 86 0 12.4 20.4 12.5 2.5 2 1 5 2 2
-614.4 -1364.5 -17.5 87 0 14.4 24.5 7.5 2.5 2 1 3 0 0
-509.9 -1374.6 -21.4 257 0 14.0 14.8 7.5 2.5 2 1 3 0 0
-557.7 -1423.0 -20.2 266 0 10.1 13.6 5.0 2.5 2 1 2 5 5
-577.2 -1526.9 -19.7 2 0 18.5 17.1 10.0 2.5 2 0 4 4 4
-538.2 -1655.3 -20.7 90 0 14.7 16.1 10.0 2.5 2 1 4 5 5
-558.8 -1769.8 -21.7 86 0 14.9 20.5 7.5 0.0 0 1 3 4 4
-490.1 -1747.4 -20.5 62 0 8.1 11.3 2.5 0.0 0 1 1 5 5
-471.6 -1703.2 -20.7 357 0 17.7 15.2 10.0 0.0 0 0 4 5 5
-448.8 -1661.3 -21.6 176 0 13.1 12.1 2.5 0.0 0 0 1 0 0
-420.2 -1633.9 -22.2 261 0 9.7 17.6 7.5 0.0 0 1 3 5 5
-350.2 -1551.7 -24.0 342 0 16.2 12.5 2.5 2.5 4 0 1 1 1
-4705.9 -1292.3 3.7 332 0 9.2 17.2 5.0 2.5 2 1 2 4 4
336.4 -4494.9 -22.7 87 0 19.8 18.8 7.5 2.5 2 0 3 1 1
333.5 -4339.8 -20.4 86 0 12.2 16.2 7.5 2.5 2 1 3 4 4
339.1 -4296.2 -21.0 358 0 12.9 16.3 5.0 2.5 2 1 2 5 5
232.5 -4269.5 -25.1 263 0 12.9 18.0 12.5 2.5 2 1 5 3 3
282.1 -4456.8 -23.1 274 0 18.9 14.5 2.5 2.5 2 0 1 1 1
206.0 -4374.9 -24.4 261 0 8.6 22.7 7.5 2.5 2 1 3 1 1
130.6 -4487.5 -26.9 357 0 10.6 10.8 5.0 2.5 4 1 2 5 5
179.8 -4395.8 -25.0 177 0 11.2 8.5 5.0 2.5 4 0 2 5 5
169.0 -4093.1 -30.6 86 0 12.8 17.6 7.5 2.5 2 1 3 1 1
92.5 -4391.8 -28.8 95 0 11.6 13.8 5.0 2.5 2 1 2 2 2
88.4 -4522.8 -28.7 187 0 14.9 15.0 7.5 0.0 0 1 3 5 5
-9.5 -4495.7 -31.3 94 0 11.7 17.2 10.0 2.5 2 1 4 2 2
-4757.3 -1175.7 0.5 147 0 17.4 20.7 10.0 2.5 2 1 4 5 5
-4785.9 -1167.0 -1.5 326 0 28.6 10.2 12.5 2.5 2 0 5 0 0
-4857.3 -1209.5 -3.8 95 0 9.3 36.4 7.5 0.0 0 1 3 3 3
-4836.0 -1087.1 -4.3 334 0 16.4 6.1 5.0 2.5 2 0 2 4 4
-4803.0 -1112.5 -2.4 149 0 18.6 9.5 7.5 2.5 2 0 3 5 5
-54.0 -4196.8 -37.4 90 0 15.1 14.7 10.0 2.5 2 0 4 1 1
-37.1 -3934.2 -29.9 88 0 14.0 13.5 5.0 2.5 2 0 2 0 0
-15.5 -4056.2 -36.6 186 0 11.8 11.0 2.5 2.5 2 0 1 0 0
-4855.9 -988.5 -6.0 184 0 13.9 16.3 7.5 2.5 2 1 3 0 0
-4763.1 -999.7 -1.9 267 0 11.4 14.2 7.5 2.5 2 1 3 1 1
-4879.6 -944.6 -7.7 172 0 13.7 18.4 5.0 0.0 0 1 2 4 4
-4804.1 -1050.1 -3.0 170 0 10.2 18.1 10.0 0.0 0 1 4 0 0
-4798.8 -1066.4 -2.6 177 0 20.4 17.2 10.0 2.5 4 0 4 4 4
-4739.7 -1024.6 -0.9 11 0 10.0 12.1 7.5 2.5 2 1 3 0 0
50.3 -4135.8 -34.5 348 0 18.2 14.8 7.5 2.5 2 0 3 1 1
6.5 -4198.3 -35.1 86 0 13.8 16.5 5.0 2.5 2 1 2 1 1
147.7 -4244.0 -28.6 156 0 12.1 11.2 5.0 2.5 2 0 2 0 0
-6.0 -3906.8 -29.7 14 0 12.4 16.6 2.5 2.5 2 1 1 3 3
-4805.5 -887.6 -5.4 90 0 11.1 19.6 2.5 2.5 2 1 1 0 0
-4832.6 -1014.6 -4.9 87 0 9.3 14.4 7.5 2.5 2 1 3 4 4
-4916.4 -930.5 -10.4 333 0 17.6 25.5 12.5 2.5 2 1 5 3 3
-4913.9 -881.0 -10.1 169 0 16.0 33.0 12.5 2.5 2 0 5 3 3
-18.1 -3819.1 -29.6 357 0 11.7 20.2 7.5 2.5 2 1 3 0 0
73.8 -3914.6 -29.5 91 0 14.1 14.1 5.0 2.5 2 1 2 0 0
-359.5 -4210.9 -43.8 272 0 19.0 20.2 17.5 0.0 0 1 7 2 2
-284.4 -4255.4 -45.3 91 0 11.9 12.5 5.0 2.5 4 1 2 3 3
-341.1 -4297.3 -48.0 268 0 9.3 9.9 5.0 2.5 4 1 2 3 3
-313.8 -2125.5 -35.5 82 0 15.3 15.0 10.0 2.5 2 0 4 1 1
-289.0 -2137.8 -37.8 0 0 13.2 15.4 5.0 0.0 0 1 2 1 1
-274.6 -2100.0 -37.3 1 0 13.6 9.6 7.5 2.5 2 0 3 4 4
-268.4 -2010.4 -33.7 81 0 18.1 11.0 7.5 2.5 2 0 3 2 2
-266.0 -2028.8 -34.6 88 0 11.2 13.9 7.5 2.5 2 1 3 4 4
-258.3 -1980.6 -33.7 275 0 15.4 14.9 7.5 2.5 2 0 3 5 5
-313.4 -2008.9 -31.0 183 0 15.5 16.9 5.0 2.5 2 1 2 3 3
-218.7 -2073.9 -40.9 93 0 13.0 17.7 5.0 2.5 2 1 2 5 5
-157.7 -2041.8 -44.1 358 0 13.8 16.9 5.0 2.5 2 1 2 4 4
-235.6 -1923.7 -30.8 267 0 19.0 19.0 12.5 2.5 2 1 5 0 0
-227.7 -1892.5 -28.0 267 0 14.3 15.3 7.5 2.5 2 1 3 3 3
-263.9 -1955.2 -31.6 271 0 12.5 17.4 10.0 2.5 2 1 4 1 1
-369.3 -1989.9 -24.1 83 0 12.9 12.9 5.0 2.5 2 0 2 5 5
-450.1 -2019.4 -27.3 182 0 16.0 17.5 10.0 0.0 0 1 4 0 0
-459.2 -1972.2 -25.2 179 0 16.1 15.4 5.0 2.5 2 0 2 1 1
-556.6 -2099.6 -35.4 266 0 11.1 11.3 5.0 2.5 2 1 2 1 1
-485.0 -2110.7 -33.8 93 0 9.0 10.5 5.0 2.5 2 1 2 5 5
-357.0 -2082.2 -30.1 172 0 6.4 8.1 2.5 2.5 2 1 1 5 5
-369.5 -2071.5 -28.6 183 0 9.5 7.6 7.5 2.5 4 0 3 1 1
-345.2 -2084.3 -31.1 180 0 7.8 6.9 7.5 2.5 2 0 3 1 1
-336.5 -2053.8 -30.6 174 0 11.2 8.7 5.0 2.5 2 0 2 4 4
-334.2 -2069.9 -31.4 180 0 10.2 7.5 7.5 2.5 2 0 3 5 5
-322.7 -2083.0 -33.1 180 0 11.4 8.3 2.5 2.5 2 0 1 5 5
-322.8 -2068.2 -32.4 178 0 11.1 8.7 7.5 2.5 2 0 3 4 4
-324.1 -2052.6 -31.5 176 0 11.3 8.0 7.5 2.5 2 0 3 1 1
-344.3 -2100.4 -32.2 182 0 6.1 9.4 5.0 2.5 2 1 2 3 3
-290.3 -2061.3 -34.0 359 0 10.1 10.2 7.5 2.5 2 1 3 3 3
-350.3 -2001.8 -27.0 161 0 8.6 11.5 7.5 2.5 2 1 3 2 2
-344.8 -2022.0 -28.7 175 0 13.1 12.7 10.0 2.5 4 0 4 2 2
-341.0 -1985.2 -26.2 88 0 11.0 10.8 5.0 2.5 2 0 2 5 5
-333.4 -1953.7 -25.6 265 0 7.7 9.4 5.0 2.5 2 1 2 0 0
-365.0 -1914.2 -21.0 292 0 11.4 13.7 2.5 2.5 2 1 1 4 4
-349.7 -1922.0 -22.8 277 0 11.5 12.9 7.5 0.0 0 1 3 3 3
-307.6 -1868.0 -21.8 264 0 8.3 12.2 5.0 2.5 2 1 2 2 2
-286.3 -1874.5 -22.5 271 0 14.9 8.9 5.0 2.5 4 0 2 5 5
-198.9 -1567.6 -26.4 263 0 14.5 14.0 7.5 2.5 2 0 3 2 2
-4927.3 -910.3 -10.6 348 0 10.9 7.7 2.5 2.5 2 0 1 3 3
-4981.2 -791.9 -11.5 352 0 11.5 12.5 10.0 2.5 2 0 4 3 3
-5001.7 -785.1 -10.8 360 0 10.7 11.4 5.0 2.5 2 1 2 5 5
16.8 -1919.9 -30.4 4 0 14.9 17.8 12.5 2.5 2 1 5 0 0
9.3 -1944.8 -32.0 89 0 17.8 13.9 2.5 2.5 2 0 1 3 3
-26.2 -1924.0 -32.6 90 0 15.0 16.1 7.5 2.5 2 1 3 3 3
-5.9 -1835.6 -32.1 266 0 10.8 12.4 5.0 2.5 2 1 2 3 3
-20.1 -1861.7 -30.5 269 0 18.4 12.5 5.0 2.5 2 0 2 1 1
-29.1 -1955.9 -35.5 94 0 12.4 11.7 7.5 2.5 2 0 3 0 0
28.2 -1871.9 -32.5 359 0 15.1 14.6 2.5 2.5 2 0 1 2 2
23.4 -2020.6 -37.6 181 0 12.1 12.4 10.0 2.5 2 1 4 3 3
74.0 -2024.4 -34.1 83 0 10.0 14.8 2.5 2.5 2 1 1 0 0
66.3 -2061.2 -38.3 211 0 13.7 12.3 2.5 2.5 2 0 1 4 4
84.9 -2082.4 -38.8 217 0 13.9 12.6 5.0 2.5 2 0 2 3 3
142.8 -2109.4 -38.8 5 0 11.0 20.3 7.5 2.5 2 1 3 0 0
85.2 -1953.8 -32.3 259 0 9.7 13.2 2.5 2.5 2 1 1 4 4
119.1 -1879.2 -37.2 92 0 8.4 8.2 7.5 2.5 2 0 3 2 2
186.1 -1982.6 -36.1 274 0 11.5 12.2 5.0 2.5 2 1 2 0 0
216.6 -2127.0 -38.0 347 0 11.7 12.4 7.5 2.5 2 1 3 5 5
281.2 -2080.3 -36.7 88 0 13.2 15.5 5.0 2.5 4 1 2 5 5
232.5 -1951.6 -37.5 267 0 15.1 12.5 2.5 2.5 2 0 1 5 5
226.2 -2004.3 -36.0 84 0 13.7 12.8 5.0 2.5 2 0 2 4 4
279.5 -1820.7 -42.6 249 0 9.8 11.9 5.0 2.5 2 1 2 3 3
293.4 -1850.7 -41.6 355 0 10.1 13.1 7.5 2.5 2 1 3 0 0
312.7 -1966.2 -37.6 88 0 9.6 12.1 7.5 2.5 2 1 3 2 2
411.6 -1983.8 -37.0 352 0 18.6 17.2 12.5 2.5 2 0 5 1 1
508.3 -2005.5 -40.6 168 0 12.8 15.9 5.0 2.5 2 1 2 3 3
405.7 -2132.9 -48.0 180 0 11.1 10.2 5.0 2.5 2 0 2 5 5
342.3 -1876.5 -40.6 267 0 13.3 15.9 5.0 2.5 2 1 2 3 3
530.2 -1885.2 -41.2 83 0 14.1 19.4 10.0 2.5 2 1 4 2 2
471.5 -1946.4 -38.3 0 0 11.7 13.7 5.0 2.5 2 1 2 0 0
340.2 -1961.1 -37.9 90 0 12.8 13.5 7.5 2.5 2 1 3 1 1
292.9 -1772.8 -44.7 1 0 18.8 15.7 10.0 2.5 2 0 4 2 2
-1059.6 -2268.1 -29.3 90 0 17.6 15.5 10.0 2.5 2 0 4 4 4
-5050.0 -938.1 -15.7 97 0 9.6 10.4 5.0 2.5 2 1 2 4 4
1912.3 -5540.7 -48.3 355 0 15.9 13.7 7.5 2.5 2 0 3 1 1
2333.2 -6042.9 -54.9 269 0 13.7 17.2 2.5 2.5 2 1 1 2 2
2073.5 -5364.3 -49.5 254 0 14.8 20.2 10.0 2.5 2 1 4 5 5
2096.5 -5429.0 -48.3 91 0 13.8 11.9 2.5 2.5 2 0 1 4 4
2007.8 -5335.0 -50.9 265 0 12.6 17.2 7.5 2.5 2 1 3 3 3
1868.4 -5575.4 -48.2 85 0 10.5 14.6 7.5 2.5 2 1 3 4 4
1888.0 -5573.8 -48.0 86 0 13.4 12.2 7.5 2.5 2 0 3 0 0
1889.4 -5550.9 -48.2 348 0 7.1 7.6 7.5 2.5 2 1 3 1 1
2062.2 -5328.0 -49.9 254 0 10.4 20.2 10.0 2.5 2 1 4 5 5
3655.3 -6030.2 -47.5 2 0 14.7 18.2 5.0 2.5 2 1 2 1 1
3665.6 -5925.7 -49.8 88 0 17.9 14.1 5.0 2.5 4 0 2 2 2
2935.3 -5170.4 -55.5 89 0 16.7 17.2 12.5 0.0 0 1 5 5 5
2963.9 -5142.7 -54.9 1 0 15.4 14.6 5.0 2.5 2 0 2 5 5
2006.3 -5751.3 -42.4 1 0 14.5 16.7 5.0 2.5 2 1 2 4 4
1529.8 -5452.9 -51.6 94 0 13.6 16.7 2.5 2.5 2 1 1 2 2
1573.1 -5402.4 -52.5 276 0 14.3 24.2 7.5 2.5 2 1 3 3 3
1763.7 -5440.7 -52.7 91 0 17.5 14.9 15.0 0.0 0 0 6 5 5
3308.9 -5081.1 -53.8 116 0 12.8 16.0 5.0 2.5 2 1 2 1 1
3457.9 -4916.1 -53.8 87 0 16.1 19.2 10.0 2.5 2 1 4 2 2
2378.9 -4842.0 -45.3 88 0 13.6 18.4 2.5 2.5 2 1 1 5 5
2148.9 -5422.5 -47.7 90 0 11.4 14.9 2.5 0.0 0 1 1 2 2
2152.3 -5497.4 -45.7 263 0 13.6 15.1 5.0 2.5 2 1 2 3 3
2123.9 -5531.0 -45.9 89 0 17.1 21.3 10.0 2.5 2 1 4 0 0
2129.6 -5391.0 -48.4 351 0 18.3 10.4 2.5 0.0 0 0 1 5 5
2111.0 -5319.8 -49.1 266 0 11.7 19.9 7.5 2.5 2 1 3 3 3
2717.3 -6055.0 -50.3 178 0 24.7 24.9 12.5 0.0 0 1 5 3 3
2788.1 -6093.3 -53.5 356 0 15.9 15.8 12.5 0.0 0 0 5 3 3
2796.7 -6150.3 -54.2 355 0 17.4 20.8 10.0 2.5 2 1 4 4 4
2748.8 -6170.8 -53.4 89 0 12.6 24.8 10.0 2.5 2 1 4 5 5
2740.4 -6130.0 -52.5 181 0 25.2 13.8 10.0 2.5 4 0 4 1 1
2829.9 -5949.2 -53.6 203 0 12.9 17.6 2.5 0.0 0 1 1 4 4
2933.3 -6140.6 -51.0 171 0 13.2 14.5 7.5 2.5 2 1 3 5 5
1549.8 -4870.5 -46.9 89 0 11.4 16.1 2.5 2.5 4 1 1 4 4
2809.2 -6668.5 -51.1 23 0 17.2 13.2 5.0 2.5 2 0 2 5 5
2815.0 -6689.3 -51.8 358 0 24.8 20.1 10.0 0.0 0 0 4 4 4
3841.9 -6320.9 -48.9 88 0 14.8 19.4 10.0 2.5 2 1 4 2 2
3735.8 -6305.1 -45.9 86 0 13.3 12.1 10.0 2.5 2 0 4 1 1
3022.5 -4873.6 -53.8 97 0 16.7 18.3 10.0 2.5 2 1 4 5 5
3304.5 -6625.0 -49.5 100 0 14.0 23.9 17.5 0.0 0 1 7 2 2
2790.1 -6647.6 -51.4 357 0 15.6 12.5 2.5 2.5 2 0 1 4 4
1573.4 -6339.8 -53.6 169 0 10.3 19.9 10.0 0.0 0 1 4 4 4
1617.4 -5579.8 -50.9 75 0 9.8 11.1 5.0 2.5 2 1 2 2 2
2907.5 -6742.6 -52.0 9 0 12.4 24.3 10.0 2.5 2 1 4 4 4
2909.9 -6698.4 -50.5 359 0 15.6 13.6 5.0 2.5 2 0 2 4 4
2718.0 -6673.1 -52.6 270 0 11.1 13.3 7.5 2.5 2 1 3 3 3
-3079.1 -859.9 -25.9 182 0 9.8 5.9 7.5 2.5 2 0 3 0 0
-3035.4 -825.8 -19.4 90 0 7.5 13.8 7.5 2.5 2 1 3 0 0
-3047.6 -803.5 -15.2 86 0 6.0 8.7 7.5 2.5 2 1 3 0 0
-3080.8 -774.0 -11.1 5 0 17.2 18.6 10.0 2.5 2 1 4 5 5
-3071.3 -744.6 -12.0 273 0 6.8 7.3 7.5 2.5 2 0 3 1 1
-3076.4 -724.6 -13.5 106 0 8.8 22.2 7.5 0.0 0 1 3 1 1
-3059.5 -778.6 -12.5 200 0 8.7 11.1 5.0 2.5 2 1 2 0 0
-3028.5 -764.0 -15.1 290 0 15.2 14.8 10.0 0.0 0 0 4 5 5
-2995.3 -778.1 -17.4 275 0 12.7 12.8 5.0 2.5 2 1 2 0 0
-3056.6 -724.6 -14.5 92 0 10.2 14.3 5.0 2.5 2 1 2 3 3
-3039.1 -737.4 -15.9 120 0 10.9 13.9 5.0 2.5 2 1 2 5 5
-3012.2 -737.3 -18.2 113 0 9.7 23.4 7.5 0.0 0 1 3 3 3
-3098.1 -690.2 -11.9 176 0 7.9 8.7 2.5 2.5 2 1 1 2 2
-3078.3 -679.2 -13.4 192 0 6.2 6.1 7.5 2.5 2 0 3 1 1
-3051.6 -628.8 -14.1 1 0 8.7 11.8 2.5 2.5 2 1 1 5 5
-3057.3 -604.3 -12.9 3 0 12.3 12.4 2.5 2.5 2 1 1 1 1
-3008.3 -685.6 -19.1 1 0 13.9 9.5 5.0 0.0 0 0 2 0 0
-3011.3 -638.4 -19.3 273 0 12.6 16.6 5.0 2.5 2 1 2 1 1
-2992.0 -744.4 -19.7 95 0 13.7 17.1 7.5 2.5 2 1 3 5 5
-2975.7 -744.5 -20.5 87 0 12.1 12.5 7.5 2.5 2 1 3 3 3
-2917.0 -797.9 -24.8 176 0 14.8 13.8 10.0 2.5 2 0 4 3 3
-2913.0 -684.2 -27.6 264 0 18.1 10.5 2.5 2.5 2 0 1 0 0
-2902.8 -696.4 -27.8 266 0 13.3 10.3 7.5 2.5 2 0 3 0 0
-2900.0 -741.7 -27.1 99 0 10.0 14.8 5.0 2.5 4 1 2 4 4
-2886.1 -736.6 -28.1 89 0 11.4 10.8 10.0 2.5 2 0 4 2 2
-2874.7 -748.4 -29.5 98 0 10.5 23.2 5.0 2.5 2 1 2 0 0
-2847.1 -708.7 -31.9 6 0 12.7 15.1 2.5 2.5 4 1 1 0 0
-2869.6 -660.2 -31.7 272 0 11.1 8.3 2.5 2.5 2 0 1 5 5
-2847.0 -663.4 -34.3 180 0 11.5 15.3 5.0 2.5 2 1 2 0 0
-2801.1 -644.1 -38.4 282 0 14.8 19.2 12.5 2.5 2 1 5 3 3
-2783.1 -700.3 -40.1 91 0 13.0 13.8 5.0 2.5 2 1 2 2 2
-2767.2 -737.8 -41.3 274 0 11.3 12.4 5.0 2.5 2 1 2 4 4
-2792.9 -787.8 -38.3 183 0 11.8 7.7 5.0 2.5 2 0 2 5 5
-2777.8 -885.7 -39.0 97 0 10.7 8.2 7.5 2.5 2 0 3 0 0
-2732.2 -715.2 -44.9 102 0 15.0 13.8 7.5 2.5 2 0 3 1 1
-3257.8 -629.7 3.6 102 0 13.9 13.6 10.0 2.5 2 0 4 2 2
-3255.5 -568.0 5.0 184 0 11.5 13.7 5.0 2.5 2 1 2 0 0
-3176.7 -545.3 0.2 87 0 11.3 11.3 5.0 0.0 0 0 2 5 5
-3218.3 -476.2 5.6 177 0 14.6 9.8 2.5 0.0 0 0 1 3 3
-3206.8 -518.9 4.0 94 0 9.2 12.0 7.5 2.5 2 1 3 3 3
-3267.5 -476.1 7.7 180 0 11.6 16.1 5.0 2.5 4 1 2 1 1
-3239.3 -373.7 10.2 184 0 14.2 9.5 7.5 2.5 2 0 3 5 5
-3179.2 -392.3 4.6 298 0 12.1 10.9 5.0 2.5 2 0 2 4 4
-3122.0 -453.8 -2.4 359 0 12.9 9.5 7.5 2.5 2 0 3 4 4
-3098.5 -505.7 -6.5 96 0 12.1 16.8 2.5 2.5 2 1 1 1 1
-3075.1 -496.5 -8.8 93 0 16.6 13.6 7.5 2.5 2 0 3 1 1
-3047.0 -438.6 -10.6 271 0 10.9 12.4 2.5 2.5 2 1 1 2 2
-3118.8 -391.8 -1.9 3 0 12.6 14.5 7.5 0.0 0 1 3 3 3
-3229.8 -314.4 8.8 200 0 12.1 14.0 5.0 2.5 2 1 2 3 3
-3213.3 -285.5 5.4 203 0 13.5 18.7 10.0 2.5 2 1 4 5 5
-3194.7 -232.5 3.1 179 0 8.5 15.0 7.5 2.5 2 1 3 2 2
-3161.9 -196.6 -1.3 180 0 13.0 11.0 7.5 2.5 2 0 3 1 1
-3102.3 -321.4 -6.2 90 0 9.6 14.2 7.5 2.5 4 1 3 1 1
-3063.8 -171.2 -13.0 277 0 15.3 14.3 7.5 2.5 2 0 3 5 5
-2996.0 -168.5 -20.0 354 0 13.7 16.0 5.0 0.0 0 1 2 1 1
-2945.3 -136.1 -27.4 87 0 10.8 9.3 2.5 2.5 4 0 1 3 3
-2560.2 -62.2 -31.6 4 0 14.4 10.6 5.0 2.5 2 0 2 4 4
-2575.7 -82.1 -34.1 6 0 9.6 9.1 2.5 0.0 0 0 1 1 1
-2576.9 -168.5 -37.7 7 0 14.5 8.3 5.0 2.5 2 0 2 0 0
-2355.0 -86.3 -4.6 183 0 17.8 17.9 12.5 2.5 2 1 5 4 4
-2337.9 -123.0 -4.4 88 0 11.4 11.1 5.0 2.5 2 0 2 0 0
-2396.3 -181.7 -14.5 93 0 13.0 14.3 5.0 2.5 2 1 2 5 5
-2375.2 -158.8 -11.1 90 0 15.5 11.9 10.0 2.5 2 0 4 5 5
-2316.9 -6.0 -1.3 272 0 10.1 10.4 7.5 2.5 2 1 3 0 0
-2326.2 -99.8 -1.6 90 0 10.6 10.5 2.5 2.5 2 0 1 1 1
-2268.6 -168.4 -1.9 98 0 12.4 16.1 5.0 0.0 0 1 2 0 0
-2272.2 -135.8 -1.8 92 0 11.3 15.6 10.0 2.5 2 1 4 1 1
-2245.1 -81.3 -1.6 1 0 10.1 14.1 7.5 2.5 2 1 3 0 0
-2277.7 -6.6 -1.3 276 0 8.3 4.9 5.0 2.5 2 0 2 2 2
-2208.9 -50.1 -1.6 359 0 15.2 14.9 5.0 2.5 2 0 2 3 3
-2172.1 -97.8 -1.8 0 0 17.8 13.1 5.0 2.5 2 0 2 4 4
-3143.6 -595.5 -5.1 186 0 9.9 10.9 7.5 2.5 2 1 3 4 4
-3213.4 -285.7 5.3 206 0 13.4 19.7 12.5 2.5 2 1 5 0 0
-3164.3 -352.0 2.9 295 0 16.5 29.4 10.0 2.5 2 1 4 2 2
-3153.0 -347.6 1.4 25 0 14.8 12.3 10.0 0.0 0 0 4 1 1
-3251.1 -283.4 10.5 176 0 13.6 17.5 10.0 2.5 2 1 4 5 5
-4176.5 809.9 5.7 328 0 16.7 29.3 10.0 0.0 0 1 4 5 5
-5579.8 79.4 24.1 92 0 9.9 8.6 7.5 2.5 2 0 3 5 5
-5569.3 85.3 23.7 173 0 7.5 9.6 7.5 2.5 2 1 3 5 5
-5572.3 129.1 22.0 260 0 12.8 12.2 7.5 0.0 0 0 3 4 4
-5509.8 117.6 22.3 0 0 10.9 11.3 5.0 2.5 2 1 2 3 3
-5494.9 163.4 21.9 274 0 11.6 11.4 5.0 2.5 2 0 2 1 1
-5471.2 12.1 16.4 172 0 6.2 8.7 7.5 0.0 0 1 3 1 1
-5398.7 13.0 12.2 82 0 12.0 10.5 5.0 2.5 2 0 2 4 4
-5388.6 162.1 15.9 334 0 18.6 12.7 5.0 2.5 2 0 2 3 3
6355.3 4810.0 -13.9 65 0 13.5 26.8 10.0 2.5 2 1 4 4 4
6270.8 4900.3 -8.7 173 0 13.4 16.2 12.5 2.5 2 1 5 2 2
6338.3 4810.9 -13.8 82 0 5.4 6.8 7.5 2.5 4 1 3 2 2
6333.6 4819.4 -13.5 84 0 12.3 4.1 2.5 2.5 2 0 1 4 4
6340.6 4864.6 -11.7 352 0 14.5 9.4 7.5 2.5 2 0 3 4 4
6275.5 4969.1 -5.1 245 0 16.9 12.4 5.0 2.5 2 0 2 1 1
6325.8 4933.8 -6.6 86 0 8.0 10.3 5.0 2.5 2 1 2 0 0
6315.1 5119.5 -11.3 349 0 10.2 12.4 7.5 2.5 2 1 3 3 3
6342.3 5076.0 -9.0 345 0 14.1 14.7 5.0 2.5 4 1 2 3 3
6371.0 5061.7 -8.0 359 0 12.3 12.2 10.0 2.5 2 0 4 5 5
6287.5 5120.7 -11.5 256 0 7.9 10.1 5.0 2.5 2 1 2 3 3
6293.6 5170.0 -13.5 251 0 9.6 25.9 7.5 0.0 0 1 3 0 0
6279.1 5175.9 -14.2 277 0 16.5 5.0 7.5 2.5 4 0 3 4 4
6358.1 5400.3 -11.1 89 0 9.1 9.3 2.5 2.5 2 1 1 0 0
6381.9 5423.9 -9.9 344 0 9.1 9.7 5.0 2.5 2 1 2 1 1
6334.5 5457.0 -9.0 174 0 8.6 13.6 7.5 2.5 2 1 3 4 4
6348.5 5414.6 -10.6 91 0 7.7 22.4 5.0 2.5 2 1 2 2 2
6376.9 5502.2 -6.1 348 0 11.0 15.2 2.5 2.5 2 1 1 0 0
6271.2 5592.6 0.0 166 0 8.6 8.7 2.5 2.5 2 1 1 0 0
6297.0 5574.4 -0.8 97 0 7.9 9.6 7.5 2.5 2 1 3 3 3
6312.4 5602.5 1.3 70 0 13.2 9.0 2.5 2.5 2 0 1 1 1
6351.5 5603.1 1.3 353 0 12.2 14.8 7.5 2.5 2 1 3 0 0
6340.4 5617.7 2.4 346 0 7.8 11.6 7.5 0.0 0 1 3 4 4
6285.6 5630.3 3.0 163 0 9.9 8.3 5.0 2.5 2 0 2 4 4
6317.6 5657.4 3.8 250 0 12.8 11.1 2.5 2.5 2 0 1 2 2
6373.8 5813.5 0.2 350 0 11.9 14.7 2.5 2.5 4 1 1 0 0
6402.7 5729.7 -2.8 354 0 13.4 13.6 5.0 2.5 2 1 2 1 1
6350.6 5868.1 2.7 52 0 13.4 15.2 5.0 2.5 2 1 2 2 2
6294.5 6052.1 9.5 189 0 9.7 13.2 5.0 2.5 2 1 2 2 2
6322.7 6074.1 10.0 5 0 16.2 10.9 5.0 2.5 2 0 2 3 3
6323.2 6154.1 10.6 115 0 6.4 7.8 5.0 2.5 4 1 2 5 5
6337.2 6141.5 9.6 177 0 5.9 9.8 5.0 2.5 2 1 2 2 2
6450.8 6099.7 7.9 54 0 8.5 15.9 7.5 2.5 2 1 3 0 0
6394.9 6033.7 7.4 68 0 20.5 11.4 7.5 2.5 2 0 3 1 1
6392.1 6206.9 7.9 202 0 12.4 14.9 5.0 2.5 4 1 2 2 2
6407.2 6200.6 7.2 204 0 11.9 14.6 5.0 2.5 4 1 2 0 0
6467.9 6224.1 5.5 326 0 16.2 21.8 12.5 2.5 2 1 5 4 4
6491.8 6230.5 4.4 303 0 13.9 12.8 5.0 2.5 2 0 2 4 4
6485.9 6288.6 5.4 47 0 10.2 10.6 5.0 2.5 2 1 2 1 1
6500.6 6318.6 5.2 12 0 18.9 19.9 7.5 0.0 0 1 3 4 4
6433.7 6349.1 7.8 272 0 18.1 11.9 7.5 2.5 2 0 3 4 4
6467.9 6362.7 6.7 264 0 11.6 10.5 2.5 2.5 2 0 1 4 4
6337.8 6238.3 10.5 211 0 13.1 11.7 7.5 2.5 2 0 3 2 2
6386.4 6284.2 9.0 209 0 13.0 12.1 2.5 2.5 2 0 1 3 3
6288.4 6367.6 4.5 11 0 10.4 12.3 5.0 2.5 2 1 2 4 4
6281.6 6440.6 6.3 270 0 12.5 19.7 5.0 2.5 2 1 2 0 0
6292.8 6437.1 6.1 181 0 6.5 14.1 5.0 2.5 2 1 2 4 4
6377.7 6442.9 9.2 18 0 12.5 16.0 5.0 2.5 2 1 2 5 5
6346.7 6479.1 6.8 275 0 11.6 11.8 2.5 2.5 2 1 1 0 0
6307.6 6499.8 8.3 182 0 9.9 13.1 5.0 2.5 2 1 2 4 4
2993.8 -21.7 -24.9 111 0 28.3 22.6 12.5 0.0 0 0 5 3 3
3327.2 80.0 -21.1 344 0 46.5 43.5 10.0 0.0 0 0 4 2 2
3744.8 641.7 -20.6 143 0 9.9 16.1 7.0 2.5 4 1 2 5 5
-5231.5 -5923.6 0.5 93 0 10.1 24.8 15.0 0.0 0 1 6 0 0
6099.1 5452.3 -12.5 87 0 12.1 16.0 5.0 2.5 2 1 2 0 0
6114.5 5453.4 -12.3 83 0 11.3 16.4 7.5 2.5 2 1 3 2 2
6079.0 5516.2 -9.1 271 0 18.6 16.4 12.5 2.5 2 0 5 3 3
6147.8 5446.9 -13.1 3 0 16.8 20.7 10.0 2.5 2 1 4 2 2
4805.3 6548.5 -41.6 270 0 13.4 13.6 5.0 2.5 2 1 2 1 1
4812.8 6522.8 -40.2 355 0 14.3 12.0 5.0 2.5 2 0 2 2 2
4775.5 6523.6 -40.9 177 0 17.6 17.5 12.5 2.5 2 0 5 0 0
4807.2 6491.8 -38.3 359 0 15.5 17.7 10.0 2.5 2 1 4 1 1
5869.4 4565.0 -3.3 348 0 18.6 17.2 7.5 2.5 2 0 3 1 1
5873.2 4530.7 -2.4 76 0 15.0 18.8 7.5 2.5 4 1 3 4 4
5943.5 4401.9 -3.1 123 0 15.4 21.5 7.5 2.5 2 1 3 5 5
6021.7 4531.5 -5.9 88 0 14.9 16.7 7.5 2.5 4 1 3 2 2
6129.6 4239.3 -3.4 114 0 27.2 31.0 10.0 0.0 0 1 4 5 5
6487.0 4844.7 -11.5 79 0 13.5 15.3 5.0 0.0 0 1 2 0 0
6495.6 4960.2 -7.3 266 0 15.0 14.1 5.0 2.5 2 0 2 1 1
5929.8 5229.7 -15.4 165 0 27.4 23.7 10.0 0.0 0 0 4 3 3
5964.5 5287.3 -16.3 349 0 17.1 19.3 10.0 2.5 2 1 4 0 0
5508.1 -973.4 -30.8 262 0 14.6 14.1 5.0 2.5 2 0 2 4 4
5476.6 -1164.9 -35.1 166 0 7.3 15.9 2.5 2.5 2 1 1 4 4
5481.5 -836.9 -29.7 94 0 13.1 14.4 2.5 0.0 0 1 1 5 5
5532.0 -867.2 -32.7 294 0 10.0 11.3 5.0 2.5 2 1 2 0 0
341.9 -3542.9 -30.9 187 0 18.9 9.4 5.0 2.5 2 0 2 2 2
-142.3 -1845.2 -27.3 93 0 7.7 5.8 7.5 2.5 2 0 3 0 0
-137.7 -1905.5 -33.0 138 0 10.4 7.3 2.5 2.5 2 0 1 3 3
-159.6 -1893.1 -30.9 118 0 14.7 4.7 2.5 2.5 2 0 1 4 4
-47.1 -1964.6 -38.3 270 0 8.9 9.8 5.0 2.5 2 1 2 5 5
-136.3 -1921.0 -35.2 286 0 13.0 16.1 7.5 2.5 2 1 3 4 4
68.1 -1957.5 -31.4 265 0 12.3 10.4 5.0 2.5 2 0 2 0 0
-67.3 -1721.8 -32.0 109 0 11.8 16.8 5.0 2.5 2 1 2 4 4
-144.9 -1714.2 -27.4 88 0 10.3 14.7 10.0 2.5 2 1 4 3 3
-163.8 -1833.3 -26.0 93 0 7.5 7.0 5.0 2.5 2 0 2 1 1
-206.2 -1900.2 -30.1 270 0 13.4 15.9 7.5 2.5 2 1 3 2 2
-172.7 -1589.3 -27.2 265 0 13.2 17.4 10.0 2.5 2 1 4 5 5
-223.5 -1844.5 -24.3 80 0 14.9 15.8 5.0 2.5 2 1 2 0 0
-204.4 -1509.5 -28.0 260 0 12.9 20.0 12.5 2.5 4 1 5 0 0
-102.5 -1695.3 -30.0 83 0 10.1 10.3 7.5 2.5 2 1 3 0 0
78.0 -1703.3 -39.9 347 0 14.3 19.9 12.5 2.5 2 0 5 3 3
-267.6 -1553.8 -25.6 102 0 9.5 7.8 5.0 2.5 2 0 2 4 4
-401.7 -1730.3 -21.6 77 0 12.2 15.8 5.0 2.5 2 0 2 1 1
-392.7 -1729.6 -21.9 101 0 7.2 24.3 7.5 2.5 2 0 3 5 5
-193.4 -1367.2 -37.6 98 0 14.5 16.0 5.0 2.5 2 1 2 2 2
-364.8 -1596.8 -23.7 183 0 10.7 17.4 5.0 2.5 2 1 2 3 3
-122.7 -1399.0 -41.3 24 0 10.7 10.0 2.5 2.5 2 0 1 3 3
-321.6 -1613.4 -23.9 277 0 13.7 14.1 5.0 0.0 0 1 2 2 2
-365.1 -1503.7 -23.7 91 0 13.0 41.3 7.5 2.5 2 1 3 1 1
-340.6 -1535.2 -24.3 182 0 10.9 15.9 7.5 2.5 4 1 3 0 0
-396.1 -1588.0 -23.2 94 0 18.1 12.7 5.0 2.5 2 0 2 0 0
-311.1 -1535.4 -24.7 162 0 11.0 16.7 5.0 2.5 2 1 2 0 0
-351.0 -1398.8 -25.4 75 0 8.1 12.9 5.0 2.5 2 1 2 1 1
-325.0 -1326.2 -27.4 259 0 17.8 15.5 10.0 0.0 0 0 4 4 4
-227.3 -1302.8 -34.7 321 0 6.2 15.8 5.0 2.5 2 1 2 4 4
-290.8 -1522.9 -24.9 173 0 8.2 9.2 7.5 2.5 2 1 3 3 3
6232.1 -2536.4 -27.6 272 0 15.7 13.5 7.5 2.5 2 0 3 5 5
6187.5 -2597.8 -24.7 180 0 19.1 14.8 7.5 2.5 2 0 3 5 5
6164.6 -2633.2 -25.9 175 0 16.8 18.6 15.0 0.0 0 1 6 5 5
5851.8 -2825.5 -40.7 86 0 18.5 12.7 10.0 2.5 2 0 4 0 0
5705.7 -2791.1 -45.3 85 0 15.0 21.6 15.0 0.0 0 1 6 4 4
5728.6 -2551.4 -32.3 94 0 20.9 18.3 10.0 2.5 2 0 4 3 3
5883.8 -2507.9 -25.4 88 0 9.2 12.8 7.5 2.5 2 1 3 0 0
6159.2 -2815.2 -33.3 90 0 15.0 14.3 7.5 2.5 2 0 3 3 3
5961.2 -2821.1 -37.4 171 0 12.3 11.2 5.0 2.5 2 0 2 3 3
6004.4 -2783.4 -35.3 269 0 15.6 16.4 10.0 2.5 2 1 4 5 5
6078.4 -2715.9 -30.9 357 0 11.4 14.4 2.5 2.5 2 1 1 1 1
5635.4 -2758.9 -43.4 272 0 13.3 21.9 12.5 2.5 2 1 5 3 3
5467.8 -2627.5 -43.3 82 0 10.9 15.4 2.5 2.5 2 1 1 5 5
5364.7 -2629.1 -44.5 182 0 10.4 19.6 12.5 2.5 4 1 5 3 3
5288.6 -2744.3 -36.7 268 0 19.1 24.8 10.0 0.0 0 1 4 4 4
5008.2 -2969.7 -37.5 180 0 14.0 16.9 5.0 2.5 2 1 2 1 1
5123.8 -2945.3 -35.2 272 0 15.8 9.4 7.5 2.5 2 0 3 0 0
4977.4 -2705.9 -40.6 86 0 11.9 25.6 15.0 0.0 0 1 6 3 3
5065.7 -3033.5 -36.2 276 0 6.8 10.1 7.5 2.5 2 1 3 0 0
5075.0 -3019.6 -36.0 270 0 7.5 22.5 5.0 2.5 2 1 2 4 4
5075.1 -3085.9 -36.1 0 0 11.0 13.4 5.0 2.5 2 1 2 2 2
5078.2 -3052.5 -36.1 354 0 12.9 14.4 2.5 2.5 2 1 1 2 2
5192.7 -3178.2 -41.3 89 0 14.1 10.9 7.5 2.5 2 0 3 1 1
5169.9 -3353.4 -48.4 92 0 17.6 12.9 5.0 0.0 0 0 2 2 2
5142.9 -3285.0 -44.8 295 0 13.1 15.9 7.5 0.0 0 1 3 3 3
5368.5 -3346.3 -55.3 197 0 6.2 17.4 2.5 2.5 2 0 1 0 0
5384.8 -3324.0 -55.1 270 0 11.8 22.0 10.0 2.5 2 0 4 1 1
5246.7 -3436.9 -55.6 88 0 9.2 12.7 5.0 2.5 2 1 2 1 1
4875.7 -3359.8 -40.4 359 0 15.6 11.8 7.5 2.5 2 0 3 0 0
4880.5 -3453.7 -42.9 74 0 13.0 17.4 5.0 2.5 2 1 2 4 4
4719.9 -3484.2 -46.5 185 0 4.8 12.0 5.0 2.5 2 1 2 0 0
4589.8 -3480.8 -54.7 267 0 10.6 11.6 5.0 2.5 2 1 2 1 1
4644.9 -3512.5 -51.5 90 0 9.7 11.2 2.5 2.5 2 1 1 3 3
4760.0 -3476.6 -45.5 353 0 13.3 18.8 10.0 2.5 2 1 4 5 5
4912.9 -3328.0 -39.0 89 0 15.6 13.2 2.5 0.0 0 0 1 4 4
4998.1 -3258.0 -38.3 88 0 12.7 11.3 7.5 0.0 0 0 3 4 4
4752.3 -3073.3 -41.4 90 0 23.9 14.8 7.5 2.5 2 0 3 0 0
4797.9 -3293.4 -40.1 173 0 11.2 13.1 7.5 2.5 2 1 3 0 0
4927.1 -3171.3 -39.0 89 0 16.8 12.4 7.5 2.5 2 0 3 5 5
4888.2 -3053.8 -40.1 91 0 13.5 15.9 7.5 2.5 2 1 3 1 1
4887.2 -3022.6 -40.6 359 0 9.7 27.0 7.5 0.0 0 1 3 0 0
4923.8 -2907.9 -39.9 2 0 10.6 17.1 2.5 2.5 2 1 1 0 0
4715.9 -3030.1 -41.7 86 0 6.1 9.8 2.5 2.5 2 1 1 0 0
4709.5 -2834.8 -42.5 273 0 13.6 9.4 2.5 2.5 2 0 1 1 1
4685.8 -2853.3 -42.6 81 0 13.9 11.2 2.5 2.5 2 0 1 3 3
4564.1 -2823.4 -48.2 329 0 13.2 8.7 5.0 2.5 2 0 2 1 1
4608.0 -2893.0 -43.5 354 0 21.5 21.5 10.0 2.5 2 1 4 2 2
4551.3 -3035.7 -42.5 90 0 12.4 14.3 5.0 2.5 2 1 2 0 0
4477.2 -2948.9 -47.0 168 0 10.4 56.2 10.0 2.5 2 1 4 2 2
4483.0 -2969.6 -45.8 175 0 15.3 16.3 12.5 2.5 2 1 5 2 2
4373.7 -3040.3 -46.9 269 0 24.3 27.4 10.0 0.0 0 1 4 4 4
4274.2 -3190.4 -43.0 175 0 17.0 22.0 7.5 2.5 2 1 3 5 5
4254.7 -3267.4 -43.2 92 0 11.0 11.9 7.5 0.0 0 1 3 1 1
4323.8 -3254.2 -46.5 0 0 7.7 11.7 5.0 2.5 2 1 2 2 2
4240.2 -3347.7 -45.0 79 0 11.9 10.2 7.5 2.5 2 0 3 1 1
4328.2 -3452.0 -52.5 87 0 9.5 12.4 7.5 2.5 4 1 3 4 4
4191.5 -3575.3 -49.0 181 0 8.9 25.2 5.0 2.5 2 1 2 3 3
4133.8 -3516.7 -44.4 351 0 12.4 15.7 7.5 2.5 2 1 3 3 3
4148.1 -3709.7 -47.2 187 0 8.7 18.5 5.0 2.5 2 1 2 5 5
4032.7 -3568.8 -46.2 7 0 16.0 16.9 7.5 0.0 0 1 3 0 0
4036.9 -3731.3 -49.0 268 0 13.7 12.3 2.5 2.5 2 0 1 5 5
3897.3 -3410.7 -51.8 92 0 14.4 21.9 7.5 2.5 2 1 3 0 0
3966.3 -3594.1 -46.1 175 0 15.1 10.6 5.0 2.5 2 0 2 0 0
3904.2 -3624.2 -45.4 89 0 6.5 15.8 5.0 2.5 2 1 2 2 2
4081.8 -3644.1 -44.9 90 0 13.4 16.0 5.0 2.5 4 1 2 4 4
4056.0 -3530.3 -46.1 273 0 13.0 18.7 5.0 2.5 2 1 2 1 1
4055.7 -3735.8 -46.7 96 0 11.4 6.4 2.5 2.5 2 0 1 3 3
5399.7 -3959.1 -39.7 88 0 16.0 13.8 7.5 2.5 2 0 3 5 5
5464.2 -4111.6 -42.6 90 0 11.3 12.7 2.5 2.5 2 1 1 5 5
5797.3 -4124.9 -48.1 90 0 9.1 9.9 5.0 2.5 2 1 2 2 2
5704.3 -4195.6 -42.2 125 0 15.2 21.2 10.0 0.0 0 1 4 1 1
5806.4 -4314.4 -51.3 10 0 14.2 21.0 10.0 2.5 2 1 4 3 3
6114.9 -3142.7 -35.6 94 0 18.2 12.9 2.5 2.5 2 0 1 5 5
6117.9 -2987.1 -38.6 88 0 12.5 11.0 5.0 2.5 2 0 2 2 2
6087.3 -2788.8 -33.9 5 0 22.1 18.5 15.0 0.0 0 0 6 2 2
6091.1 -2905.2 -38.5 353 0 13.7 17.1 10.0 2.5 2 1 4 4 4
6041.2 -3118.2 -43.2 93 0 14.3 21.5 12.5 0.0 0 1 5 2 2
6008.0 -3048.5 -47.7 270 0 11.7 15.1 5.0 2.5 2 1 2 5 5
6071.0 -3241.6 -35.7 265 0 12.9 13.3 7.5 2.5 2 1 3 1 1
6146.6 -3682.7 -35.0 1 0 28.8 18.8 10.0 2.5 2 0 4 4 4
5998.7 -3717.0 -48.8 90 0 13.4 31.5 10.0 2.5 2 1 4 2 2
6165.8 -3430.3 -20.3 97 0 10.8 10.0 7.5 0.0 0 0 3 2 2
6257.3 -3595.4 -26.9 356 0 52.8 15.5 10.0 2.5 2 0 4 5 5
6201.0 -3721.8 -40.2 0 0 14.1 8.8 2.5 2.5 2 0 1 4 4
6041.9 -2915.2 -39.4 95 0 15.3 13.9 7.5 2.5 2 0 3 4 4
6241.0 -3137.4 -5.1 182 0 8.2 15.9 2.5 2.5 2 1 1 0 0
6040.6 -2453.4 -27.6 175 0 21.6 23.4 10.0 2.5 2 1 4 0 0
5006.1 -1638.5 -39.1 265 0 10.5 10.4 7.5 2.5 2 0 3 2 2
4984.2 -1746.2 -39.8 0 0 7.5 8.4 5.0 2.5 2 1 2 3 3
5082.1 -1575.1 -40.0 12 0 23.8 23.4 12.5 2.5 2 0 5 5 5
5103.0 -1692.7 -44.2 179 0 11.1 13.1 5.0 0.0 0 1 2 4 4
5062.4 -1715.3 -41.6 310 0 17.2 28.5 12.5 0.0 0 1 5 3 3
4956.1 -1798.3 -40.8 180 0 9.5 9.4 5.0 2.5 2 0 2 2 2
4741.4 -526.3 -33.5 268 0 21.4 20.2 10.0 2.5 2 0 4 0 0
4791.5 -548.6 -31.5 92 0 11.1 20.4 10.0 0.0 0 1 4 1 1
4824.1 -534.6 -30.6 354 0 13.1 12.8 5.0 0.0 0 0 2 1 1
4835.2 -564.9 -30.1 88 0 8.6 9.8 5.0 2.5 2 1 2 4 4
4958.4 -281.5 -30.6 96 0 7.9 13.4 5.0 2.5 2 1 2 1 1
4978.5 -274.0 -32.8 129 0 8.0 13.6 5.0 2.5 2 1 2 2 2
4820.4 -110.1 -37.3 187 0 9.6 15.5 7.5 2.5 2 1 3 5 5
-875.2 -5996.4 -26.4 180 0 10.7 10.8 2.5 2.5 2 1 1 4 4
-820.3 -6013.1 -29.4 86 0 8.0 20.6 7.5 2.5 2 1 3 1 1
-859.5 -5968.3 -26.8 194 0 5.9 11.1 7.5 2.5 2 1 3 0 0
-876.8 -5932.7 -29.6 353 0 11.4 12.1 2.5 2.5 2 1 1 2 2
-831.7 -5957.0 -28.5 175 0 19.5 10.8 2.5 2.5 2 0 1 5 5
-831.2 -5834.7 -30.9 168 0 12.8 31.6 12.5 2.5 2 1 5 1 1
-803.0 -5911.3 -30.4 177 0 15.8 16.7 12.5 2.5 2 1 5 0 0
-859.6 -5885.7 -31.3 357 0 11.0 13.7 7.5 2.5 2 1 3 1 1
-860.5 -5779.3 -33.7 360 0 15.1 14.3 2.5 2.5 2 0 1 5 5
-803.3 -5748.0 -33.7 176 0 15.5 19.2 10.0 2.5 2 1 4 3 3
-881.4 -5751.2 -34.8 175 0 10.4 15.8 5.0 2.5 2 1 2 5 5
-800.6 -5947.6 -30.3 180 0 12.2 13.5 5.0 2.5 2 1 2 3 3
-751.4 -5960.8 -32.6 355 0 16.8 12.9 2.5 2.5 4 0 1 0 0
-3268.4 1718.3 -26.8 15 0 42.4 28.9 7.5 0.0 0 0 3 0 0
-2464.3 1635.3 18.0 97 0 21.9 39.5 10.0 0.0 0 1 4 3 3
1298.3 5836.0 15.0 99 0 26.6 27.9 10.0 0.0 0 1 4 0 0
-1824.7 5707.8 32.8 99 0 12.8 27.7 12.5 0.0 0 1 5 2 2
-3017.4 1573.9 -12.0 347 0 56.4 43.8 12.5 0.0 0 0 5 2 2
238.3 5283.9 42.6 262 0 12.2 14.7 5.0 2.5 2 1 2 4 4
-1844.6 5729.9 36.6 180 0 11.4 10.9 5.0 2.5 2 0 2 3 3
-3680.3 2107.9 0.5 115 0 30.6 42.0 12.5 0.0 0 1 5 2 2
-1040.7 5077.6 -10.1 83 0 9.7 51.0 7.5 2.5 2 0 3 0 0
197.4 -3828.7 -28.0 180 0 6.1 17.3 2.5 2.5 2 1 1 0 0
257.0 -3692.9 -27.2 178 0 10.6 12.6 5.0 2.5 2 1 2 2 2
236.5 -4014.9 -28.8 268 0 8.9 12.9 2.5 2.5 4 1 1 4 4
112.6 -4162.0 -31.2 178 0 12.0 9.0 2.5 2.5 2 0 1 3 3
128.2 -3444.4 -33.5 275 0 8.6 19.3 7.5 0.0 0 1 3 3 3
120.4 -3373.7 -31.4 178 0 15.2 14.6 7.5 2.5 2 0 3 0 0
164.6 -3354.1 -29.7 2 0 11.1 19.8 5.0 2.5 2 1 2 3 3
1061.5 -3545.6 -42.1 177 0 18.1 22.5 12.5 0.0 0 1 5 3 3
409.7 -5118.0 -37.1 89 0 11.6 14.1 2.5 2.5 2 1 1 3 3
443.8 -5079.5 -38.3 353 0 8.2 11.8 7.5 2.5 2 1 3 0 0
154.6 -6329.9 -51.4 266 0 12.5 13.5 5.0 0.0 0 1 2 1 1
113.4 -6424.4 -51.4 359 0 14.3 19.4 10.0 2.5 2 1 4 1 1
60.5 -6607.8 -45.3 358 0 16.1 12.7 5.0 0.0 0 0 2 3 3
-826.5 -5873.4 -29.2 175 0 11.3 11.4 5.0 2.5 2 1 2 1 1
-771.8 -5933.4 -31.4 20 0 10.4 13.5 7.5 2.5 2 1 3 5 5
-715.9 -5891.6 -35.1 12 0 11.1 10.8 5.0 0.0 0 0 2 3 3
-699.8 -5944.0 -36.8 180 0 8.3 11.7 7.5 2.5 2 1 3 4 4
-777.8 -5808.7 -33.4 181 0 13.3 10.1 7.5 2.5 4 0 3 0 0
-822.6 -5796.5 -31.1 179 0 11.7 12.1 7.5 2.5 2 1 3 5 5
-663.4 -5858.3 -38.9 89 0 13.3 12.4 5.0 2.5 2 0 2 2 2
-612.8 -5801.3 -42.3 342 0 11.1 12.0 7.5 2.5 2 1 3 0 0
-595.6 -5841.3 -43.4 86 0 10.0 13.7 5.0 2.5 4 1 2 4 4
-556.5 -5799.7 -45.7 358 0 9.6 12.0 7.5 2.5 2 1 3 2 2
-544.0 -5879.5 -47.8 106 0 14.1 21.6 15.0 0.0 0 1 6 0 0
-777.4 -5773.3 -34.3 182 0 8.8 13.4 5.0 2.5 4 1 2 4 4
-809.7 -5768.3 -32.4 180 0 11.3 10.2 2.5 2.5 2 0 1 2 2
-799.3 -5706.8 -34.5 208 0 22.3 21.3 15.0 0.0 0 0 6 2 2
-766.8 -5705.6 -36.3 187 0 9.3 12.2 7.5 2.5 2 1 3 4 4
-727.6 -5713.6 -38.2 180 0 9.3 10.4 5.0 2.5 2 1 2 1 1
-864.9 -5810.3 -33.2 0 0 13.8 12.0 2.5 2.5 2 0 1 0 0
-893.3 -5839.3 -33.8 177 0 11.7 12.4 7.5 2.5 2 1 3 2 2
-836.0 -5780.3 -31.7 2 0 12.3 11.6 5.0 2.5 2 0 2 5 5
-821.5 -5692.3 -32.8 2 0 19.2 13.4 7.5 2.5 2 0 3 4 4
-879.4 -5655.1 -36.7 179 0 21.0 15.5 12.5 2.5 2 0 5 3 3
-893.3 -5620.4 -38.3 180 0 13.3 18.1 10.0 2.5 2 1 4 3 3
-871.7 -5602.5 -38.0 3 0 9.5 12.0 7.5 2.5 4 1 3 5 5
-710.3 -5838.0 -36.6 90 0 11.6 12.5 2.5 2.5 2 1 1 5 5
-688.3 -5751.7 -39.1 4 0 8.6 11.7 7.5 2.5 2 1 3 0 0
-683.4 -5699.4 -40.6 3 0 19.3 14.0 12.5 2.5 2 0 5 0 0
-775.7 -5677.4 -36.5 170 0 19.1 14.4 15.0 0.0 0 0 6 4 4
-743.6 -5643.4 -38.8 175 0 12.2 10.2 7.5 2.5 2 0 3 3 3
-732.5 -5665.2 -39.2 177 0 14.6 12.9 2.5 0.0 0 0 1 5 5
-856.2 -5624.0 -36.2 3 0 10.4 9.1 5.0 2.5 2 0 2 5 5
-875.4 -5544.5 -36.2 2 0 14.3 9.5 7.5 2.5 2 0 3 2 2
-818.1 -5582.1 -36.0 180 0 17.8 12.4 2.5 2.5 2 0 1 4 4
-814.6 -5605.4 -35.4 180 0 8.6 9.3 5.0 2.5 2 1 2 3 3
-808.4 -5631.9 -35.4 180 0 13.1 10.7 5.0 2.5 2 0 2 3 3
-846.2 -5514.2 -35.5 177 0 12.9 12.6 7.5 2.5 2 0 3 4 4
-864.8 -5490.7 -34.7 181 0 14.6 10.4 5.0 2.5 2 0 2 5 5
-814.6 -5438.3 -38.9 176 0 15.0 11.6 7.5 2.5 2 0 3 4 4
-767.2 -5463.9 -41.2 4 0 16.8 13.3 5.0 2.5 2 0 2 4 4
-751.6 -5481.2 -41.9 355 0 11.4 9.2 5.0 0.0 0 0 2 2 2
-754.3 -5493.4 -41.5 2 0 9.2 6.9 7.5 2.5 2 0 3 1 1
-832.6 -5489.0 -36.7 178 0 11.1 10.3 5.0 2.5 4 0 2 3 3
-912.2 -5398.9 -34.0 170 0 7.4 7.4 5.0 2.5 2 0 2 3 3
-924.1 -5364.9 -33.8 166 0 10.7 6.6 5.0 2.5 2 0 2 5 5
-886.6 -5379.7 -34.6 182 0 12.9 10.4 5.0 2.5 2 0 2 1 1
-882.4 -5296.6 -36.8 181 0 15.9 13.0 7.5 2.5 2 0 3 1 1
-816.2 -5327.8 -40.4 270 0 10.1 14.2 7.5 2.5 2 1 3 0 0
-796.0 -5284.5 -42.9 1 0 11.2 13.8 7.5 2.5 2 1 3 2 2
-733.4 -5403.7 -44.7 359 0 11.8 16.5 7.5 2.5 2 1 3 5 5
-769.8 -5315.0 -44.4 272 0 9.1 10.1 5.0 2.5 2 1 2 2 2
-744.2 -5307.7 -46.8 266 0 13.6 12.6 2.5 2.5 2 0 1 0 0
-712.3 -5541.7 -43.7 355 0 10.5 10.9 5.0 2.5 2 1 2 1 1
-682.2 -5534.4 -46.0 354 0 12.9 15.4 5.0 2.5 2 1 2 4 4
-628.7 -5753.2 -42.5 359 0 7.2 7.9 2.5 2.5 2 1 1 2 2
-376.3 -5922.1 -50.4 272 0 14.7 11.0 2.5 2.5 2 0 1 2 2
-826.2 -5255.2 -41.2 359 0 10.2 13.2 2.5 2.5 2 1 1 4 4
-857.5 -5209.1 -40.6 184 0 18.0 13.8 7.5 2.5 2 0 3 3 3
-847.1 -5173.1 -41.4 177 0 13.4 10.3 5.0 2.5 2 0 2 0 0
-830.6 -5142.6 -43.3 187 0 13.5 11.3 2.5 2.5 2 0 1 4 4
-801.4 -5187.6 -45.1 88 0 10.6 18.1 5.0 2.5 2 1 2 2 2
-845.9 -5102.7 -42.2 183 0 15.8 12.9 5.0 2.5 2 0 2 2 2
-880.6 -5026.4 -38.8 178 0 9.1 7.0 2.5 2.5 2 0 1 2 2
-838.2 -5024.5 -42.3 268 0 5.6 12.0 5.0 2.5 2 1 2 5 5
-810.8 -5043.4 -45.0 269 0 9.7 13.6 7.5 2.5 2 1 3 2 2
-766.3 -5140.8 -48.1 356 0 12.6 9.9 7.5 2.5 2 0 3 5 5
-793.8 -5023.1 -46.3 360 0 13.3 11.6 5.0 2.5 2 0 2 4 4
-854.7 -4949.1 -42.4 184 0 13.5 14.9 2.5 2.5 2 1 1 0 0
-882.6 -4908.7 -39.7 177 0 14.8 11.9 2.5 2.5 2 0 1 0 0
-881.8 -4876.6 -39.7 179 0 14.5 8.8 7.5 2.5 2 0 3 2 2
-796.3 -4823.9 -44.7 94 0 10.6 10.9 10.0 2.5 2 1 4 4 4
-788.4 -4895.3 -46.3 89 0 6.0 9.1 7.5 2.5 2 1 3 5 5
-762.8 -5196.2 -48.1 82 0 5.7 9.0 7.5 0.0 0 1 3 2 2
-892.6 -5318.3 -35.6 203 0 17.0 19.9 12.5 2.5 2 1 5 2 2
-662.0 -5616.2 -44.8 355 0 12.2 13.0 5.0 0.0 0 1 2 1 1
-432.7 -5875.3 -51.4 178 0 8.9 6.3 7.5 2.5 4 0 3 3 3
-300.9 -5927.9 -49.9 264 0 17.8 11.3 2.5 0.0 0 0 1 3 3
-286.0 -5882.3 -49.6 273 0 11.2 11.8 5.0 2.5 2 1 2 0 0
-249.5 -5997.9 -50.5 90 0 13.6 16.6 10.0 2.5 2 1 4 3 3
-191.9 -6000.4 -50.7 93 0 11.9 10.3 7.5 2.5 2 0 3 0 0
200.5 -5971.9 -48.8 90 0 15.2 15.8 7.5 2.5 2 1 3 3 3
226.1 -5975.8 -49.0 92 0 16.2 13.6 5.0 2.5 2 0 2 0 0
244.4 -5941.1 -47.2 356 0 11.1 18.9 7.5 2.5 2 1 3 2 2
241.3 -5888.4 -45.7 182 0 16.1 11.8 5.0 0.0 0 0 2 3 3
200.0 -5919.4 -47.0 268 0 10.8 13.7 2.5 2.5 2 1 1 5 5
129.7 -5937.4 -48.2 84 0 9.5 15.3 7.5 2.5 2 1 3 4 4
90.7 -5869.8 -47.8 275 0 13.7 12.6 10.0 0.0 0 0 4 1 1
263.7 -5609.9 -45.5 354 0 11.5 9.8 7.5 2.5 2 0 3 3 3
284.0 -5542.1 -46.4 359 0 15.0 11.1 5.0 2.5 2 0 2 0 0
289.9 -5626.7 -44.0 360 0 10.5 9.1 5.0 2.5 2 0 2 4 4
224.8 -5412.9 -51.3 91 0 11.7 11.3 7.5 2.5 4 0 3 0 0
211.6 -5370.2 -50.7 182 0 8.5 11.4 7.5 2.5 2 1 3 2 2
237.3 -5368.1 -49.6 91 0 10.9 14.0 5.0 2.5 2 1 2 4 4
244.4 -5342.0 -48.6 88 0 8.9 11.4 2.5 2.5 2 1 1 4 4
217.0 -5322.9 -49.4 185 0 11.3 9.3 7.5 0.0 0 0 3 2 2
188.9 -5335.9 -51.0 182 0 8.9 11.9 5.0 2.5 4 1 2 0 0
260.5 -5307.2 -47.6 359 0 17.9 11.9 7.5 2.5 2 0 3 3 3
229.4 -5279.0 -47.8 181 0 14.4 20.0 12.5 2.5 4 1 5 1 1
290.4 -5290.9 -45.7 3 0 10.9 12.6 5.0 2.5 2 1 2 2 2
275.8 -5276.2 -46.1 346 0 10.3 13.1 7.5 2.5 2 1 3 2 2
280.7 -5231.3 -45.0 3 0 15.5 16.1 7.5 2.5 2 1 3 2 2
273.4 -5256.9 -45.9 1 0 14.6 15.5 5.0 2.5 4 1 2 3 3
206.7 -5271.6 -48.6 177 0 9.6 10.8 5.0 2.5 2 1 2 1 1
195.9 -5223.3 -48.0 180 0 9.2 13.6 7.5 0.0 0 1 3 1 1
274.4 -5207.1 -44.5 274 0 16.9 13.7 5.0 0.0 0 0 2 5 5
293.2 -5232.8 -43.9 359 0 11.9 7.1 2.5 2.5 2 0 1 1 1
123.1 -5164.6 -49.8 265 0 8.7 11.1 7.5 2.5 4 1 3 1 1
172.3 -5119.4 -46.6 16 0 13.3 14.5 7.5 2.5 2 1 3 4 4
135.8 -5104.7 -47.2 184 0 15.8 10.1 2.5 2.5 2 0 1 5 5
249.7 -5120.1 -43.0 182 0 11.9 12.6 7.5 2.5 2 1 3 0 0
247.2 -5076.5 -42.5 356 0 9.8 18.5 5.0 2.5 2 1 2 1 1
285.8 -4974.9 -35.1 18 0 13.5 14.3 5.0 2.5 2 1 2 0 0
252.0 -4951.1 -34.8 359 0 10.4 23.8 5.0 2.5 2 1 2 5 5
171.0 -4950.1 -36.5 183 0 10.0 10.0 5.0 2.5 2 0 2 0 0
111.7 -4893.9 -34.4 269 0 12.8 9.5 5.0 2.5 2 0 2 1 1
99.9 -4916.3 -36.0 180 0 10.2 12.4 5.0 2.5 2 1 2 5 5
102.7 -4946.8 -38.4 179 0 9.9 9.1 7.5 2.5 2 0 3 4 4
129.6 -4957.2 -38.4 178 0 10.6 10.3 7.5 2.5 2 0 3 3 3
101.5 -4962.2 -39.8 181 0 11.9 8.5 2.5 2.5 2 0 1 4 4
25.0 -4902.9 -37.0 92 0 10.2 14.5 7.5 0.0 0 1 3 2 2
-34.2 -4858.8 -37.9 205 0 23.3 33.4 12.5 2.5 4 1 5 0 0
-12.4 -4809.4 -32.8 216 0 9.2 14.7 7.5 2.5 2 1 3 4 4
-163.3 -4812.0 -50.7 177 0 13.3 19.3 12.5 2.5 2 1 5 5 5
-122.9 -4880.2 -47.3 170 0 20.4 10.8 5.0 2.5 2 0 2 1 1
-116.3 -4824.0 -45.6 263 0 5.5 9.1 5.0 2.5 2 1 2 0 0
-75.3 -4940.0 -43.9 88 0 16.4 12.6 2.5 2.5 2 0 1 5 5
-101.5 -4917.2 -45.7 182 0 13.2 10.3 5.0 2.5 2 0 2 2 2
280.1 -4871.3 -31.4 359 0 8.6 32.6 7.5 2.5 2 1 3 2 2
279.3 -4850.9 -31.0 1 0 20.2 10.4 2.5 0.0 0 0 1 0 0
256.7 -4938.9 -33.6 356 0 7.8 23.2 5.0 2.5 2 1 2 5 5
235.1 -4910.8 -32.7 359 0 11.3 9.4 5.0 2.5 2 0 2 2 2
178.2 -4905.5 -33.7 232 0 15.1 19.2 12.5 2.5 2 1 5 4 4
-3031.8 2475.9 -14.7 8 0 43.3 40.9 15.0 0.0 0 0 6 5 5
-818.0 5412.0 1.4 336 0 14.9 16.3 12.5 0.0 0 1 5 0 0
-833.7 5215.9 -6.8 344 0 7.6 9.1 7.5 2.5 2 1 3 4 4
-867.1 5388.6 3.2 84 0 14.5 12.2 2.5 2.5 2 0 1 1 1
-875.5 5507.4 7.2 356 0 9.4 11.2 5.0 2.5 2 1 2 2 2
-874.2 5545.2 8.2 356 0 11.2 9.9 7.5 2.5 2 0 3 0 0
-832.6 5428.5 2.9 33 0 11.2 9.7 2.5 2.5 4 0 1 0 0
-851.3 5461.7 3.7 157 0 20.8 22.6 7.5 0.0 0 1 3 4 4
-810.9 5479.2 2.9 341 0 17.9 13.9 7.5 2.5 2 0 3 3 3
-873.2 5641.5 11.0 0 0 10.8 12.7 7.5 0.0 0 1 3 0 0
-836.2 5593.9 7.3 176 0 14.1 5.9 7.5 2.5 2 0 3 4 4
-842.8 5559.3 6.4 179 0 10.6 13.1 7.5 2.5 2 1 3 0 0
-894.1 6100.9 27.8 181 0 10.4 17.2 5.0 2.5 2 1 2 1 1
-860.3 6605.0 43.8 63 0 8.9 9.9 5.0 2.5 2 1 2 1 1
1023.2 6827.3 -31.5 87 0 10.4 9.2 5.0 2.5 2 0 2 2 2
1102.6 6827.5 -25.4 343 0 15.5 9.1 7.5 2.5 2 0 3 4 4
1486.4 6760.2 -27.8 2 0 3.8 7.9 7.5 2.5 4 1 3 2 2
1445.7 6568.0 -25.6 268 0 13.0 8.2 5.0 2.5 4 0 2 5 5
1424.3 6535.9 -24.5 178 0 15.2 14.2 5.0 2.5 2 0 2 3 3
1487.9 6057.2 3.6 7 0 5.5 15.2 2.5 2.5 2 1 1 0 0
1419.6 6026.4 5.8 193 0 10.1 34.4 10.0 2.5 2 1 4 5 5
1439.9 5951.8 8.0 182 0 10.2 10.1 7.5 2.5 2 0 3 3 3
1470.6 5903.3 8.9 358 0 8.7 6.9 7.5 2.5 2 0 3 2 2
1469.8 5876.1 9.8 359 0 10.6 7.4 7.5 2.5 2 0 3 1 1
1479.9 5838.0 10.5 357 0 19.0 14.0 7.5 2.5 2 0 3 0 0
1404.1 5916.2 10.5 266 0 9.0 12.9 7.5 2.5 2 1 3 2 2
1421.6 5913.6 10.1 276 0 7.4 8.9 5.0 2.5 2 1 2 4 4
1355.2 5829.4 12.6 91 0 12.4 65.1 12.5 2.5 2 1 5 2 2
1444.8 5729.3 13.4 352 0 17.7 14.9 10.0 0.0 0 0 4 2 2
1390.4 5566.6 11.3 85 0 12.3 14.1 5.0 2.5 2 1 2 3 3
1380.2 5609.9 12.6 181 0 11.9 13.2 5.0 2.5 2 1 2 5 5
1437.0 5453.7 9.5 2 0 9.4 23.8 7.5 0.0 0 1 3 2 2
1415.0 5061.1 13.8 102 0 13.8 16.3 5.0 2.5 2 0 2 3 3
1469.1 5036.0 11.2 276 0 9.8 21.1 5.0 2.5 2 1 2 2 2
1469.6 4862.4 7.1 359 0 14.9 21.9 15.0 0.0 0 1 6 4 4
1373.7 4810.3 8.8 91 0 12.8 8.5 5.0 2.5 2 0 2 0 0
1350.4 4898.0 11.4 256 0 10.0 27.0 10.0 2.5 4 1 4 1 1
1316.0 4919.9 14.0 264 0 14.2 10.6 2.5 2.5 2 0 1 2 2
1242.0 4833.9 14.6 170 0 5.4 8.1 7.5 2.5 4 1 3 0 0
1242.0 4846.8 14.3 179 0 16.8 19.9 10.0 0.0 0 1 4 2 2
1245.4 4885.7 15.1 172 0 17.3 19.3 12.5 0.0 0 1 5 1 1
1245.1 4908.1 16.0 183 0 18.8 10.7 2.5 2.5 2 0 1 4 4
1267.1 4885.9 14.2 171 0 13.7 23.8 12.5 2.5 2 1 5 0 0
1245.4 4925.6 16.4 179 0 13.7 14.7 5.0 2.5 2 1 2 0 0
1246.7 4940.0 16.6 180 0 10.6 15.9 7.5 2.5 2 1 3 4 4
1282.7 4945.6 16.0 352 0 11.4 11.3 5.0 2.5 2 0 2 1 1
1261.0 5049.0 17.0 269 0 7.7 13.7 5.0 2.5 2 1 2 2 2
1302.9 5032.1 15.3 259 0 16.7 20.8 10.0 2.5 2 1 4 4 4
-6772.2 -515.9 7.2 345 0 20.7 10.6 5.0 2.5 2 0 2 5 5
-6777.7 -551.0 8.3 3 0 11.3 21.3 7.5 2.5 2 0 3 5 5
-6785.2 -598.0 8.9 92 0 11.0 41.8 12.5 2.5 2 0 5 4 4
-6814.6 -474.3 4.6 323 0 24.2 22.8 12.5 0.0 0 0 5 4 4
-6883.8 -667.3 4.0 180 0 20.1 14.5 17.5 0.0 0 0 7 5 5
-6758.3 -753.3 12.5 252 0 13.5 21.4 15.0 0.0 0 0 6 2 2
-6772.3 -777.7 14.5 259 0 12.0 20.7 5.0 2.5 2 1 2 1 1
-6896.9 -795.8 5.4 187 0 14.6 10.1 5.0 2.5 2 0 2 3 3
-6580.7 -479.6 9.7 115 0 10.0 14.4 5.0 2.5 2 1 2 4 4
-6638.6 -589.7 4.5 254 0 18.7 9.3 7.5 2.5 2 0 3 0 0
-6655.3 -633.7 1.2 175 0 9.9 16.7 5.0 2.5 2 1 2 5 5
-6800.4 -865.8 13.6 97 0 11.3 33.4 7.5 2.5 2 1 3 5 5
-6415.9 -468.1 10.2 288 0 15.5 17.5 10.0 2.5 2 1 4 1 1
-6322.9 -458.0 12.0 181 0 12.9 16.0 7.5 0.0 0 1 3 3 3
-6230.1 -401.7 15.3 176 0 10.9 14.3 10.0 2.5 4 1 4 5 5
265.1 6010.7 30.3 258 0 8.8 10.8 5.0 2.5 2 1 2 0 0
362.0 5988.6 29.8 318 0 10.9 12.8 5.0 2.5 4 1 2 0 0
288.7 5930.7 36.5 147 0 8.2 5.4 5.0 2.5 4 0 2 1 1
302.5 5765.4 46.3 21 0 15.3 21.7 12.5 2.5 2 1 5 4 4
366.2 5751.4 43.3 304 0 13.6 18.6 10.0 2.5 2 1 4 4 4
317.3 5643.8 49.3 171 0 12.8 12.5 2.5 0.0 0 0 1 4 4
332.8 5786.4 44.1 268 0 11.7 18.5 7.5 2.5 2 1 3 5 5
367.1 5813.4 40.3 142 0 11.6 13.1 7.5 2.5 2 1 3 4 4
367.3 5571.9 48.7 89 0 14.1 14.0 2.5 2.5 4 0 1 5 5
405.1 5642.7 44.4 359 0 17.9 9.4 7.5 2.5 2 0 3 3 3
708.6 5298.3 43.9 91 0 19.6 15.6 7.5 2.5 2 0 3 4 4
676.1 5336.3 44.7 181 0 13.1 15.5 5.0 2.5 2 1 2 5 5
630.3 5302.7 45.8 192 0 16.0 12.2 5.0 0.0 0 0 2 0 0
711.2 5247.5 43.9 8 0 13.6 20.0 7.5 2.5 2 1 3 4 4
644.8 5255.5 45.5 12 0 14.5 18.6 10.0 0.0 0 1 4 0 0
663.5 5179.0 44.7 15 0 14.8 16.0 2.5 2.5 2 1 1 4 4
625.4 5186.8 45.5 340 0 13.1 9.8 5.0 2.5 2 0 2 3 3
635.4 5157.9 45.2 71 0 8.5 12.8 7.5 0.0 0 1 3 5 5
640.2 5086.8 44.1 168 0 10.3 9.4 2.5 2.5 2 0 1 4 4
714.2 5126.9 41.9 262 0 12.9 12.2 7.5 2.5 2 0 3 4 4
608.4 5357.6 46.6 278 0 20.0 11.8 7.5 2.5 2 0 3 3 3
681.9 5042.9 41.6 94 0 16.6 14.6 5.0 2.5 2 0 2 2 2
779.6 5122.6 38.5 260 0 28.8 22.5 12.5 0.0 0 0 5 2 2
784.1 5038.8 36.8 358 0 23.3 17.9 17.5 0.0 0 0 7 1 1
759.1 5073.9 39.2 7 0 20.7 20.4 10.0 2.5 2 0 4 4 4
754.1 5341.8 43.0 267 0 18.1 19.8 10.0 2.5 2 1 4 2 2
778.4 5394.6 42.7 182 0 10.2 12.1 2.5 2.5 2 1 1 1 1
831.1 5137.1 37.6 0 0 20.0 20.5 10.0 2.5 4 1 4 2 2
952.7 5246.2 34.9 102 0 14.8 19.7 10.0 2.5 2 1 4 1 1
885.9 5272.7 38.4 105 0 11.1 13.4 7.5 2.5 2 1 3 2 2
948.0 5124.0 31.9 176 0 10.5 14.6 7.5 2.5 2 1 3 1 1
892.9 5009.8 30.5 356 0 14.4 11.9 2.5 2.5 2 0 1 3 3
500.5 5203.7 48.5 88 0 16.0 11.3 7.5 2.5 2 0 3 2 2
570.0 5495.4 46.6 177 0 20.8 15.3 7.5 2.5 2 0 3 5 5
597.2 5435.8 47.5 76 0 5.7 18.2 2.5 2.5 4 1 1 0 0
609.8 5445.9 47.1 83 0 11.4 25.9 10.0 0.0 0 1 4 5 5
610.2 5504.3 46.4 266 0 12.2 17.7 2.5 2.5 2 1 1 1 1
585.1 5557.7 42.1 261 0 7.3 32.9 7.5 2.5 2 1 3 3 3
675.8 5505.8 44.9 354 0 14.4 8.8 5.0 2.5 4 0 2 5 5
823.7 5381.9 41.8 1 0 17.8 13.5 5.0 2.5 2 0 2 3 3
816.3 5351.1 41.8 7 0 16.7 10.7 2.5 2.5 2 0 1 2 2
732.5 5021.9 38.8 69 0 11.0 15.2 5.0 2.5 4 1 2 0 0
467.2 5422.8 50.4 107 0 12.3 16.3 5.0 2.5 2 1 2 2 2
530.1 5608.9 38.1 337 0 7.5 12.3 2.5 2.5 4 1 1 4 4
982.5 5395.4 36.1 199 0 16.9 26.7 10.0 2.5 2 1 4 4 4
791.7 4940.8 30.8 335 0 29.3 11.9 10.0 2.5 4 0 4 0 0
856.0 5181.1 36.7 186 0 17.0 20.8 10.0 2.5 2 1 4 2 2
738.5 5300.5 43.3 88 0 18.5 13.3 7.5 2.5 2 0 3 5 5
969.6 5049.0 28.8 159 0 11.4 11.0 5.0 2.5 2 0 2 3 3
956.8 5324.0 36.2 206 0 17.8 13.2 2.5 2.5 2 0 1 4 4
1016.5 5279.8 32.7 290 0 15.1 15.3 10.0 2.5 2 1 4 1 1
1161.8 5256.2 26.4 102 0 15.6 32.9 12.5 2.5 2 1 5 3 3
1119.8 5038.1 21.7 97 0 9.5 34.8 7.5 2.5 2 1 3 3 3
1163.5 5057.3 20.0 357 0 33.3 10.1 10.0 2.5 2 0 4 1 1
1083.1 5421.7 33.5 93 0 16.3 19.5 10.0 2.5 2 1 4 4 4
1037.5 5091.2 27.9 8 0 16.2 14.9 7.5 0.0 0 0 3 1 1
1141.4 5134.2 24.2 162 0 9.7 18.0 5.0 2.5 2 1 2 4 4
1177.5 4988.9 17.5 68 0 9.9 21.5 2.5 0.0 0 1 1 1 1
986.2 5290.5 34.2 273 0 15.5 16.2 7.5 0.0 0 1 3 3 3
908.9 5167.2 35.0 90 0 11.9 19.6 2.5 2.5 4 1 1 5 5
