3170.7 695.0 4.4 162 0 22.5 18.0 5.0 2.5 2 0 2 1 1
3320.6 -357.8 3.2 11 0 11.9 10.8 7.5 2.5 2 0 3 2 2
3917.0 342.8 2.2 105 0 26.3 22.2 5.0 2.5 2 0 2 5 5
1657.1 1593.8 4.2 109 0 20.8 21.4 10.0 2.5 2 1 4 0 0
1640.7 1687.5 3.2 280 0 16.2 30.9 10.0 2.5 2 1 4 4 4
1603.7 1544.3 2.6 180 0 12.0 16.8 5.0 2.5 2 1 2 0 0
1765.1 1548.1 3.7 17 0 16.5 24.9 7.5 2.5 2 1 3 4 4
1766.9 1418.7 6.3 10 0 12.9 18.9 5.0 2.5 2 1 2 1 1
1741.2 1476.1 5.6 9 0 16.9 14.8 7.5 2.5 2 0 3 2 2
1720.1 1641.4 2.9 284 0 16.2 24.7 10.0 2.5 2 1 4 2 2
1719.4 1689.5 2.5 95 0 17.2 15.9 7.5 2.5 2 0 3 1 1
1715.6 1668.9 2.8 90 0 12.6 8.1 7.5 2.5 2 0 3 3 3
1598.1 1739.1 4.1 112 0 14.5 14.7 5.0 2.5 2 1 2 0 0
1768.3 1693.2 1.9 358 0 16.3 13.9 7.5 2.5 4 0 3 2 2
1800.8 1794.3 1.3 88 0 13.2 15.4 2.5 2.5 2 1 1 5 5
1873.9 1654.6 1.6 3 0 21.6 12.9 10.0 2.5 4 0 4 3 3
1816.0 1615.8 1.9 108 0 12.0 11.6 7.5 2.5 2 0 3 4 4
1712.7 1839.3 2.1 90 0 17.3 14.3 10.0 2.5 2 0 4 5 5
1753.6 1855.8 1.5 4 0 14.2 18.4 7.5 2.5 2 1 3 2 2
1544.0 1827.1 4.2 78 0 17.6 15.9 7.5 2.5 2 0 3 4 4
1428.0 1739.5 1.8 184 0 14.8 15.1 5.0 2.5 2 1 2 3 3
1503.8 1712.1 1.8 7 0 7.3 12.5 7.5 2.5 2 1 3 4 4
1461.0 1686.1 0.1 94 0 17.5 18.5 12.5 2.5 2 1 5 3 3
1460.2 1855.7 5.2 181 0 17.2 14.8 10.0 2.5 2 0 4 4 4
1311.4 1632.3 -5.8 324 0 42.5 40.9 10.0 0.0 0 0 4 0 0
1247.2 1565.2 -7.4 156 0 11.7 50.5 12.5 2.5 2 0 5 2 2
1296.0 1902.5 1.4 89 0 9.5 16.7 7.5 2.5 2 1 3 2 2
1310.1 1930.4 1.4 1 0 12.8 19.7 10.0 2.5 2 1 4 3 3
1156.6 2162.6 2.7 265 0 10.9 11.7 5.0 2.5 2 1 2 4 4
1139.0 2135.4 3.5 93 0 15.0 14.0 7.5 2.5 4 0 3 1 1
1080.6 2005.2 -0.7 86 0 14.5 29.3 12.5 2.5 2 1 5 5 5
1093.6 2198.0 2.0 272 0 17.3 40.1 12.5 2.5 2 1 5 5 5
1209.9 2115.4 3.4 352 0 19.5 22.9 7.5 2.5 2 1 3 2 2
1131.1 2207.9 1.6 96 0 19.9 9.8 7.5 0.0 0 0 3 4 4
927.5 2199.2 1.4 275 0 17.0 20.0 15.0 0.0 0 1 6 4 4
988.2 2220.1 1.9 90 0 13.6 15.1 10.0 2.5 2 1 4 0 0
968.4 2259.9 2.2 175 0 15.1 8.3 7.5 2.5 2 0 3 5 5
1009.0 2254.9 1.4 358 0 20.2 15.7 7.5 2.5 2 0 3 1 1
955.2 2291.1 2.3 176 0 18.1 13.4 7.5 2.5 4 0 3 2 2
978.3 2350.4 1.7 6 0 16.6 16.8 7.5 2.5 2 1 3 0 0
938.0 2370.8 1.2 262 0 13.9 15.3 5.0 0.0 0 1 2 1 1
1333.1 -1597.2 3.8 359 0 8.8 15.8 7.5 2.5 2 1 3 2 2
1292.9 -1678.3 5.1 179 0 5.2 11.8 7.5 2.5 2 1 3 0 0
1309.7 -1748.6 5.7 175 0 5.6 6.3 5.0 2.5 2 1 2 1 1
1337.1 -1755.9 5.5 84 0 8.3 12.1 5.0 2.5 2 1 2 2 2
1381.5 -1836.8 5.9 264 0 7.4 10.7 5.0 2.5 2 1 2 5 5
1560.5 -1752.6 6.7 87 0 9.3 9.4 7.5 2.5 2 1 3 1 1
1624.5 -1729.3 4.6 88 0 11.0 9.1 5.0 2.5 2 0 2 4 4
1638.3 -1692.9 4.6 268 0 6.6 5.4 5.0 2.5 2 0 2 3 3
1644.5 -1685.8 4.4 268 0 6.2 6.9 5.0 2.5 2 0 2 3 3
1751.2 -1785.0 -0.9 127 0 8.5 12.2 5.0 2.5 2 1 2 4 4
1868.8 -1868.9 -2.3 90 0 4.0 7.8 7.5 2.5 2 1 3 1 1
1871.6 -1767.3 -5.0 357 0 5.3 6.3 5.0 2.5 2 1 2 4 4
1814.3 -1636.6 -4.5 90 0 10.3 8.0 7.5 2.5 2 0 3 3 3
1740.1 -1531.8 1.2 244 0 8.2 8.3 7.5 2.5 2 1 3 3 3
1547.1 -1317.8 -2.0 1 0 14.8 20.4 10.0 2.5 2 1 4 1 1
1520.1 -1312.6 -1.5 3 0 5.6 7.4 7.5 2.5 2 1 3 3 3
1495.2 -1257.6 -1.3 182 0 13.3 15.7 10.0 2.5 2 1 4 5 5
1540.4 -1219.5 -1.9 276 0 14.2 9.1 2.5 2.5 2 0 1 4 4
1585.6 -1194.7 -2.7 181 0 6.0 9.6 5.0 2.5 4 1 2 5 5
1582.7 -1150.4 -2.6 144 0 6.2 6.8 5.0 2.5 2 1 2 5 5
1617.1 -1218.5 -3.2 267 0 6.2 10.0 5.0 2.5 2 1 2 1 1
1670.6 -1316.3 -4.3 93 0 4.0 9.7 5.0 2.5 2 1 2 4 4
1657.0 -1213.7 -4.0 264 0 11.9 10.2 7.5 2.5 2 0 3 1 1
1686.2 -1159.0 -4.5 259 0 10.4 21.8 7.5 2.5 4 1 3 3 3
1711.0 -1183.3 -4.8 350 0 7.7 11.5 5.0 2.5 2 1 2 2 2
1778.8 -1230.5 -6.1 356 0 8.9 6.8 7.5 2.5 2 0 3 1 1
1739.1 -1200.9 -5.4 267 0 6.5 9.1 5.0 0.0 0 1 2 1 1
1495.7 -1452.8 -0.8 96 0 6.1 9.1 5.0 0.0 0 1 2 2 2
1505.1 -1453.2 -0.7 94 0 7.5 9.1 5.0 2.5 2 1 2 3 3
-5869.3 -1253.7 7.9 83 0 10.2 24.5 10.0 2.5 2 1 4 4 4
-5842.2 -1438.5 2.7 340 0 9.8 15.1 7.5 2.5 2 1 3 0 0
-5654.9 -1223.0 -0.4 88 0 10.5 19.5 5.0 2.5 2 1 2 2 2
-5600.9 -1302.4 5.6 115 0 8.4 13.1 5.0 2.5 2 1 2 0 0
-5478.2 -1401.2 4.2 161 0 13.4 17.1 5.0 2.5 2 1 2 3 3
-5070.0 -1328.4 2.5 183 0 10.9 27.8 7.5 2.5 2 1 3 1 1
-4933.8 -1899.5 5.1 89 0 12.8 37.6 7.5 0.0 0 1 3 1 1
-4740.5 -2136.1 3.9 81 0 13.0 21.0 10.0 2.5 4 1 4 3 3
-6291.0 -1525.5 7.7 83 0 15.3 17.3 10.0 2.5 2 1 4 4 4
-6254.6 -1506.0 7.7 273 0 6.3 21.1 5.0 0.0 0 1 2 4 4
-6022.5 -1241.0 7.8 130 0 9.0 13.9 5.0 2.5 2 1 2 5 5
-5993.3 -1173.0 8.3 252 0 12.9 17.3 10.0 0.0 0 1 4 3 3
1028.8 -3010.4 1.9 359 0 7.5 7.8 7.5 2.5 2 1 3 3 3
1051.1 -3002.0 1.5 359 0 10.4 11.7 5.0 2.5 4 1 2 5 5
1049.1 -3160.0 1.6 269 0 17.3 10.0 5.0 2.5 4 0 2 3 3
1025.3 -3260.3 -3.7 89 0 9.5 9.7 2.5 2.5 2 1 1 3 3
1067.8 -3224.2 -2.0 89 0 10.3 8.8 5.0 0.0 0 0 2 5 5
1150.4 -3236.7 -3.4 89 0 8.2 4.9 7.5 2.5 2 0 3 3 3
1142.6 -3212.3 -1.9 89 0 10.3 5.7 5.0 0.0 0 0 2 3 3
1120.8 -3247.0 -3.7 89 0 7.5 7.4 2.5 2.5 4 0 1 1 1
1122.8 -3234.0 -3.0 89 0 9.7 7.2 5.0 2.5 2 0 2 0 0
1186.7 -3141.3 1.8 359 0 15.6 14.8 5.0 2.5 2 0 2 4 4
1181.4 -3114.8 2.7 269 0 9.2 11.9 5.0 2.5 2 1 2 0 0
1146.9 -3139.2 1.4 269 0 16.9 17.6 12.5 2.5 4 1 5 1 1
1161.2 -3055.0 1.2 269 0 9.8 14.2 7.5 2.5 2 1 3 2 2
1254.3 -3059.0 -0.1 89 0 13.4 13.0 5.0 2.5 2 0 2 0 0
1247.7 -3066.1 0.3 89 0 8.1 7.1 7.5 2.5 2 0 3 2 2
1362.2 -2961.6 -2.5 276 0 7.0 10.8 5.0 2.5 2 1 2 1 1
1343.0 -2986.4 -1.8 269 0 4.8 7.4 5.0 2.5 2 1 2 4 4
1278.0 -3027.0 -0.8 269 0 12.7 10.8 5.0 2.5 2 0 2 2 2
1301.9 -3164.8 -2.0 179 0 7.8 6.8 5.0 2.5 2 0 2 1 1
1298.1 -3200.3 -3.3 89 0 11.9 13.0 10.0 2.5 2 1 4 3 3
1329.4 -3117.6 0.1 269 0 8.9 3.8 5.0 2.5 2 0 2 4 4
1342.6 -3059.2 -0.2 89 0 8.7 9.0 7.5 2.5 4 1 3 5 5
1347.7 -3076.1 0.5 89 0 10.7 6.8 5.0 2.5 2 0 2 3 3
1347.9 -3084.1 0.7 89 0 10.9 8.0 5.0 2.5 2 0 2 4 4
1407.2 -3037.4 -0.4 358 0 11.0 7.1 2.5 2.5 4 0 1 4 4
1430.0 -2974.6 -2.3 94 0 6.1 9.6 5.0 2.5 2 1 2 0 0
1441.2 -2984.6 -1.8 180 0 8.7 5.5 2.5 2.5 2 0 1 4 4
1366.5 -3176.6 -2.3 88 0 10.9 11.7 7.5 2.5 2 1 3 0 0
1436.2 -3133.3 -1.4 268 0 6.5 12.5 7.5 2.5 2 1 3 2 2
1485.6 -3168.5 -2.8 88 0 9.1 7.5 7.5 0.0 0 0 3 4 4
1569.3 -3070.8 0.3 88 0 4.9 6.4 5.0 2.5 2 1 2 2 2
1553.5 -3136.3 -2.0 178 0 11.9 7.0 2.5 2.5 2 0 1 4 4
1652.0 -3040.8 0.0 88 0 10.1 5.1 7.5 2.5 4 0 3 0 0
503.4 -3329.9 -3.4 269 0 5.4 10.3 5.0 2.5 4 1 2 5 5
458.0 -3383.2 -5.1 89 0 8.9 8.2 5.0 2.5 2 0 2 3 3
460.4 -3352.6 -4.0 269 0 5.1 9.6 7.5 0.0 0 1 3 4 4
589.5 -2976.0 -3.2 298 0 6.2 15.7 2.5 2.5 2 1 1 1 1
580.3 -2937.3 -3.7 269 0 9.2 12.0 7.5 0.0 0 1 3 3 3
594.3 -2914.9 -4.0 89 0 7.3 7.7 2.5 2.5 2 1 1 0 0
611.7 -2972.4 -3.2 269 0 10.8 8.6 5.0 2.5 2 0 2 5 5
588.8 -3090.7 -1.9 179 0 6.0 8.8 2.5 2.5 2 1 1 5 5
611.3 -3186.2 -0.8 89 0 10.9 7.5 2.5 2.5 2 0 1 1 1
658.2 -3037.7 -2.2 89 0 4.6 7.1 5.0 2.5 2 1 2 2 2
671.7 -3020.0 -2.2 89 0 12.4 12.0 5.0 0.0 0 0 2 0 0
693.2 -3001.9 -2.2 269 0 7.8 4.6 7.5 2.5 4 0 3 3 3
725.0 -2898.8 -4.0 269 0 17.5 11.3 2.5 2.5 2 0 1 2 2
668.8 -2916.0 -3.6 269 0 16.4 13.2 5.0 2.5 2 0 2 2 2
644.7 -2896.9 -4.0 89 0 10.6 7.9 5.0 2.5 2 0 2 0 0
783.1 -2826.1 -5.3 179 0 8.0 6.2 7.5 2.5 2 0 3 3 3
766.8 -2867.8 -4.5 248 0 12.0 6.5 5.0 2.5 2 0 2 0 0
811.4 -3059.7 -1.5 359 0 8.4 7.3 5.0 2.5 2 0 2 1 1
770.4 -3295.9 -3.9 89 0 7.9 10.6 5.0 2.5 2 1 2 1 1
536.2 -3312.9 -3.0 269 0 5.7 8.3 2.5 2.5 2 1 1 5 5
519.8 -3355.5 -4.7 359 0 5.2 6.3 5.0 2.5 4 1 2 4 4
554.5 -3243.8 -0.5 269 0 12.9 15.4 7.5 2.5 2 1 3 5 5
680.5 -3325.4 -4.9 269 0 10.7 7.3 5.0 2.5 2 0 2 2 2
714.0 -3318.1 -4.5 89 0 10.0 6.0 5.0 2.5 2 0 2 5 5
768.7 -3233.7 -1.3 179 0 13.2 12.9 2.5 2.5 2 0 1 4 4
876.2 -3127.0 -0.3 179 0 11.3 8.6 5.0 2.5 2 0 2 5 5
859.1 -3110.2 -0.9 179 0 8.4 9.2 7.5 2.5 2 1 3 3 3
894.0 -3089.3 -0.5 179 0 6.9 8.6 7.5 2.5 2 1 3 1 1
803.1 -2903.2 -4.1 179 0 11.5 6.9 5.0 2.5 2 0 2 4 4
808.4 -2921.4 -3.7 179 0 7.3 10.5 5.0 2.5 2 1 2 1 1
825.1 -2926.0 -3.8 179 0 13.9 15.4 7.5 0.0 0 1 3 1 1
823.3 -2990.5 -2.8 179 0 10.1 14.1 7.5 2.5 2 1 3 1 1
784.3 -3042.1 -1.8 359 0 11.4 11.5 2.5 2.5 2 1 1 0 0
747.6 -3128.4 -0.3 179 0 9.7 9.8 2.5 2.5 2 1 1 4 4
786.2 -3151.0 -0.3 89 0 13.2 18.7 5.0 2.5 2 1 2 2 2
800.8 -3143.1 -0.5 89 0 6.0 12.0 7.5 2.5 2 1 3 4 4
837.2 -3227.5 -1.2 359 0 10.9 8.0 2.5 2.5 2 0 1 2 2
816.0 -3288.6 -3.9 89 0 11.1 13.6 5.0 2.5 2 1 2 4 4
848.8 -3307.9 -4.9 80 0 7.4 20.6 5.0 2.5 2 1 2 4 4
885.4 -3299.0 -5.1 359 0 12.7 12.5 5.0 2.5 2 0 2 1 1
893.1 -3276.3 -4.2 179 0 14.2 11.0 7.5 0.0 0 0 3 2 2
938.5 -3253.7 -2.5 89 0 6.4 10.4 5.0 2.5 2 1 2 5 5
926.3 -3239.3 -2.0 179 0 5.7 7.8 7.5 2.5 2 1 3 2 2
926.4 -3142.4 1.7 89 0 5.4 9.3 5.0 2.5 2 1 2 2 2
922.5 -3121.4 1.1 89 0 8.2 10.9 7.5 2.5 2 1 3 4 4
928.5 -3100.2 1.2 89 0 5.4 7.4 2.5 2.5 2 0 1 2 2
874.7 -3038.1 -1.8 179 0 6.5 5.8 5.0 2.5 4 0 2 4 4
867.1 -3002.9 -2.5 179 0 4.9 7.8 5.0 2.5 2 1 2 5 5
893.1 -2856.7 -4.5 89 0 7.6 10.2 7.5 2.5 2 1 3 0 0
1551.0 -2439.9 -5.3 269 0 8.5 10.4 5.0 2.5 2 1 2 1 1
1625.4 -2417.3 -3.6 179 0 8.7 8.6 7.5 2.5 2 0 3 3 3
1672.1 -2405.8 -3.1 269 0 9.7 8.7 2.5 2.5 2 0 1 0 0
1775.7 -2456.4 -3.7 269 0 6.6 6.1 5.0 2.5 4 0 2 2 2
1787.3 -2510.1 -5.1 89 0 10.8 8.7 2.5 2.5 2 0 1 5 5
1817.9 -2476.1 -4.1 269 0 10.3 9.1 2.5 2.5 2 0 1 1 1
1841.0 -2461.3 -3.3 269 0 6.9 5.9 7.5 2.5 2 0 3 5 5
1908.9 -2445.2 -2.1 179 0 7.1 6.7 5.0 2.5 2 0 2 1 1
1944.1 -2415.9 -1.5 269 0 4.9 6.2 7.5 2.5 2 1 3 1 1
1991.4 -2411.4 -2.3 269 0 10.9 8.5 5.0 2.5 2 0 2 1 1
919.1 -2938.9 -1.6 269 0 9.2 9.5 7.5 2.5 2 1 3 5 5
924.3 -3018.8 -0.0 179 0 12.9 9.4 5.0 2.5 2 0 2 2 2
916.8 -2991.9 -0.8 179 0 8.4 4.9 5.0 2.5 2 0 2 1 1
951.5 -3003.9 1.1 269 0 5.2 7.0 2.5 0.0 0 1 1 5 5
1017.4 -2840.3 -5.1 269 0 10.8 10.5 5.0 2.5 2 0 2 3 3
1089.7 -2909.9 -2.6 359 0 11.6 11.1 7.5 2.5 2 0 3 3 3
1109.4 -3028.2 1.6 359 0 6.5 10.0 7.5 2.5 2 0 3 1 1
1125.7 -2918.9 -2.3 179 0 12.1 11.7 7.5 2.5 2 0 3 4 4
990.6 -3004.7 1.7 359 0 10.6 9.2 2.5 2.5 2 0 1 5 5
985.1 -3101.5 4.0 89 0 11.1 7.7 7.5 2.5 2 0 3 2 2
954.4 -3094.3 2.4 89 0 6.6 12.4 5.0 2.5 2 1 2 5 5
986.3 -3231.5 -1.5 89 0 13.6 11.2 7.5 2.5 2 0 3 3 3
-5936.8 5245.7 0.1 177 0 13.0 16.9 10.0 2.5 2 1 4 3 3
-5842.0 5115.0 4.3 85 0 34.3 19.1 10.0 0.0 0 0 4 3 3
-5866.3 5146.1 3.9 178 0 8.9 34.1 7.5 0.0 0 1 3 0 0
-5869.3 5161.2 3.7 179 0 7.8 30.9 7.5 2.5 2 1 3 5 5
-5818.2 5222.5 3.9 350 0 9.6 13.3 5.0 2.5 2 1 2 0 0
-5893.2 5021.3 2.5 355 0 23.4 12.0 15.0 0.0 0 0 6 3 3
-5900.4 5435.1 2.3 5 0 14.2 20.7 12.5 0.0 0 1 5 4 4
-5871.5 4969.1 2.2 178 0 14.5 12.8 5.0 2.5 2 0 2 5 5
-5648.4 4512.8 0.9 171 0 14.0 24.1 10.0 0.0 0 1 4 2 2
-5647.1 4538.7 2.5 177 0 11.6 14.0 10.0 2.5 2 1 4 5 5
-5650.8 4571.4 2.6 178 0 14.1 23.1 10.0 2.5 2 1 4 2 2
-5650.4 4670.4 3.1 183 0 9.7 8.1 2.5 2.5 4 0 1 3 3
-5643.9 4720.8 1.9 0 0 7.3 17.3 7.5 2.5 2 1 3 3 3
-5611.2 4055.0 -2.6 92 0 21.2 14.2 10.0 2.5 2 0 4 2 2
-2949.9 1002.0 9.5 43 0 13.8 17.7 7.5 2.5 2 1 3 4 4
-2873.8 998.6 9.1 75 0 10.6 6.9 7.0 2.5 2 0 2 0 0
-3010.8 5359.1 9.6 90 0 11.9 14.5 5.0 2.5 2 1 2 5 5
-714.8 -1719.0 3.1 271 0 23.7 16.2 10.0 2.5 4 0 4 0 0
-5384.7 -8.6 9.1 92 0 29.6 24.8 10.0 0.0 0 0 4 5 5
-5044.7 1823.7 9.9 356 0 40.6 10.5 12.5 2.5 4 0 5 3 3
-5750.6 2663.5 8.1 268 0 18.9 31.1 10.0 2.5 2 1 4 5 5
-6890.2 31.0 5.2 101 0 17.3 12.2 10.0 2.5 2 0 4 5 5
-6896.9 79.7 4.9 177 0 12.4 12.6 5.0 2.5 2 1 2 5 5
-6906.1 122.9 3.5 180 0 7.5 8.8 2.5 2.5 2 1 1 2 2
-6905.4 145.2 3.4 175 0 9.5 10.4 5.0 2.5 2 1 2 0 0
-6770.0 37.5 2.8 5 0 11.5 8.2 2.5 2.5 2 0 1 4 4
-6728.7 241.0 2.1 88 0 15.2 13.7 2.5 2.5 2 0 1 3 3
-6800.6 52.8 3.4 184 0 8.7 12.4 5.0 2.5 2 1 2 1 1
-6855.6 234.0 6.3 274 0 6.7 11.5 5.0 2.5 2 1 2 3 3
-6664.4 270.8 1.5 183 0 17.1 15.7 7.5 2.5 2 0 3 1 1
-6635.4 259.5 1.5 90 0 13.0 33.0 10.0 2.5 2 1 4 3 3
-6597.8 146.8 0.1 360 0 12.1 21.9 7.5 2.5 2 1 3 2 2
-6615.8 189.1 0.7 181 0 8.8 7.3 5.0 0.0 0 0 2 2 2
-6592.5 158.1 0.4 91 0 28.8 39.1 7.5 0.0 0 1 3 2 2
-6578.8 294.8 1.8 257 0 10.5 31.0 7.5 2.5 2 1 3 2 2
-6566.0 197.2 1.0 91 0 13.2 19.9 7.5 2.5 2 1 3 4 4
-6637.0 331.6 2.3 193 0 7.3 14.4 2.5 2.5 2 1 1 4 4
-6566.8 239.4 1.3 267 0 7.5 12.9 5.0 2.5 2 1 2 1 1
-6501.5 142.9 0.4 190 0 11.9 20.9 7.5 2.5 2 1 3 4 4
-6520.5 91.6 -0.2 85 0 9.8 19.7 5.0 2.5 2 1 2 3 3
-6469.6 69.5 -0.4 4 0 13.4 15.1 5.0 2.5 2 1 2 2 2
-6455.6 96.8 -0.1 358 0 20.3 14.2 7.5 2.5 2 0 3 5 5
-6474.9 98.8 -0.1 5 0 18.7 11.8 5.0 0.0 0 0 2 0 0
-6429.5 157.1 0.8 2 0 13.1 16.2 7.5 2.5 4 1 3 0 0
-6437.8 248.5 2.0 177 0 14.6 13.8 5.0 2.5 2 0 2 0 0
-6548.6 16.1 -1.0 266 0 16.9 8.6 7.5 2.5 2 0 3 5 5
-6316.4 167.7 1.2 260 0 15.0 13.9 5.0 2.5 2 0 2 3 3
-6305.9 129.7 1.0 84 0 7.2 9.2 7.5 2.5 2 1 3 0 0
-6311.1 236.5 2.3 178 0 14.3 18.1 10.0 2.5 2 1 4 0 0
-6294.2 283.2 3.0 174 0 9.6 12.1 7.5 2.5 2 1 3 1 1
-6187.3 563.5 5.4 264 0 17.9 17.8 10.0 2.5 2 0 4 3 3
4266.9 2904.7 3.3 83 0 8.3 15.4 7.5 2.5 2 1 3 3 3
4263.9 2961.0 3.7 269 0 8.9 6.1 2.5 2.5 2 0 1 0 0
4364.4 3099.5 -14.8 179 0 13.4 18.5 5.0 0.0 0 1 2 3 3
4372.2 2839.4 -8.6 83 0 13.9 10.6 5.0 2.5 2 0 2 1 1
4642.0 3021.8 -14.3 40 0 10.9 20.4 17.5 0.0 0 1 7 5 5
4896.4 3056.1 6.5 89 0 7.6 12.9 5.0 2.5 2 1 2 1 1
3927.1 2763.4 4.9 12 0 19.7 17.1 7.5 2.5 2 0 3 5 5
3865.9 3050.9 0.7 93 0 11.5 9.7 7.5 2.5 2 0 3 2 2
3543.0 3075.7 -4.8 88 0 10.8 16.6 5.0 2.5 2 1 2 1 1
3647.6 2928.0 8.5 256 0 12.4 19.4 7.5 2.5 2 1 3 2 2
3595.9 2692.5 2.6 348 0 35.1 8.6 7.5 0.0 0 0 3 0 0
3588.0 2716.6 3.7 76 0 8.5 27.6 7.5 2.5 2 0 3 5 5
3550.5 2724.9 3.0 268 0 9.4 10.4 7.5 2.5 2 1 3 2 2
3435.7 2680.8 4.2 191 0 11.1 17.3 5.0 0.0 0 1 2 2 2
3495.9 2699.0 4.0 269 0 9.8 6.2 2.5 2.5 4 0 1 0 0
3267.5 3259.0 -2.2 360 0 5.3 8.3 7.5 2.5 4 1 3 2 2
3231.1 3244.9 0.2 93 0 9.5 10.3 7.5 2.5 2 1 3 5 5
3199.7 3322.2 1.0 270 0 8.4 9.1 5.0 2.5 2 1 2 5 5
3189.0 2914.2 5.5 88 0 6.8 11.2 5.0 2.5 2 1 2 1 1
3195.5 2840.6 7.9 95 0 10.7 9.0 7.5 2.5 2 0 3 0 0
3316.8 2859.8 3.9 1 0 8.0 16.1 7.5 2.5 2 1 3 3 3
3346.8 2814.6 5.0 88 0 8.0 13.2 5.0 2.5 2 1 2 5 5
3337.8 2697.8 5.3 93 0 9.4 7.0 5.0 2.5 2 0 2 2 2
3437.6 2655.5 4.0 179 0 11.5 10.1 5.0 0.0 0 0 2 5 5
3474.4 2650.6 3.8 91 0 7.2 11.7 7.5 2.5 2 1 3 5 5
3522.2 2665.6 3.5 91 0 10.9 17.2 2.5 2.5 2 1 1 1 1
3856.3 2700.5 4.4 87 0 7.8 11.7 5.0 2.5 2 1 2 3 3
4045.6 2788.7 5.5 269 0 10.4 8.8 2.5 2.5 4 0 1 5 5
4047.8 2746.4 5.3 173 0 14.1 11.8 5.0 2.5 4 0 2 0 0
4206.4 3082.2 0.4 289 0 9.7 11.0 5.0 2.5 2 1 2 5 5
3557.6 3209.2 -13.7 179 0 15.4 24.4 10.0 2.5 2 1 4 0 0
3090.7 3291.2 -3.2 94 0 9.6 12.5 5.0 2.5 2 1 2 0 0
3156.9 3371.6 -1.1 357 0 11.5 7.0 2.5 2.5 2 0 1 1 1
3084.2 3211.4 -4.8 65 0 14.1 6.1 2.5 2.5 2 0 1 3 3
3533.7 2900.4 4.6 355 0 11.9 11.8 2.5 2.5 2 0 1 0 0
5820.3 3200.7 -0.7 90 0 16.3 17.6 10.0 2.5 2 1 4 1 1
-5336.1 -31.3 9.1 178 0 12.3 26.9 7.5 2.5 2 1 3 4 4
-5339.9 12.1 8.6 182 0 24.9 11.1 10.0 0.0 0 0 4 1 1
-5347.9 15.1 8.6 3 0 24.8 20.0 7.5 2.5 2 0 3 4 4
