1583.1 6223.4 6.4 270 0 46.0 52.6 7.5 0.0 0 1 3 0 0
-1488.5 2348.3 5.4 86 0 18.9 29.9 7.5 2.5 2 1 3 2 2
-1377.4 2096.8 3.0 88 0 16.0 31.4 7.5 0.0 0 1 3 5 5
2588.9 6775.2 8.6 342 0 15.2 28.4 7.5 0.0 0 1 3 2 2
695.7 2988.7 1.0 154 0 7.6 30.3 5.0 2.5 2 1 2 3 3
3542.3 3716.4 -2.6 16 0 19.0 13.8 7.5 0.0 0 0 3 3 3
1669.1 4948.3 2.9 267 0 10.1 9.1 5.0 0.0 0 0 2 5 5
1645.6 4869.4 0.1 84 0 8.1 11.3 2.5 2.5 2 1 1 2 2
1763.0 5230.8 7.7 91 0 13.3 14.6 7.5 2.5 2 1 3 4 4
835.4 3072.3 2.9 338 0 8.9 40.1 7.5 2.5 2 1 3 2 2
847.3 3166.2 4.3 343 0 5.8 13.1 5.0 2.5 2 1 2 5 5
774.0 3292.6 2.4 252 0 12.5 11.9 7.5 0.0 0 0 3 3 3
755.6 3307.7 2.4 176 0 4.0 7.6 7.5 0.0 0 1 3 2 2
773.3 2938.7 1.4 151 0 14.9 29.2 7.5 2.5 2 1 3 2 2
773.8 2995.3 2.0 156 0 14.7 10.2 5.0 2.5 2 0 2 3 3
994.4 2988.7 4.5 247 0 8.1 10.1 7.5 2.5 2 1 3 0 0
1031.1 3029.8 4.5 263 0 8.4 9.8 2.5 0.0 0 1 1 2 2
1069.7 3068.2 4.6 179 0 7.3 13.3 5.0 0.0 0 1 2 2 2
1226.8 3060.6 4.8 359 0 10.0 11.0 7.5 2.5 2 1 3 5 5
1263.5 3021.5 4.8 273 0 11.2 7.0 7.5 2.5 2 0 3 2 2
1304.0 2985.9 4.5 359 0 11.6 12.8 10.0 2.5 2 1 4 4 4
1567.5 4837.3 1.5 79 0 12.8 11.2 10.0 2.5 2 0 4 5 5
1456.1 4813.1 3.5 88 0 13.5 14.6 7.5 2.5 2 1 3 4 4
1570.3 4880.0 3.7 352 0 6.2 5.8 7.5 2.5 2 0 3 3 3
1517.5 4902.8 3.6 175 0 9.3 6.9 7.5 2.5 2 0 3 0 0
1617.7 4858.7 0.1 180 0 10.4 9.1 5.0 0.0 0 0 2 2 2
1712.5 5004.6 4.6 174 0 9.4 5.9 5.0 2.5 2 0 2 5 5
612.3 5877.0 4.4 266 0 9.8 16.8 7.5 2.5 2 1 3 4 4
618.8 5916.3 1.7 90 0 8.7 14.7 7.5 2.5 2 1 3 5 5
737.2 5975.0 1.1 61 0 9.4 16.4 5.0 2.5 2 1 2 5 5
654.4 5903.9 3.7 103 0 13.0 18.3 5.0 2.5 2 1 2 0 0
778.1 5809.5 7.3 94 0 10.8 18.3 5.0 2.5 2 1 2 1 1
3724.8 4124.6 2.5 341 0 9.1 18.3 7.5 0.0 0 1 3 3 3
3720.3 4226.4 4.0 174 0 13.4 11.9 7.5 2.5 2 0 3 1 1
2897.4 6004.9 4.9 267 0 14.2 17.5 7.5 0.0 0 1 3 5 5
2818.7 5862.8 7.0 2 0 15.2 13.5 5.0 0.0 0 0 2 1 1
2561.1 5877.1 9.2 177 0 9.0 6.7 5.0 2.5 2 0 2 2 2
2416.0 5951.3 8.3 91 0 14.7 15.3 5.0 2.5 2 1 2 3 3
2369.0 5945.7 8.6 88 0 17.7 16.6 10.0 2.5 2 0 4 0 0
2383.6 5940.0 8.6 91 0 11.8 16.8 5.0 2.5 2 0 2 1 1
2362.4 5830.3 8.7 353 0 13.1 15.7 10.0 2.5 2 1 4 4 4
2317.2 5843.6 8.6 181 0 22.2 18.7 10.0 2.5 2 0 4 5 5
2179.9 5848.9 8.2 87 0 18.2 17.1 10.0 2.5 2 0 4 5 5
2147.2 5950.7 8.0 91 0 13.5 14.9 7.5 2.5 2 1 3 3 3
1992.7 5965.0 7.5 265 0 10.8 7.6 7.5 2.5 4 0 3 2 2
1963.4 5985.7 7.4 270 0 13.8 16.6 2.5 2.5 4 1 1 1 1
1797.6 5973.2 6.9 253 0 14.4 12.5 7.5 2.5 2 0 3 5 5
1786.6 5644.1 7.3 173 0 13.7 16.7 5.0 2.5 2 1 2 0 0
1992.9 5536.2 8.0 91 0 7.1 16.4 7.5 2.5 4 1 3 1 1
2024.1 5459.8 8.1 86 0 21.4 16.1 7.5 2.5 2 0 3 3 3
2116.0 5442.2 8.5 175 0 18.4 21.9 10.0 2.5 2 1 4 5 5
2098.7 5794.4 8.0 109 0 16.3 20.7 10.0 2.5 2 1 4 0 0
2017.9 5870.5 7.7 179 0 14.3 14.5 2.5 0.0 0 1 1 2 2
2079.6 5593.2 8.1 359 0 13.8 17.6 2.5 2.5 2 1 1 5 5
2049.9 5776.4 7.9 83 0 8.5 15.2 7.5 2.5 2 1 3 5 5
2071.8 5965.6 7.7 271 0 8.9 13.2 7.5 2.5 2 1 3 4 4
2176.0 5569.7 8.5 269 0 22.2 12.4 12.5 2.5 2 0 5 3 3
2431.7 5480.4 0.7 171 0 14.5 14.9 5.0 2.5 4 1 2 4 4
2397.1 5437.8 0.2 180 0 10.4 6.5 2.5 2.5 2 0 1 1 1
2592.0 5089.9 -2.5 325 0 14.9 7.7 2.5 2.5 4 0 1 2 2
2691.0 4985.8 -0.5 343 0 15.7 11.7 5.0 2.5 4 0 2 5 5
1912.0 5220.3 7.0 179 0 22.1 15.7 10.0 2.5 2 0 4 2 2
1908.8 5739.1 7.5 81 0 12.8 21.2 7.5 2.5 2 1 3 2 2
1042.0 2846.6 3.5 90 0 11.5 8.0 5.0 2.5 2 0 2 3 3
1308.2 2747.8 3.1 62 0 9.9 20.7 7.5 2.5 4 1 3 4 4
1079.4 2740.8 3.1 176 0 5.6 15.3 7.5 0.0 0 1 3 3 3
1062.6 2845.8 3.7 78 0 6.9 8.9 7.5 2.5 2 1 3 2 2
821.5 5851.2 6.5 29 0 9.7 11.4 2.5 2.5 2 1 1 2 2
861.5 5909.5 6.8 178 0 9.3 22.9 5.0 0.0 0 1 2 1 1
907.0 5958.7 9.8 238 0 15.7 27.6 10.0 2.5 2 1 4 0 0
898.2 5978.3 9.9 75 0 16.5 18.0 15.0 0.0 0 1 6 4 4
739.0 5889.1 7.1 65 0 26.7 8.4 5.0 2.5 2 0 2 4 4
711.9 5876.5 7.4 65 0 33.1 8.4 7.5 2.5 2 0 3 5 5
691.5 5865.7 7.5 73 0 11.1 7.3 5.0 2.5 2 0 2 2 2
647.7 5851.7 6.7 356 0 6.6 8.4 2.5 2.5 2 1 1 4 4
651.3 5618.4 10.0 357 0 10.3 14.0 7.5 2.5 2 1 3 0 0
676.7 5514.0 9.7 87 0 16.6 10.7 7.5 2.5 2 0 3 3 3
594.6 5440.9 11.2 91 0 12.0 16.7 5.0 2.5 2 1 2 3 3
3433.9 4451.9 3.2 88 0 17.2 14.4 2.5 2.5 2 0 1 4 4
3308.2 4316.8 1.4 168 0 14.6 14.6 7.5 2.5 2 1 3 2 2
3377.1 4311.5 1.8 346 0 11.6 12.7 5.0 0.0 0 1 2 2 2
3547.7 4141.2 1.3 182 0 9.7 15.4 5.0 2.5 2 1 2 0 0
3536.0 3992.8 -0.7 88 0 13.7 16.4 7.5 2.5 2 1 3 0 0
3637.0 3732.6 -3.0 251 0 13.8 11.9 5.0 0.0 0 0 2 3 3
3364.5 3864.3 -1.2 176 0 19.7 14.3 10.0 2.5 2 0 4 5 5
3449.7 3897.8 -1.3 353 0 13.6 20.6 10.0 2.5 2 1 4 1 1
3492.1 4491.1 3.3 172 0 15.1 14.7 5.0 2.5 2 0 2 3 3
3647.5 4535.3 2.7 181 0 23.0 15.2 12.5 2.5 2 0 5 5 5
3924.2 4727.2 -0.3 222 0 13.1 20.1 7.5 2.5 2 1 3 1 1
3134.9 3594.1 -1.5 88 0 13.2 12.2 5.0 2.5 2 0 2 4 4
3092.4 3598.8 -1.3 15 0 11.7 6.3 5.0 2.5 2 0 2 2 2
2528.1 3402.7 -1.6 85 0 21.4 13.8 7.5 2.5 2 0 3 4 4
2199.8 3452.6 0.5 250 0 15.3 14.5 5.0 2.5 2 0 2 4 4
2006.7 3484.4 1.5 108 0 11.5 11.3 10.0 2.5 2 0 4 5 5
1980.9 3593.3 2.0 84 0 11.5 9.3 5.0 2.5 2 0 2 1 1
1786.3 3496.4 3.7 83 0 11.1 10.2 10.0 2.5 2 0 4 2 2
1796.5 3219.6 3.6 82 0 8.6 12.5 5.0 2.5 2 1 2 3 3
1825.5 3208.9 3.4 339 0 12.6 10.4 7.5 2.5 4 0 3 2 2
2376.1 3432.6 -1.2 249 0 12.9 26.3 7.5 2.5 2 1 3 0 0
2557.7 3583.4 -1.1 174 0 13.1 13.9 5.0 2.5 2 1 2 2 2
2531.5 3524.2 -1.7 241 0 12.3 23.6 10.0 2.5 2 1 4 0 0
2537.9 3541.9 -1.5 56 0 13.9 12.8 7.5 2.5 2 0 3 3 3
2502.2 3532.7 -1.4 75 0 11.2 13.0 5.0 2.5 4 1 2 0 0
2495.0 3404.6 -1.5 162 0 11.2 8.3 2.5 2.5 2 0 1 1 1
2409.9 3461.2 -1.1 237 0 8.7 10.8 5.0 2.5 2 1 2 2 2
1884.2 3432.3 3.2 70 0 11.2 7.3 7.5 2.5 2 0 3 4 4
1951.4 3432.4 2.3 254 0 11.9 9.7 7.5 2.5 2 0 3 0 0
2097.0 3327.3 0.3 161 0 9.7 11.8 7.5 2.5 2 1 3 0 0
2117.0 3344.7 0.1 1 0 12.3 11.5 7.5 0.0 0 0 3 3 3
2921.1 3576.5 -2.1 178 0 12.0 14.6 5.0 2.5 2 1 2 2 2
2958.3 3520.3 -2.5 270 0 11.4 14.5 7.5 2.5 2 1 3 0 0
2682.1 3429.3 -1.7 175 0 9.4 14.9 7.5 0.0 0 1 3 3 3
2079.0 3078.5 0.7 84 0 9.8 11.1 7.5 2.5 4 1 3 2 2
914.0 3160.8 3.4 74 0 10.6 10.8 5.0 2.5 2 1 2 5 5
1035.9 3165.5 4.4 64 0 8.8 10.2 7.5 2.5 2 1 3 0 0
1068.2 3143.0 4.3 268 0 10.7 7.9 7.5 2.5 2 0 3 0 0
1073.4 3280.5 4.1 270 0 10.8 7.9 2.5 2.5 2 0 1 2 2
1111.2 3218.5 4.3 78 0 9.8 7.5 2.5 2.5 2 0 1 1 1
1165.0 3242.6 4.3 341 0 10.4 14.4 10.0 0.0 0 1 4 2 2
1129.2 3180.9 4.4 247 0 13.7 15.5 2.5 2.5 2 1 1 2 2
910.3 5297.0 7.1 94 0 14.4 10.7 5.0 2.5 2 0 2 4 4
843.5 4932.6 8.8 89 0 10.0 12.4 7.5 0.0 0 1 3 5 5
2579.9 5962.1 6.2 85 0 11.7 13.0 7.5 2.5 2 1 3 4 4
2933.8 5250.2 -5.9 254 0 11.8 8.8 2.5 2.5 2 0 1 1 1
2949.3 5807.4 0.5 182 0 11.5 21.5 12.5 2.5 2 1 5 0 0
2270.0 5717.7 8.6 92 0 12.2 14.6 7.5 2.5 2 1 3 5 5
2296.8 5790.1 8.6 177 0 10.8 27.0 10.0 2.5 2 1 4 2 2
2411.2 5796.9 8.9 357 0 14.5 14.7 7.5 2.5 2 1 3 1 1
1817.3 5068.2 3.6 174 0 8.1 10.5 5.0 2.5 2 1 2 5 5
1807.1 5104.1 5.7 182 0 8.7 11.1 5.0 0.0 0 1 2 1 1
1921.8 4843.0 -4.8 176 0 9.3 13.0 7.5 2.5 4 1 3 3 3
2331.7 4826.4 0.7 253 0 15.9 13.5 7.5 2.5 2 0 3 4 4
2401.5 4851.4 0.7 269 0 9.6 6.0 7.5 0.0 0 0 3 0 0
2934.3 5072.8 -3.8 160 0 11.3 19.3 2.5 2.5 2 1 1 2 2
970.6 3059.7 4.2 263 0 9.9 10.9 5.0 2.5 2 1 2 1 1
678.9 3218.1 5.1 173 0 8.0 9.8 5.0 2.5 2 1 2 0 0
722.7 3179.6 4.8 248 0 6.9 9.7 7.5 2.5 2 1 3 3 3
718.9 3158.3 4.4 150 0 6.9 11.2 7.5 2.5 2 1 3 2 2
673.5 3276.2 5.0 270 0 10.2 7.8 7.5 2.5 2 0 3 1 1
780.8 3134.7 4.8 79 0 9.0 38.1 5.0 2.5 2 1 2 5 5
2206.1 5782.1 8.3 271 0 13.6 12.4 5.0 2.5 2 0 2 5 5
1859.3 5141.3 5.1 277 0 12.8 18.6 7.5 2.5 2 0 3 3 3
1888.4 5128.2 4.0 7 0 18.6 11.7 2.5 2.5 2 0 1 3 3
1872.0 5139.7 4.5 277 0 13.3 17.5 7.5 2.5 2 0 3 3 3
2104.4 5501.5 8.3 354 0 13.4 14.8 5.0 2.5 2 1 2 0 0
2185.4 5489.2 8.5 358 0 16.1 19.1 7.5 2.5 2 1 3 2 2
2049.5 5469.5 8.2 87 0 15.7 12.2 7.5 2.5 2 0 3 2 2
3461.5 3961.7 -1.1 85 0 17.8 15.8 7.5 2.5 2 0 3 4 4
3486.2 3995.8 -0.9 94 0 13.3 16.5 7.5 0.0 0 1 3 2 2
3481.1 4077.2 -0.3 254 0 16.1 18.6 10.0 2.5 2 1 4 1 1
3478.1 4141.1 0.5 263 0 14.6 11.6 5.0 2.5 4 0 2 4 4
3392.1 4109.6 -0.1 176 0 9.1 11.4 7.5 2.5 2 1 3 3 3
3503.5 3813.0 -2.0 166 0 16.3 13.8 5.0 2.5 2 0 2 5 5
3493.9 3853.3 -1.7 176 0 14.8 10.4 2.5 2.5 2 0 1 2 2
3533.2 3823.9 -2.0 175 0 13.9 13.2 7.5 2.5 2 0 3 4 4
1356.2 5046.6 7.6 266 0 12.3 11.1 2.5 2.5 2 0 1 1 1
1407.4 4980.8 7.7 92 0 7.9 41.2 7.5 2.5 2 1 3 5 5
1453.4 5041.9 7.6 276 0 19.9 16.5 7.5 2.5 2 0 3 1 1
1421.6 5060.9 7.5 2 0 26.0 7.7 2.5 2.5 2 0 1 2 2
1403.1 5059.9 7.6 179 0 27.7 11.1 7.5 2.5 2 0 3 1 1
1424.9 5110.1 7.5 355 0 36.7 10.6 10.0 2.5 2 0 4 3 3
1511.1 4960.7 4.9 179 0 8.1 15.8 5.0 2.5 2 1 2 4 4
1371.9 5022.7 7.6 270 0 16.5 16.3 5.0 2.5 2 0 2 1 1
685.4 5427.6 9.7 180 0 16.0 19.0 7.5 2.5 2 1 3 2 2
751.3 5673.9 8.1 78 0 12.8 10.2 7.5 2.5 2 0 3 2 2
1966.7 3674.8 2.4 88 0 7.0 13.9 7.5 0.0 0 1 3 0 0
1964.7 3751.8 2.8 359 0 11.4 13.3 5.0 2.5 2 1 2 2 2
1942.9 3728.0 2.7 158 0 7.5 13.6 7.5 2.5 2 0 3 4 4
1926.0 3721.9 2.8 162 0 12.0 12.0 2.5 2.5 2 1 1 5 5
1849.8 3711.8 3.3 172 0 11.6 12.0 5.0 2.5 2 1 2 3 3
1936.1 3694.8 2.6 171 0 7.6 11.0 7.5 2.5 2 1 3 4 4
2088.8 3722.8 3.0 339 0 12.1 14.7 5.0 2.5 2 1 2 1 1
2107.5 3717.3 2.8 334 0 9.0 13.5 2.5 2.5 2 1 1 3 3
2092.0 3681.4 2.7 179 0 11.7 10.8 5.0 2.5 2 0 2 3 3
2179.6 3611.4 1.0 175 0 7.7 11.3 7.5 2.5 2 1 3 0 0
2036.0 3704.6 2.4 338 0 8.7 23.0 2.5 2.5 2 1 1 1 1
2157.1 3812.9 1.7 88 0 11.4 9.1 5.0 2.5 2 0 2 4 4
2146.1 3786.6 2.0 90 0 10.8 8.7 5.0 2.5 4 0 2 3 3
2186.1 3730.7 1.0 70 0 11.7 11.0 2.5 2.5 2 0 1 5 5
2185.6 3858.4 1.4 260 0 11.0 11.7 2.5 2.5 2 1 1 2 2
2264.1 3836.8 2.0 89 0 10.4 11.9 7.5 2.5 2 1 3 4 4
2246.4 3796.3 1.1 161 0 15.3 13.1 2.5 2.5 2 0 1 5 5
2167.0 3877.8 1.5 267 0 20.7 11.2 5.0 2.5 2 0 2 5 5
2257.9 3928.8 1.4 155 0 13.4 9.9 5.0 2.5 2 0 2 2 2
2290.3 3856.1 1.1 170 0 10.5 13.4 7.5 2.5 2 1 3 3 3
2277.1 3803.2 1.6 168 0 11.8 11.5 5.0 2.5 2 0 2 2 2
2260.8 3754.3 0.7 161 0 9.8 10.5 7.5 2.5 2 1 3 3 3
2310.2 3728.8 0.9 166 0 7.9 11.6 5.0 2.5 2 1 2 3 3
2363.5 3803.1 -0.1 330 0 9.2 12.4 5.0 2.5 2 1 2 3 3
2332.7 3885.1 0.3 344 0 11.9 11.5 2.5 0.0 0 0 1 3 3
2398.5 3764.3 -0.3 345 0 11.1 10.7 5.0 2.5 2 0 2 3 3
2375.4 3988.9 0.6 337 0 18.9 15.3 10.0 2.5 2 0 4 0 0
2361.0 3962.4 0.4 359 0 14.1 15.2 2.5 2.5 2 1 1 4 4
2336.0 3968.5 0.5 340 0 15.2 13.5 5.0 2.5 2 0 2 0 0
2275.1 3660.5 0.3 70 0 6.5 9.9 2.5 2.5 2 1 1 3 3
2303.6 3693.0 0.4 70 0 7.9 10.4 7.5 2.5 2 1 3 0 0
2342.1 3665.9 0.3 111 0 11.0 21.3 2.5 2.5 2 1 1 1 1
2410.1 3652.5 -0.3 180 0 10.3 14.0 7.5 2.5 2 1 3 4 4
2456.6 3665.4 -0.9 349 0 11.2 10.7 5.0 2.5 2 0 2 2 2
2611.8 3667.7 -0.2 181 0 11.6 15.7 5.0 2.5 2 1 2 1 1
2582.6 3731.4 0.3 1 0 10.3 11.1 5.0 2.5 2 1 2 4 4
2560.9 3767.0 0.5 262 0 8.8 15.3 7.5 0.0 0 1 3 4 4
2661.0 3718.6 -0.0 359 0 9.5 7.7 2.5 2.5 2 0 1 2 2
2597.8 3748.3 0.3 0 0 8.0 8.3 2.5 2.5 2 1 1 1 1
2658.7 3842.5 -0.0 262 0 16.2 15.4 12.5 2.5 2 0 5 4 4
2697.0 3770.2 -0.1 354 0 9.4 11.8 2.5 2.5 2 1 1 4 4
2741.3 3827.7 -0.3 157 0 10.4 6.3 5.0 2.5 2 0 2 4 4
2799.9 3809.8 -0.7 323 0 11.8 12.3 7.5 2.5 2 1 3 2 2
2873.0 3756.6 -1.4 0 0 16.9 14.3 7.5 2.5 2 0 3 0 0
2880.8 3617.1 -1.6 355 0 6.0 11.3 2.5 2.5 4 1 1 3 3
2931.2 3813.1 0.8 73 0 17.9 13.2 7.5 2.5 2 0 3 1 1
2913.6 3966.3 2.0 70 0 21.3 11.5 5.0 2.5 2 0 2 3 3
2941.9 3958.6 1.8 179 0 16.3 12.5 7.5 2.5 2 0 3 5 5
2950.4 3887.2 1.3 182 0 13.3 10.5 2.5 2.5 2 0 1 0 0
2958.0 3921.9 1.5 180 0 15.8 14.3 10.0 0.0 0 0 4 3 3
2836.9 4036.6 2.7 85 0 10.3 6.2 5.0 2.5 2 0 2 4 4
2834.9 3941.4 1.0 270 0 12.2 8.7 5.0 2.5 2 0 2 3 3
2863.7 3887.5 1.0 272 0 11.3 9.7 7.5 2.5 2 0 3 0 0
2925.0 4065.4 2.7 357 0 15.7 17.7 7.5 2.5 2 1 3 0 0
2905.8 4091.9 2.9 264 0 14.5 13.9 5.0 2.5 2 0 2 0 0
2859.9 4075.6 2.8 270 0 18.8 10.4 10.0 2.5 2 0 4 2 2
2855.6 4100.3 3.1 72 0 13.0 14.2 7.5 2.5 2 0 3 5 5
2934.0 4081.6 2.8 175 0 15.6 9.1 5.0 2.5 2 0 2 0 0
2953.9 4174.8 3.3 106 0 5.6 20.9 2.5 2.5 2 1 1 2 2
2931.4 4125.3 3.1 173 0 7.1 11.3 5.0 2.5 2 1 2 4 4
2939.4 4277.9 3.6 286 0 14.3 29.7 5.0 2.5 4 1 2 0 0
2819.0 4209.5 3.9 0 0 14.8 15.0 2.5 0.0 0 1 1 2 2
2811.2 4159.9 3.6 65 0 18.5 14.7 7.5 2.5 2 0 3 4 4
2840.4 4107.2 3.2 69 0 11.6 10.8 5.0 2.5 2 0 2 3 3
2787.4 4060.4 1.9 72 0 10.7 10.9 5.0 2.5 2 1 2 5 5
2781.9 4073.4 2.0 74 0 11.4 13.8 5.0 2.5 2 1 2 2 2
2731.6 4059.7 0.1 70 0 10.3 9.9 7.5 2.5 2 0 3 0 0
2696.9 4143.1 0.5 164 0 13.5 14.5 2.5 2.5 2 1 1 0 0
2720.2 4162.2 1.3 175 0 21.6 12.9 10.0 2.5 2 0 4 5 5
2777.6 4172.5 3.7 348 0 10.3 13.2 5.0 2.5 2 1 2 4 4
2835.8 4165.5 3.5 354 0 16.5 8.9 7.5 2.5 4 0 3 5 5
2663.8 4148.6 0.8 180 0 9.8 11.5 5.0 0.0 0 1 2 4 4
2634.8 4143.6 1.0 268 0 12.0 15.4 2.5 2.5 2 1 1 5 5
2575.2 4090.6 1.2 353 0 8.1 16.9 5.0 2.5 2 1 2 5 5
2588.1 4069.5 1.1 347 0 13.8 16.1 2.5 0.0 0 1 1 0 0
2648.4 4039.3 0.8 71 0 17.9 13.9 10.0 2.5 2 0 4 5 5
2682.3 4046.7 0.6 354 0 9.2 11.4 7.5 2.5 2 1 3 1 1
2605.8 4016.0 0.8 358 0 9.1 11.7 2.5 2.5 2 1 1 4 4
2598.3 3975.1 0.5 86 0 11.8 25.0 7.5 2.5 2 1 3 1 1
2542.3 4084.0 1.1 348 0 13.0 15.0 5.0 2.5 2 1 2 4 4
2504.4 4055.7 1.3 174 0 11.4 14.5 5.0 2.5 2 1 2 5 5
2456.3 4057.5 1.9 156 0 8.7 26.1 5.0 2.5 2 1 2 3 3
2432.7 4041.7 1.9 156 0 11.0 19.3 5.0 2.5 2 1 2 1 1
2465.8 4044.9 2.2 164 0 10.5 6.7 7.5 2.5 2 0 3 1 1
2600.3 3912.5 0.7 346 0 10.4 15.6 7.5 2.5 2 1 3 5 5
2490.9 3864.9 0.9 174 0 8.6 13.5 2.5 0.0 0 1 1 5 5
2469.4 3773.9 -0.2 159 0 13.0 20.9 7.5 2.5 2 1 3 1 1
2485.7 3754.9 -0.3 249 0 9.9 11.1 7.5 2.5 2 1 3 2 2
2498.9 3700.8 -0.6 162 0 5.3 8.8 5.0 2.5 4 1 2 5 5
2521.7 3865.8 1.2 90 0 8.0 12.6 7.5 2.5 2 1 3 2 2
2465.1 3858.1 0.5 178 0 11.6 16.3 5.0 2.5 2 1 2 5 5
2454.7 3833.5 0.1 165 0 12.9 10.9 5.0 2.5 2 0 2 0 0
2424.8 3943.4 0.8 158 0 15.2 17.0 10.0 2.5 2 1 4 3 3
2408.5 3958.1 0.8 174 0 12.0 12.3 7.5 2.5 2 1 3 4 4
2412.2 3996.3 1.1 168 0 15.8 13.8 5.0 2.5 2 0 2 5 5
2393.0 3999.9 1.0 180 0 10.4 14.1 5.0 2.5 2 1 2 1 1
2951.8 4350.7 4.0 176 0 17.6 11.8 5.0 2.5 2 0 2 0 0
2943.6 4323.2 3.9 179 0 15.8 7.3 5.0 2.5 2 0 2 0 0
2946.0 4370.7 4.2 181 0 15.4 8.3 7.5 2.5 2 0 3 0 0
2935.9 4301.1 3.9 1 0 14.9 6.8 5.0 2.5 2 0 2 1 1
2867.3 4269.9 4.4 78 0 9.2 9.1 7.5 2.5 2 0 3 4 4
2840.5 4281.4 4.5 28 0 11.5 22.1 10.0 2.5 2 1 4 0 0
2757.0 4365.9 5.0 270 0 9.9 17.8 5.0 2.5 2 1 2 4 4
2747.2 4407.1 5.0 272 0 21.3 17.2 7.5 2.5 2 0 3 0 0
2863.5 4500.9 4.1 88 0 13.2 16.4 7.5 2.5 2 0 3 1 1
2876.2 4501.3 4.0 88 0 12.3 16.4 2.5 2.5 2 0 1 1 1
2785.2 4534.9 4.5 356 0 12.8 13.9 7.5 2.5 4 1 3 0 0
2830.7 4516.6 4.3 90 0 9.0 11.7 5.0 2.5 2 1 2 3 3
2855.2 4553.2 3.6 176 0 8.1 22.8 7.5 2.5 2 1 3 0 0
2909.7 4389.9 4.4 1 0 15.0 14.4 7.5 2.5 2 0 3 4 4
2922.9 4420.7 3.9 359 0 20.8 10.9 7.5 2.5 2 0 3 3 3
2951.2 4509.1 3.4 183 0 14.9 16.9 7.5 2.5 2 1 3 3 3
2959.5 4536.0 3.0 177 0 12.9 12.4 5.0 2.5 2 0 2 0 0
2910.8 4506.3 3.7 90 0 12.8 11.1 7.5 2.5 2 0 3 0 0
2925.6 4570.6 2.9 358 0 16.5 26.2 7.5 2.5 2 1 3 2 2
2744.7 4559.0 4.6 269 0 12.5 13.2 5.0 2.5 4 1 2 3 3
2750.1 4578.6 4.3 268 0 12.0 12.3 10.0 2.5 2 1 4 3 3
2658.2 4532.7 5.5 184 0 15.4 15.1 5.0 2.5 2 0 2 1 1
2583.8 4585.2 5.4 178 0 11.4 20.3 5.0 2.5 2 1 2 1 1
2591.8 4549.0 5.9 169 0 10.0 10.9 2.5 2.5 2 1 1 4 4
2690.7 4349.6 4.9 178 0 14.1 14.9 7.5 2.5 2 1 3 2 2
2638.7 4380.1 5.2 172 0 12.9 23.9 12.5 2.5 2 1 5 4 4
2657.3 4204.4 1.0 171 0 10.0 18.1 7.5 2.5 2 1 3 5 5
2634.4 4190.7 1.6 166 0 7.8 10.5 2.5 2.5 2 1 1 3 3
2619.8 4181.9 1.9 336 0 13.2 13.0 5.0 2.5 2 0 2 5 5
2634.5 4314.2 3.0 174 0 13.8 12.0 5.0 0.0 0 0 2 4 4
2595.6 4306.3 2.9 157 0 8.9 15.1 2.5 2.5 4 1 1 0 0
2595.8 4239.9 2.7 348 0 11.4 9.9 7.5 2.5 2 0 3 3 3
2611.0 4259.6 2.4 161 0 12.5 8.8 5.0 2.5 4 0 2 1 1
2574.0 4292.3 3.4 347 0 14.4 17.2 10.0 0.0 0 1 4 5 5
2640.4 4419.8 5.5 176 0 9.1 9.8 5.0 2.5 2 1 2 0 0
2549.3 4463.7 5.4 173 0 10.3 20.9 5.0 2.5 2 1 2 1 1
2543.7 4481.8 5.8 174 0 10.6 10.3 10.0 2.5 2 0 4 1 1
2476.4 4502.2 4.5 268 0 13.4 11.9 5.0 2.5 2 0 2 5 5
2342.3 4422.6 -3.4 268 0 17.9 14.2 7.5 2.5 2 0 3 5 5
2400.1 4446.3 -0.8 162 0 11.0 9.6 2.5 2.5 2 0 1 1 1
2389.4 4489.1 -1.1 247 0 10.5 12.4 2.5 2.5 2 1 1 1 1
2398.4 4410.1 -2.2 271 0 14.4 15.8 7.5 2.5 2 0 3 4 4
2443.3 4361.2 -0.3 343 0 11.4 15.8 5.0 2.5 2 1 2 5 5
2504.2 4352.8 3.9 357 0 6.8 9.1 5.0 2.5 2 1 2 5 5
2426.0 4261.0 -1.1 177 0 13.1 16.5 7.5 2.5 2 1 3 4 4
2416.6 4276.6 -1.3 179 0 13.5 15.6 7.5 0.0 0 1 3 1 1
2410.9 4217.6 -0.4 162 0 15.6 17.5 7.5 2.5 2 1 3 3 3
2438.1 4241.0 -0.9 159 0 16.2 15.6 5.0 2.5 4 0 2 3 3
2506.9 4309.7 3.6 341 0 8.5 7.6 5.0 2.5 4 0 2 2 2
2608.5 4160.6 1.8 339 0 6.0 9.0 5.0 2.5 4 1 2 2 2
2561.5 4190.7 2.4 356 0 8.3 12.7 2.5 2.5 2 1 1 5 5
2566.4 4146.0 1.8 338 0 16.5 13.4 10.0 2.5 2 0 4 0 0
2541.0 4147.4 1.7 336 0 19.5 13.8 7.5 2.5 2 0 3 4 4
2503.3 4128.6 0.7 345 0 17.4 17.6 10.0 2.5 2 1 4 3 3
2443.0 4104.9 1.3 88 0 12.8 14.2 10.0 2.5 2 1 4 2 2
2414.0 4141.7 0.7 158 0 14.5 13.9 7.5 2.5 2 0 3 5 5
2400.6 4156.0 0.3 156 0 6.8 9.6 5.0 2.5 2 1 2 2 2
2411.9 4069.8 1.2 156 0 14.3 10.2 5.0 2.5 4 0 2 3 3
2317.9 4377.6 -3.4 180 0 9.1 12.4 5.0 2.5 2 1 2 3 3
2320.7 4353.8 -3.1 171 0 9.2 22.7 7.5 2.5 2 1 3 5 5
2313.8 4317.1 -2.8 152 0 13.4 13.2 2.5 2.5 2 0 1 0 0
2283.1 4355.4 -3.1 178 0 10.9 9.6 5.0 2.5 2 0 2 3 3
2336.7 4266.5 -2.1 73 0 8.1 9.4 7.5 2.5 2 1 3 3 3
2584.1 4909.1 0.7 88 0 13.6 11.7 2.5 2.5 2 0 1 3 3
2614.1 5823.9 9.4 89 0 11.1 8.9 2.5 2.5 2 0 1 1 1
2260.1 5540.0 8.8 179 0 15.7 12.8 7.5 2.5 2 0 3 0 0
2198.8 5742.7 8.4 181 0 14.9 12.5 10.0 2.5 4 0 4 2 2
822.0 3407.8 3.1 257 0 13.8 9.2 7.5 2.5 2 0 3 3 3
771.0 3488.5 1.7 352 0 15.0 14.1 2.5 0.0 0 0 1 0 0
770.9 3502.2 1.5 347 0 5.7 7.6 5.0 2.5 4 1 2 4 4
849.1 3418.5 3.5 264 0 10.5 8.0 5.0 2.5 2 0 2 3 3
1026.3 3463.6 2.9 339 0 17.3 20.9 7.5 2.5 2 1 3 0 0
986.0 3550.3 2.1 348 0 15.1 11.9 7.5 2.5 2 0 3 4 4
1068.8 3556.9 3.1 264 0 17.4 16.7 7.5 2.5 2 0 3 2 2
1035.2 3466.4 3.1 156 0 16.7 9.3 2.5 2.5 2 0 1 0 0
1034.7 3497.0 3.0 162 0 8.0 33.0 7.5 2.5 2 1 3 5 5
1043.5 3362.9 3.7 0 0 9.9 9.6 5.0 2.5 2 0 2 5 5
1003.0 3399.4 3.6 336 0 5.0 11.0 5.0 0.0 0 1 2 5 5
3602.5 3809.2 -2.4 357 0 16.4 13.4 7.5 2.5 2 0 3 4 4
3598.5 3846.2 -2.1 1 0 12.3 12.4 5.0 2.5 2 1 2 3 3
3569.5 3991.1 -0.6 259 0 16.2 14.1 7.5 2.5 2 0 3 0 0
3601.8 3915.8 -1.2 355 0 19.3 11.5 10.0 2.5 2 0 4 2 2
3621.4 3888.1 -1.4 356 0 12.4 9.4 7.5 2.5 2 0 3 1 1
3632.3 3981.0 -0.1 348 0 13.0 14.5 5.0 2.5 2 1 2 3 3
3715.9 3874.7 -0.6 171 0 16.3 13.4 5.0 2.5 2 0 2 5 5
3701.8 4005.2 0.8 255 0 16.0 17.2 12.5 2.5 2 1 5 3 3
619.3 5546.2 10.5 267 0 15.7 11.5 7.5 2.5 2 0 3 2 2
640.4 5040.2 7.7 84 0 12.4 10.1 7.5 2.5 2 0 3 0 0
2729.4 5087.3 -2.2 257 0 18.6 13.0 5.0 2.5 2 0 2 1 1
2712.6 5033.9 -1.4 175 0 11.7 8.3 5.0 2.5 2 0 2 2 2
2782.9 4982.3 -1.4 77 0 14.8 15.6 2.5 2.5 2 1 1 4 4
2659.1 4979.5 -0.3 172 0 14.2 14.0 5.0 2.5 2 0 2 4 4
2483.3 4891.4 0.3 80 0 16.5 12.6 7.5 2.5 2 0 3 1 1
1961.4 5206.2 4.5 268 0 16.2 13.7 2.5 2.5 2 0 1 2 2
2005.7 5178.2 2.1 88 0 14.9 11.5 5.0 0.0 0 0 2 5 5
2061.4 5193.9 -0.1 265 0 8.8 16.8 5.0 2.5 2 1 2 4 4
2282.8 5432.6 4.2 86 0 14.9 16.2 7.5 2.5 2 1 3 3 3
2417.9 5615.0 7.4 253 0 16.7 13.6 2.5 2.5 2 0 1 4 4
2394.1 5617.9 8.2 258 0 21.0 16.7 12.5 2.5 2 0 5 0 0
2019.6 5763.9 7.8 89 0 17.7 18.3 7.5 2.5 2 1 3 1 1
2081.9 5635.4 8.1 355 0 12.1 16.6 5.0 2.5 2 1 2 5 5
2034.0 5359.9 8.3 90 0 8.8 9.3 7.5 2.5 2 1 3 1 1
2631.0 5027.4 -1.2 159 0 16.3 20.8 7.5 2.5 2 1 3 2 2
2681.0 5012.2 -0.8 337 0 13.9 10.7 2.5 2.5 2 0 1 5 5
2832.6 4960.6 -1.3 269 0 16.0 17.9 10.0 0.0 0 1 4 5 5
2913.1 5134.7 -4.4 161 0 7.4 13.8 5.0 2.5 2 1 2 4 4
2541.6 5630.8 3.6 270 0 14.6 18.0 7.5 2.5 2 1 3 2 2
2461.5 5636.8 6.8 270 0 15.7 13.5 7.5 2.5 2 0 3 3 3
2093.0 5147.8 -2.9 112 0 11.5 19.9 5.0 2.5 2 1 2 5 5
1430.7 3228.5 4.7 338 0 10.4 7.4 7.5 2.5 2 0 3 1 1
1390.2 3217.2 4.7 169 0 10.6 11.7 5.0 2.5 2 1 2 2 2
1383.0 3243.1 4.6 175 0 9.6 11.1 5.0 2.5 2 1 2 5 5
1433.9 3062.7 4.3 347 0 9.5 4.9 7.5 2.5 2 0 3 2 2
1262.4 3165.7 4.6 177 0 13.7 6.4 7.5 2.5 2 0 3 3 3
1268.9 3228.1 4.5 267 0 11.3 12.3 2.5 2.5 2 1 1 0 0
1248.9 3206.8 4.5 178 0 9.1 14.6 2.5 2.5 2 1 1 5 5
1184.8 3254.3 4.3 171 0 10.1 13.8 2.5 2.5 4 1 1 3 3
1149.3 3280.2 4.2 171 0 11.7 12.7 2.5 2.5 2 1 1 3 3
1155.8 3308.6 4.2 177 0 15.3 9.4 5.0 2.5 2 0 2 3 3
1133.3 3276.0 4.2 358 0 11.7 17.0 7.5 2.5 2 1 3 4 4
1117.0 3304.3 4.1 322 0 11.6 13.0 5.0 2.5 2 1 2 5 5
1071.2 3388.3 3.8 161 0 10.6 10.1 5.0 2.5 2 0 2 1 1
1116.8 3416.1 3.8 265 0 10.5 10.2 2.5 2.5 2 0 1 4 4
1228.6 3460.5 4.4 60 0 10.2 7.4 5.0 2.5 2 0 2 5 5
1268.9 3527.8 3.4 8 0 21.8 15.6 7.5 2.5 2 0 3 4 4
1313.2 3352.3 4.6 176 0 10.3 10.7 7.5 2.5 2 1 3 5 5
1330.0 3358.8 4.5 258 0 11.0 6.8 5.0 2.5 2 0 2 4 4
1364.8 3298.4 4.7 165 0 7.4 9.0 7.5 2.5 2 1 3 2 2
1330.1 3514.3 3.0 181 0 10.0 21.8 5.0 2.5 2 1 2 1 1
3649.2 4036.0 0.9 72 0 8.9 10.8 2.5 2.5 2 1 1 5 5
3530.0 4196.6 1.8 178 0 16.3 14.0 7.5 2.5 4 0 3 2 2
3486.4 4288.4 2.7 154 0 14.0 14.4 2.5 2.5 2 1 1 4 4
3605.9 4269.9 3.3 252 0 13.8 15.1 5.0 2.5 2 1 2 4 4
3612.1 4287.4 3.8 77 0 9.2 13.1 7.5 2.5 2 1 3 2 2
3655.6 4272.4 4.0 171 0 12.7 15.9 2.5 2.5 2 1 1 4 4
3646.1 4342.8 4.6 0 0 13.2 12.8 2.5 2.5 2 0 1 4 4
3651.8 4387.2 4.5 346 0 19.5 11.9 7.5 2.5 2 0 3 3 3
3631.6 4429.6 4.3 356 0 15.4 16.2 7.5 2.5 2 1 3 0 0
3608.9 4365.9 4.4 78 0 14.0 11.2 2.5 2.5 4 0 1 0 0
3636.9 4355.1 4.6 79 0 8.1 9.8 5.0 2.5 2 1 2 0 0
3648.9 4309.6 4.4 165 0 13.9 14.1 5.0 2.5 2 1 2 5 5
3515.0 4370.2 3.9 177 0 10.3 19.9 5.0 2.5 2 1 2 1 1
3542.0 4348.0 3.9 168 0 13.7 13.3 5.0 2.5 2 0 2 1 1
3516.2 4396.7 3.8 174 0 18.7 11.6 7.5 2.5 2 0 3 0 0
3541.3 4441.3 3.7 180 0 19.7 12.1 2.5 2.5 4 0 1 5 5
3606.3 4525.4 4.2 1 0 11.0 11.6 5.0 2.5 2 1 2 0 0
3625.4 4492.3 4.5 342 0 13.9 14.5 7.5 0.0 0 1 3 3 3
3532.9 4488.7 3.9 160 0 16.0 15.9 7.5 2.5 2 0 3 5 5
3026.4 3654.5 -0.7 357 0 16.0 17.6 7.5 2.5 2 1 3 3 3
3098.7 3657.5 -0.9 176 0 14.5 12.9 2.5 2.5 4 0 1 2 2
3079.0 3734.7 -0.3 176 0 19.1 17.5 12.5 2.5 2 0 5 1 1
3069.5 3786.5 0.2 73 0 16.5 23.6 10.0 2.5 2 1 4 5 5
3008.9 3678.0 -0.4 344 0 13.6 11.1 5.0 2.5 2 0 2 1 1
3074.0 3848.8 0.6 335 0 19.8 12.4 2.5 2.5 2 0 1 0 0
3120.7 3931.0 0.8 354 0 12.2 12.8 5.0 2.5 2 1 2 1 1
3050.7 3920.7 1.1 266 0 16.0 12.7 5.0 2.5 2 0 2 5 5
3117.4 3985.3 1.1 349 0 10.0 9.9 2.5 2.5 4 0 1 3 3
3009.2 3896.2 1.1 175 0 14.7 11.1 5.0 2.5 2 0 2 3 3
3142.6 4032.3 1.2 259 0 11.8 18.8 5.0 2.5 2 1 2 0 0
3069.5 4062.9 1.7 250 0 15.0 17.7 7.5 2.5 2 1 3 0 0
3063.6 4102.4 2.0 358 0 17.1 13.2 5.0 2.5 2 0 2 4 4
2991.9 4177.3 2.7 248 0 13.8 18.9 7.5 0.0 0 1 3 2 2
3002.8 4266.4 3.4 347 0 16.5 14.5 2.5 2.5 2 0 1 0 0
3023.1 4255.2 3.1 174 0 13.4 41.8 7.5 2.5 2 1 3 0 0
3105.9 4184.8 2.5 84 0 11.6 20.4 10.0 0.0 0 1 4 5 5
3067.5 4148.7 2.3 176 0 14.1 10.4 7.5 2.5 4 0 3 0 0
3132.1 4233.1 2.3 358 0 13.6 13.8 5.0 2.5 2 1 2 3 3
3159.2 4206.4 1.8 1 0 14.7 14.3 5.0 0.0 0 0 2 2 2
3131.0 4342.9 2.3 264 0 16.1 12.9 2.5 2.5 4 0 1 4 4
3233.4 4246.4 1.4 346 0 15.2 13.8 5.0 0.0 0 0 2 5 5
3236.4 4349.2 1.7 82 0 29.9 19.0 10.0 2.5 2 0 4 0 0
3175.2 3777.2 -0.4 176 0 18.4 11.9 5.0 2.5 2 0 2 1 1
3233.7 3777.0 -0.7 86 0 14.8 12.4 5.0 2.5 2 0 2 2 2
3202.7 3800.1 -0.5 274 0 9.5 9.5 7.5 2.5 2 1 3 0 0
3258.3 3676.4 -1.5 266 0 8.7 18.0 7.5 2.5 2 1 3 5 5
3284.2 3642.8 -1.9 160 0 10.1 21.5 7.5 0.0 0 1 3 3 3
3276.9 3667.4 -1.7 167 0 34.0 8.4 7.5 0.0 0 0 3 3 3
3270.0 3692.3 -1.5 162 0 7.1 32.3 7.5 2.5 4 1 3 1 1
3271.3 3739.9 -1.2 269 0 16.0 14.4 2.5 2.5 2 0 1 5 5
3181.0 3649.9 -1.3 344 0 14.7 24.6 7.5 2.5 4 1 3 4 4
3155.1 3804.5 -0.1 166 0 13.0 10.5 5.0 2.5 2 0 2 4 4
3155.0 3826.6 0.1 164 0 10.8 10.2 5.0 2.5 2 0 2 1 1
2235.3 4761.4 1.2 181 0 11.2 17.4 5.0 2.5 2 1 2 1 1
2223.8 4765.7 1.1 266 0 13.6 12.5 7.5 2.5 2 0 3 2 2
2199.8 4744.9 1.3 256 0 15.1 19.9 7.5 2.5 2 1 3 3 3
2175.2 4735.6 -0.2 250 0 14.0 15.7 5.0 2.5 2 1 2 3 3
2218.3 4781.6 0.6 74 0 9.0 9.5 5.0 2.5 2 1 2 5 5
2200.2 4779.7 0.5 88 0 12.6 10.1 5.0 2.5 2 0 2 2 2
2143.5 4769.5 0.2 79 0 11.3 17.9 2.5 2.5 2 0 1 1 1
2144.0 4715.2 -4.4 350 0 13.6 19.8 12.5 0.0 0 1 5 1 1
2102.9 4741.3 -3.5 83 0 16.3 19.7 10.0 2.5 2 1 4 5 5
2079.8 4737.5 -4.8 87 0 11.7 8.2 2.5 2.5 4 0 1 1 1
2133.3 4751.6 -0.6 78 0 15.3 18.3 17.5 0.0 0 0 7 3 3
2086.9 4701.6 -5.5 268 0 16.3 19.1 7.5 2.5 2 1 3 4 4
2015.6 4614.0 -5.0 78 0 16.0 17.4 10.0 2.5 2 1 4 1 1
1973.9 4696.3 -5.7 166 0 14.4 15.1 2.5 2.5 2 1 1 0 0
2024.0 4675.6 -5.5 266 0 12.6 17.3 5.0 2.5 2 1 2 4 4
1987.8 4712.1 -5.8 163 0 8.7 11.8 5.0 0.0 0 1 2 0 0
1904.6 4695.4 -5.5 166 0 18.7 14.8 5.0 2.5 2 0 2 5 5
1935.3 4781.5 -5.6 341 0 12.2 15.3 5.0 2.5 2 1 2 5 5
1898.0 4691.2 -5.3 343 0 14.8 15.8 7.5 2.5 2 1 3 0 0
1887.3 4719.4 -5.6 344 0 16.6 13.8 2.5 2.5 4 0 1 1 1
1848.1 4687.9 -5.2 162 0 15.3 13.3 7.5 2.5 2 0 3 0 0
1862.8 4658.3 -4.9 92 0 10.9 12.8 7.5 0.0 0 1 3 1 1
1860.4 4629.3 -4.6 77 0 12.4 12.8 10.0 2.5 2 0 4 0 0
1813.8 4715.9 -5.4 88 0 15.1 12.8 5.0 2.5 2 0 2 2 2
1781.5 4688.2 -4.9 89 0 18.9 16.6 12.5 2.5 2 0 5 3 3
1804.0 4601.0 -4.2 67 0 9.0 13.5 7.5 2.5 2 1 3 4 4
1870.3 4581.0 -4.0 258 0 10.2 19.0 10.0 2.5 2 1 4 4 4
1868.7 4604.4 -4.4 163 0 19.0 19.0 10.0 2.5 2 0 4 0 0
1929.6 4634.0 -4.8 255 0 14.6 11.5 7.5 0.0 0 0 3 2 2
1999.9 4694.1 -5.7 71 0 4.2 8.4 5.0 2.5 2 1 2 1 1
1790.0 4351.2 -1.3 354 0 9.6 6.6 7.5 2.5 2 0 3 5 5
1795.1 4309.8 -0.8 356 0 9.8 8.0 5.0 0.0 0 0 2 5 5
2068.3 4395.7 -2.8 67 0 6.4 12.2 5.0 2.5 2 0 2 5 5
2071.6 4402.5 -2.8 68 0 5.7 9.6 5.0 2.5 2 0 2 5 5
2365.6 4195.2 -0.9 267 0 14.6 16.7 7.5 2.5 2 1 3 4 4
2346.8 4136.5 -0.7 267 0 15.3 11.5 10.0 0.0 0 0 4 3 3
2327.7 4015.1 0.2 336 0 11.7 15.8 7.5 2.5 4 1 3 1 1
2341.0 4050.9 -0.2 62 0 14.5 13.9 7.5 2.5 2 0 3 1 1
2263.0 4091.1 -0.1 268 0 13.6 18.8 10.0 2.5 2 1 4 4 4
2228.8 4121.8 -0.2 269 0 9.5 14.1 5.0 0.0 0 1 2 3 3
2249.2 4022.2 1.2 345 0 18.9 12.0 7.5 2.5 2 0 3 4 4
2210.9 3962.5 1.9 157 0 14.2 23.5 10.0 0.0 0 1 4 2 2
2240.6 3980.2 1.4 168 0 12.6 12.9 5.0 2.5 2 0 2 2 2
2156.5 4040.9 0.5 163 0 16.0 12.9 5.0 0.0 0 0 2 4 4
2169.5 3948.3 1.1 156 0 15.2 28.4 10.0 2.5 2 1 4 4 4
2145.4 3956.7 1.2 180 0 14.1 16.0 2.5 2.5 2 1 1 1 1
2117.1 4008.2 1.2 178 0 9.2 18.8 7.5 2.5 2 1 3 0 0
2113.4 4030.7 1.0 160 0 11.4 13.9 2.5 2.5 2 1 1 3 3
2135.9 4117.3 0.1 267 0 13.1 11.9 2.5 2.5 4 0 1 3 3
2182.1 4055.6 0.0 162 0 9.9 8.1 5.0 2.5 2 0 2 5 5
2169.5 4155.9 -0.5 267 0 12.8 16.0 5.0 2.5 2 1 2 3 3
2210.3 4180.6 -1.2 259 0 14.4 10.2 7.5 2.5 2 0 3 0 0
2401.2 4097.6 0.7 66 0 6.2 6.8 2.5 2.5 2 1 1 4 4
2385.3 4264.3 -1.4 66 0 10.1 26.7 7.5 2.5 2 1 3 0 0
2082.3 4032.3 1.1 347 0 15.2 17.5 7.5 2.5 2 1 3 1 1
2039.8 4004.1 1.5 181 0 13.5 12.8 5.0 2.5 2 0 2 4 4
2030.7 3972.3 2.0 165 0 13.3 20.0 7.5 2.5 2 1 3 2 2
2045.3 3947.7 2.4 253 0 14.8 18.0 10.0 2.5 2 1 4 0 0
2049.9 3878.5 3.2 75 0 16.6 15.2 7.5 0.0 0 0 3 0 0
2118.4 3947.8 1.9 347 0 14.4 11.9 5.0 2.5 2 0 2 3 3
2113.1 3976.8 1.6 358 0 13.0 7.8 7.5 2.5 2 0 3 1 1
2010.5 3857.5 3.2 69 0 18.7 13.8 10.0 2.5 2 0 4 0 0
1993.3 3837.3 3.0 67 0 13.9 14.8 7.5 0.0 0 1 3 4 4
2000.3 3958.7 2.6 265 0 14.3 8.1 5.0 2.5 2 0 2 4 4
1953.2 3967.1 1.8 179 0 11.4 20.3 2.5 0.0 0 1 1 2 2
1957.4 3943.9 2.0 178 0 12.0 16.8 5.0 2.5 2 1 2 0 0
1959.0 3855.6 2.8 86 0 11.1 12.3 10.0 2.5 2 1 4 1 1
1911.2 3896.9 2.8 250 0 12.2 14.4 5.0 2.5 2 1 2 2 2
1943.5 3817.5 3.1 358 0 9.6 10.1 5.0 2.5 2 1 2 2 2
1875.1 3788.8 3.0 188 0 15.4 20.1 10.0 0.0 0 1 4 3 3
1854.2 3838.8 3.1 166 0 8.1 24.2 2.5 2.5 2 1 1 5 5
1792.3 3860.2 3.2 357 0 13.4 9.1 7.5 2.5 4 0 3 2 2
1809.6 3740.0 3.3 70 0 37.0 7.3 7.5 2.5 4 0 3 0 0
1949.0 4210.7 -0.2 90 0 9.2 12.3 5.0 2.5 2 1 2 1 1
1606.3 4984.2 5.8 178 0 8.4 12.2 7.5 0.0 0 1 3 2 2
1596.2 5104.8 7.8 180 0 11.4 10.4 2.5 2.5 2 0 1 0 0
1814.8 5321.2 7.7 274 0 14.7 17.8 7.5 2.5 2 1 3 4 4
1694.4 5092.7 7.7 179 0 8.7 8.4 5.0 2.5 2 0 2 4 4
1898.1 5913.9 7.3 90 0 9.7 11.7 5.0 2.5 2 1 2 1 1
1666.1 5138.0 7.5 360 0 8.6 20.0 7.5 2.5 2 1 3 4 4
1871.5 5797.6 7.4 135 0 15.9 22.2 7.5 0.0 0 1 3 4 4
1914.8 5715.2 7.6 269 0 14.7 17.8 7.5 2.5 2 1 3 4 4
1647.8 5340.7 7.2 259 0 8.5 17.6 7.5 2.5 4 1 3 2 2
2302.9 5355.4 -0.5 178 0 13.9 8.2 5.0 2.5 2 0 2 3 3
1617.1 5249.6 7.7 233 0 9.9 18.8 5.0 2.5 2 1 2 4 4
1735.7 5310.1 7.5 268 0 7.3 8.4 7.5 0.0 0 1 3 0 0
2870.8 5271.0 -5.8 162 0 9.9 9.8 5.0 2.5 2 0 2 4 4
1732.2 5615.9 7.2 269 0 20.6 15.3 15.0 0.0 0 0 6 5 5
1764.9 5883.7 6.9 359 0 11.1 11.1 5.0 0.0 0 0 2 0 0
1640.1 5927.7 6.5 86 0 10.2 4.9 5.0 2.5 2 0 2 4 4
1505.4 5970.8 8.0 180 0 9.8 15.9 7.5 2.5 2 1 3 3 3
1489.6 5951.0 8.3 12 0 23.8 9.9 5.0 2.5 2 0 2 2 2
1500.8 5939.2 8.0 185 0 7.9 25.0 2.5 2.5 2 1 1 5 5
1390.0 5825.1 8.8 357 0 16.9 14.6 5.0 2.5 2 0 2 0 0
1446.1 5891.9 8.6 179 0 24.0 9.9 7.5 2.5 2 0 3 0 0
1444.0 5761.7 8.7 173 0 6.8 10.8 5.0 2.5 2 1 2 2 2
1533.1 5758.7 8.0 91 0 14.4 12.3 7.5 2.5 4 0 3 3 3
1699.6 5773.2 6.9 271 0 12.5 14.8 2.5 2.5 2 1 1 2 2
1747.9 5511.9 7.3 266 0 13.4 15.3 2.5 2.5 2 1 1 1 1
3400.4 3810.6 -1.6 180 0 10.0 13.3 7.5 2.5 2 1 3 2 2
3375.3 3766.6 -1.7 350 0 10.4 7.4 2.5 2.5 2 0 1 0 0
3496.9 3757.6 -2.2 355 0 13.0 11.6 7.5 0.0 0 0 3 1 1
3507.0 3718.1 -2.5 352 0 23.8 13.5 7.5 2.5 2 0 3 1 1
3243.4 3969.3 -0.1 85 0 13.1 14.1 7.5 2.5 2 1 3 4 4
3245.0 3994.7 -0.0 268 0 9.3 7.8 5.0 2.5 2 0 2 5 5
966.9 3624.6 1.7 354 0 15.7 17.6 10.0 2.5 2 1 4 2 2
899.7 3623.3 1.0 351 0 9.7 12.8 5.0 2.5 2 1 2 5 5
701.2 3850.1 -1.6 88 0 18.2 13.5 10.0 2.5 2 0 4 0 0
712.4 4164.9 0.5 161 0 11.5 9.8 5.0 2.5 2 0 2 1 1
627.2 4155.8 -0.4 263 0 16.0 14.0 2.5 2.5 2 0 1 3 3
650.8 4201.5 0.3 92 0 11.9 7.6 2.5 2.5 2 0 1 0 0
851.9 4382.4 3.0 355 0 12.4 10.3 5.0 2.5 2 0 2 4 4
832.6 4270.9 2.0 61 0 14.7 16.9 7.5 0.0 0 1 3 4 4
891.0 4241.4 2.0 257 0 15.5 15.3 7.5 2.5 2 0 3 5 5
806.0 4198.9 1.2 248 0 10.9 14.0 7.5 2.5 2 1 3 0 0
1619.8 5450.6 7.3 177 0 15.2 16.9 10.0 2.5 2 1 4 2 2
5410.8 4687.8 -3.4 76 0 7.1 7.1 7.5 2.5 2 0 3 0 0
5398.8 4713.1 -3.3 345 0 22.9 11.3 7.5 2.5 2 0 3 3 3
5415.9 4807.3 -2.7 264 0 5.4 5.7 7.5 2.5 2 1 3 4 4
5375.1 4801.2 -2.5 264 0 9.5 6.1 7.5 2.5 2 0 3 5 5
5407.5 4784.8 -2.7 350 0 3.6 9.6 5.0 2.5 2 1 2 4 4
5371.4 4542.7 -4.3 336 0 11.0 10.1 2.5 2.5 4 0 1 0 0
5421.2 4785.7 -2.7 82 0 6.2 9.6 5.0 2.5 2 1 2 4 4
426.6 2358.2 -1.2 345 0 12.8 7.4 7.5 2.5 2 0 3 3 3
592.6 2363.9 -1.9 173 0 14.2 23.5 7.5 2.5 2 1 3 1 1
640.4 2365.8 -2.0 355 0 8.8 4.8 7.5 2.5 2 0 3 2 2
1510.7 3459.8 3.7 172 0 14.5 12.6 10.0 2.5 2 0 4 5 5
1510.2 3520.9 3.8 173 0 9.1 9.0 5.0 2.5 2 0 2 0 0
1573.8 3562.2 3.5 353 0 10.2 11.0 7.5 2.5 2 1 3 0 0
1702.4 3548.9 4.1 256 0 8.2 13.0 2.5 2.5 2 1 1 0 0
1662.8 3396.0 4.2 352 0 6.4 4.9 7.5 2.5 2 0 3 3 3
1679.5 3475.2 4.1 180 0 8.0 9.8 7.5 2.5 2 1 3 4 4
1586.1 3338.8 4.4 174 0 6.0 7.5 2.5 2.5 4 1 1 1 1
1676.4 3437.9 4.1 168 0 7.0 6.9 5.0 2.5 2 0 2 5 5
1663.7 3664.3 4.3 261 0 9.7 10.5 2.5 2.5 2 1 1 2 2
1723.1 3654.3 4.1 354 0 6.9 20.6 5.0 2.5 2 1 2 3 3
4223.2 4267.2 1.4 83 0 13.1 18.7 5.0 2.5 2 1 2 3 3
4360.3 4199.6 -0.4 339 0 12.7 11.4 10.0 2.5 2 0 4 2 2
4471.7 4185.7 -2.0 71 0 20.3 7.1 5.0 2.5 2 0 2 1 1
4485.7 4190.6 -2.1 71 0 6.4 7.8 2.5 2.5 2 1 1 0 0
4511.6 4230.2 -2.7 133 0 13.6 21.7 7.5 2.5 4 1 3 0 0
4531.2 4244.8 -2.8 201 0 6.7 8.5 7.5 2.5 2 1 3 0 0
4567.6 4160.3 -3.3 67 0 9.7 15.0 2.5 2.5 2 1 1 1 1
5344.0 4754.0 -2.7 180 0 9.4 15.1 5.0 2.5 2 1 2 4 4
5355.4 4731.0 -3.0 247 0 13.1 15.4 2.5 2.5 2 1 1 4 4
4221.1 4487.8 1.4 242 0 5.3 7.2 2.5 2.5 2 1 1 3 3
4228.3 4489.0 1.3 247 0 5.5 6.8 5.0 2.5 2 1 2 5 5
4235.1 4492.7 1.2 247 0 5.7 7.4 5.0 2.5 4 1 2 5 5
4241.6 4495.6 1.2 247 0 5.4 7.1 5.0 2.5 2 1 2 5 5
4252.5 4496.6 1.1 335 0 7.2 5.9 5.0 2.5 2 0 2 0 0
4220.0 4501.1 1.5 246 0 6.1 7.5 7.5 2.5 2 1 3 4 4
4226.6 4503.9 1.4 246 0 5.3 7.4 2.5 2.5 4 1 1 3 3
3341.7 4135.2 0.2 182 0 10.4 13.5 7.5 2.5 2 1 3 0 0
3325.6 4193.1 0.5 163 0 15.4 8.9 7.5 2.5 2 0 3 3 3
3177.2 4152.3 1.4 338 0 14.1 6.7 5.0 2.5 2 0 2 3 3
3095.5 4312.7 2.9 270 0 15.3 11.7 7.5 2.5 2 0 3 5 5
3214.5 4268.5 1.5 248 0 9.7 14.4 7.5 2.5 2 1 3 1 1
3155.7 4352.5 2.2 262 0 10.9 13.7 7.5 2.5 2 1 3 3 3
2995.9 4329.7 3.9 77 0 15.4 15.6 2.5 2.5 2 1 1 5 5
2985.3 4418.3 3.5 253 0 12.4 27.9 7.5 2.5 2 1 3 3 3
3049.2 4346.1 3.6 3 0 16.5 16.7 7.5 2.5 2 1 3 4 4
3116.2 4411.0 2.6 347 0 9.2 20.7 7.5 2.5 2 1 3 1 1
3173.2 4414.1 2.4 89 0 17.4 16.1 5.0 0.0 0 0 2 0 0
3121.7 4461.1 2.5 180 0 16.0 22.2 10.0 2.5 2 1 4 3 3
3109.3 4438.0 2.8 344 0 15.4 20.3 5.0 2.5 2 1 2 0 0
3106.3 4507.8 2.1 176 0 17.5 18.3 10.0 2.5 2 1 4 4 4
3041.6 4483.7 3.1 269 0 11.0 14.1 5.0 2.5 2 1 2 2 2
3085.8 4518.3 2.1 90 0 12.7 17.5 2.5 2.5 2 1 1 2 2
3159.9 4530.1 1.5 354 0 14.8 16.1 5.0 0.0 0 1 2 1 1
3209.5 4437.9 2.1 162 0 19.2 14.8 10.0 2.5 2 0 4 2 2
3226.8 4449.3 1.9 159 0 18.7 14.3 12.5 2.5 2 0 5 3 3
3213.1 4479.3 1.6 166 0 16.2 12.0 5.0 2.5 2 0 2 0 0
3161.8 4604.7 0.4 178 0 11.3 18.1 10.0 2.5 2 1 4 1 1
3289.1 4487.5 1.8 87 0 14.7 14.7 7.5 2.5 2 1 3 1 1
3317.9 4499.3 2.0 75 0 15.6 21.5 10.0 2.5 2 1 4 0 0
2879.2 5087.5 -3.4 172 0 8.9 8.7 7.5 2.5 2 0 3 4 4
2788.2 4949.8 -0.8 274 0 16.3 17.1 7.5 2.5 2 1 3 0 0
2765.6 5026.7 -1.7 3 0 15.8 13.2 2.5 2.5 2 0 1 1 1
2457.3 4893.9 -0.0 89 0 14.8 17.1 2.5 2.5 2 1 1 3 3
2426.9 4855.9 0.8 251 0 14.5 15.2 2.5 2.5 2 1 1 5 5
2283.6 4838.9 -0.0 77 0 10.5 9.1 2.5 2.5 2 0 1 4 4
1854.9 5383.6 7.8 267 0 15.3 18.1 10.0 2.5 2 1 4 4 4
1979.5 5755.6 7.7 87 0 17.2 14.0 7.5 2.5 2 0 3 0 0
1976.0 5579.3 7.9 267 0 17.8 14.4 10.0 2.5 2 0 4 0 0
2019.6 5938.9 7.6 88 0 18.4 15.2 10.0 2.5 2 0 4 5 5
1925.3 6003.0 7.3 266 0 18.8 14.9 10.0 2.5 2 0 4 1 1
2023.3 5642.0 8.0 177 0 13.6 18.8 7.5 2.5 2 1 3 0 0
2164.1 5408.6 7.7 80 0 12.8 16.8 7.5 2.5 2 1 3 0 0
2360.8 5587.8 8.9 89 0 17.0 18.9 5.0 2.5 2 1 2 0 0
2384.3 5581.5 7.1 175 0 15.8 14.0 7.5 2.5 4 0 3 1 1
2155.3 5711.5 8.3 267 0 12.3 14.1 2.5 2.5 2 1 1 3 3
2158.7 5657.3 8.3 356 0 21.0 16.3 7.5 2.5 2 0 3 1 1
2259.1 5580.5 8.7 264 0 17.2 21.1 10.0 2.5 2 1 4 2 2
1480.7 5421.7 8.2 178 0 14.9 19.1 7.5 2.5 4 1 3 0 0
1510.1 5305.6 8.0 87 0 11.4 16.5 7.5 2.5 2 1 3 2 2
1507.8 5271.0 8.0 267 0 16.6 13.3 5.0 2.5 2 0 2 2 2
1496.5 5295.3 8.3 1 0 9.0 10.5 5.0 0.0 0 1 2 4 4
1397.8 5172.3 7.4 177 0 13.7 7.9 5.0 2.5 2 0 2 5 5
1432.1 5197.0 7.3 355 0 11.9 7.4 5.0 2.5 2 0 2 1 1
1272.6 5042.0 7.6 267 0 18.0 23.4 7.5 2.5 2 1 3 2 2
1271.0 4987.6 7.7 82 0 9.8 10.3 5.0 2.5 4 1 2 1 1
925.6 4928.0 7.8 88 0 7.9 22.8 7.5 2.5 2 1 3 4 4
1026.8 5104.2 7.5 177 0 7.2 12.8 7.5 2.5 2 1 3 3 3
836.3 5009.8 8.5 178 0 8.3 14.6 7.5 2.5 4 1 3 3 3
706.2 5463.2 9.4 176 0 9.4 6.9 7.5 2.5 2 0 3 5 5
760.5 5471.7 8.7 0 0 12.0 18.1 5.0 0.0 0 1 2 0 0
885.1 5764.8 6.4 183 0 17.5 13.7 2.5 2.5 2 0 1 5 5
1346.1 5951.4 9.0 262 0 13.6 9.5 7.5 2.5 2 0 3 0 0
1174.5 5782.6 10.9 174 0 12.7 12.8 10.0 2.5 2 1 4 0 0
1201.2 5940.1 8.8 359 0 10.4 12.4 5.0 2.5 2 1 2 2 2
1303.0 5771.9 8.5 263 0 18.0 19.1 10.0 2.5 2 1 4 4 4
1227.4 5676.6 10.8 121 0 10.5 18.0 10.0 2.5 2 1 4 1 1
1173.2 5598.4 7.7 351 0 13.2 15.6 10.0 2.5 2 1 4 3 3
1295.3 5414.3 7.0 89 0 13.2 13.4 7.5 0.0 0 1 3 5 5
1316.8 5154.8 7.4 87 0 8.9 6.5 5.0 2.5 2 0 2 5 5
1197.9 5258.3 7.2 83 0 10.5 17.7 2.5 2.5 2 1 1 2 2
1127.0 5262.6 7.2 110 0 12.1 16.5 5.0 2.5 2 1 2 1 1
1072.2 5303.4 7.1 180 0 15.3 19.9 7.5 2.5 2 1 3 3 3
1194.8 5305.2 7.1 271 0 7.7 7.6 7.5 2.5 4 0 3 5 5
1158.4 5180.0 7.3 90 0 10.3 12.6 10.0 2.5 2 1 4 2 2
1316.9 5085.9 7.5 177 0 7.9 12.5 7.5 2.5 2 1 3 2 2
884.9 4627.1 2.9 89 0 23.8 20.6 12.5 2.5 2 0 5 4 4
1340.7 4703.7 0.6 79 0 10.0 20.7 7.5 2.5 2 1 3 2 2
1754.4 3722.7 3.6 130 0 13.2 18.8 2.5 2.5 2 1 1 5 5
1753.6 3845.5 3.3 133 0 7.9 15.6 2.5 2.5 2 1 1 1 1
1572.1 3688.6 3.4 83 0 13.8 26.4 10.0 2.5 2 1 4 4 4
1509.7 3701.9 3.1 268 0 11.9 11.3 5.0 2.5 2 0 2 2 2
1556.8 3619.7 3.0 360 0 17.2 16.4 12.5 2.5 2 0 5 2 2
1346.5 5208.6 7.3 268 0 8.4 7.2 7.5 2.5 4 0 3 5 5
1312.1 5190.1 7.3 176 0 8.8 10.1 5.0 2.5 2 1 2 4 4
662.1 5328.6 10.5 81 0 13.7 18.8 10.0 2.5 2 1 4 4 4
3341.5 4575.8 1.9 272 0 16.0 16.7 10.0 2.5 2 1 4 0 0
3314.1 4589.6 1.6 177 0 14.7 20.4 7.5 2.5 4 1 3 0 0
3296.4 4621.0 1.2 176 0 13.4 22.4 10.0 0.0 0 1 4 2 2
3300.5 4564.9 1.6 269 0 14.6 12.6 7.5 2.5 2 0 3 3 3
3375.7 4500.2 2.7 73 0 15.4 10.3 5.0 2.5 2 0 2 5 5
3390.5 4482.9 2.8 90 0 13.3 15.1 5.0 2.5 2 1 2 4 4
3324.1 4482.3 2.3 163 0 15.1 12.0 7.5 2.5 2 0 3 3 3
3415.2 4531.6 2.4 355 0 17.8 16.9 7.5 2.5 2 0 3 2 2
1034.7 4264.5 3.0 261 0 11.3 16.9 7.5 2.5 2 1 3 0 0
1078.8 4326.3 3.8 257 0 13.3 17.4 2.5 2.5 2 1 1 1 1
1187.4 4420.7 0.1 250 0 9.7 21.1 7.5 2.5 2 1 3 1 1
1203.7 4350.5 1.9 108 0 12.2 17.4 5.0 0.0 0 1 2 4 4
1331.1 4385.5 1.8 87 0 27.7 18.2 12.5 2.5 2 0 5 1 1
1584.6 4557.8 -2.0 177 0 9.6 16.3 5.0 2.5 2 1 2 2 2
1616.8 4545.1 -2.2 86 0 7.5 16.9 5.0 2.5 2 1 2 5 5
1696.4 4583.1 -3.2 72 0 8.1 13.9 2.5 0.0 0 1 1 4 4
1733.9 4623.2 -4.0 173 0 14.9 17.0 7.5 2.5 2 1 3 1 1
1722.2 4673.6 -4.5 175 0 21.4 18.3 12.5 2.5 4 0 5 0 0
6838.8 5275.8 1.5 15 0 13.0 11.6 7.5 2.5 2 0 3 2 2
6915.0 5435.5 1.1 247 0 16.2 13.5 5.0 2.5 4 0 2 5 5
6887.8 5534.3 0.7 75 0 13.7 22.0 10.0 2.5 2 1 4 1 1
6589.2 5599.5 0.7 249 0 21.4 17.7 12.5 0.0 0 0 5 0 0
6592.6 5710.7 -0.2 337 0 12.6 15.0 7.5 2.5 2 1 3 1 1
6584.3 5753.8 -0.2 0 0 16.6 14.2 10.0 2.5 2 0 4 5 5
6682.1 5696.5 0.7 247 0 14.6 11.7 2.5 2.5 2 0 1 3 3
6658.6 5687.6 0.4 251 0 9.3 8.3 7.5 2.5 2 0 3 5 5
6801.6 5612.9 0.3 66 0 17.2 13.9 5.0 2.5 2 0 2 3 3
6790.9 5550.1 0.6 355 0 10.6 9.4 7.5 2.5 2 0 3 0 0
6690.5 5659.8 0.7 70 0 11.0 13.1 7.5 0.0 0 1 3 0 0
6700.4 5836.4 -0.4 240 0 13.6 12.5 5.0 2.5 2 0 2 3 3
1407.2 4230.8 2.9 86 0 11.8 21.7 7.5 2.5 4 1 3 0 0
626.0 4314.9 -0.9 142 0 14.5 24.6 10.0 0.0 0 1 4 2 2
1055.8 5807.0 11.0 76 0 10.6 10.0 7.5 2.5 4 0 3 2 2
1028.3 5763.0 8.3 180 0 14.4 8.7 2.5 2.5 2 0 1 4 4
991.1 5654.1 6.5 179 0 8.5 15.6 7.5 2.5 2 1 3 3 3
1709.3 3154.1 3.9 344 0 9.3 8.7 5.0 2.5 2 0 2 2 2
1674.5 2957.9 1.9 356 0 10.0 12.8 5.0 2.5 2 1 2 0 0
1616.0 2959.6 1.7 165 0 10.0 7.2 7.5 2.5 2 0 3 0 0
2412.6 5527.5 3.5 180 0 15.6 13.1 5.0 2.5 2 0 2 2 2
1479.5 3288.1 4.7 351 0 8.4 7.8 5.0 2.5 2 0 2 4 4
2463.5 5370.0 -5.7 171 0 18.2 18.4 12.5 2.5 2 1 5 3 3
1471.0 3246.7 4.8 67 0 9.9 9.7 7.5 2.5 2 0 3 3 3
2452.7 5952.3 7.5 106 0 12.8 25.4 5.0 2.5 2 1 2 0 0
1354.6 3370.6 4.2 281 0 6.1 7.4 7.5 2.5 2 1 3 3 3
2322.7 5498.5 6.1 31 0 12.5 17.3 5.0 2.5 2 1 2 3 3
1351.2 3526.1 3.4 169 0 5.9 7.3 5.0 2.5 2 1 2 3 3
2437.0 5359.4 -4.6 359 0 12.5 11.0 2.5 2.5 2 0 1 0 0
2517.5 5358.6 -7.4 358 0 15.3 14.7 7.5 2.5 2 0 3 1 1
1091.1 3335.3 4.0 173 0 9.6 10.0 5.0 2.5 2 1 2 1 1
2814.9 4818.9 0.6 346 0 9.2 13.7 5.0 2.5 2 1 2 3 3
2095.2 5874.1 7.9 21 0 19.3 24.8 7.5 2.5 2 1 3 1 1
2340.3 5900.9 8.6 267 0 14.3 15.4 5.0 2.5 2 1 2 5 5
762.2 2852.3 0.3 160 0 7.9 7.1 7.5 2.5 2 0 3 3 3
828.0 2769.6 0.1 164 0 8.9 9.4 2.5 2.5 2 1 1 4 4
843.3 2724.3 -0.2 81 0 6.1 9.7 5.0 2.5 2 1 2 0 0
854.7 2628.7 -1.1 160 0 11.0 10.3 7.5 2.5 2 0 3 5 5
858.5 2608.2 -1.3 163 0 7.4 9.1 2.5 2.5 2 1 1 2 2
910.8 4780.0 6.0 90 0 12.3 14.1 2.5 2.5 4 1 1 0 0
1259.0 4766.2 -7.3 59 0 13.8 17.2 5.0 2.5 2 1 2 4 4
1527.0 4795.8 0.7 341 0 11.0 13.8 5.0 2.5 2 1 2 2 2
1652.4 4720.6 -4.2 356 0 14.6 26.6 10.0 0.0 0 1 4 0 0
4185.2 4802.5 1.5 157 0 51.8 9.3 7.5 2.5 2 0 3 4 4
4183.8 4651.1 2.0 337 0 14.9 10.9 5.0 0.0 0 0 2 2 2
4175.7 4683.2 2.1 346 0 14.6 14.3 2.5 2.5 2 0 1 2 2
4288.5 4547.7 0.5 249 0 13.7 9.6 5.0 2.5 4 0 2 4 4
4280.6 4620.4 0.5 264 0 13.3 9.5 7.5 2.5 2 0 3 1 1
4246.3 4549.7 1.1 71 0 8.1 8.8 2.5 2.5 2 1 1 0 0
4287.7 4649.2 0.3 69 0 10.0 7.4 2.5 2.5 2 0 1 2 2
4339.3 4432.3 -0.3 157 0 8.0 13.3 2.5 2.5 2 1 1 5 5
4201.8 4413.8 1.7 178 0 11.4 6.7 7.5 2.5 2 0 3 4 4
4237.6 4440.4 1.2 88 0 9.4 10.3 7.5 2.5 2 1 3 3 3
4443.2 4327.7 -1.5 350 0 12.3 11.1 7.5 2.5 2 0 3 3 3
4449.7 4308.3 -1.6 335 0 7.9 10.1 5.0 2.5 4 1 2 5 5
4460.3 4287.5 -1.8 339 0 8.5 8.0 5.0 2.5 4 0 2 5 5
4530.7 4801.3 0.6 268 0 15.4 15.0 7.5 2.5 2 0 3 0 0
4679.2 4587.5 -1.3 72 0 11.5 11.0 5.0 2.5 2 0 2 0 0
4760.1 4690.6 -1.6 71 0 9.5 10.7 7.5 2.5 2 1 3 4 4
4649.8 4801.2 -0.6 157 0 12.3 11.4 2.5 2.5 2 0 1 3 3
5004.5 4764.3 -2.4 340 0 15.4 52.8 7.5 2.5 2 1 3 5 5
4941.8 4781.1 -2.1 158 0 24.9 12.8 10.0 2.5 2 0 4 5 5
4938.3 4732.8 -2.3 155 0 7.9 12.7 5.0 2.5 2 1 2 2 2
4920.1 4802.1 -1.8 156 0 8.6 8.1 5.0 2.5 4 0 2 4 4
5008.2 4794.6 -2.0 159 0 10.1 19.6 2.5 2.5 2 1 1 3 3
5084.5 4556.4 -3.7 70 0 6.4 20.4 7.5 2.5 2 1 3 3 3
5076.6 4589.1 -3.5 339 0 14.0 7.2 5.0 2.5 2 0 2 4 4
4401.1 4797.2 0.7 354 0 16.6 27.1 7.5 2.5 2 1 3 5 5
4377.3 4687.5 -0.9 173 0 12.5 10.9 2.5 2.5 2 0 1 4 4
4401.6 4639.1 -1.2 73 0 8.5 16.3 7.5 2.5 2 1 3 4 4
4417.6 4645.5 -0.8 77 0 8.4 15.2 7.5 2.5 2 1 3 2 2
4457.5 4663.8 -0.0 356 0 10.2 9.6 2.5 2.5 2 0 1 1 1
4530.8 4578.2 -0.7 177 0 8.7 14.0 5.0 2.5 4 1 2 3 3
4633.1 4544.0 -1.4 247 0 10.3 10.9 5.0 2.5 2 1 2 3 3
4683.6 4494.5 -1.9 342 0 11.3 7.8 2.5 2.5 4 0 1 5 5
4710.7 4311.3 -3.2 79 0 7.2 11.4 5.0 2.5 2 1 2 1 1
4795.3 4460.7 -2.6 253 0 11.7 8.2 2.5 2.5 2 0 1 1 1
4729.0 4445.4 -2.5 264 0 8.9 10.8 7.5 2.5 2 1 3 0 0
4808.4 4337.7 -3.4 75 0 10.5 10.6 2.5 2.5 2 1 1 2 2
4695.8 4405.8 -2.6 261 0 9.5 13.9 7.5 2.5 2 1 3 5 5
4330.2 4635.7 -0.6 169 0 9.1 9.2 5.0 2.5 2 1 2 2 2
5122.4 4694.6 -2.4 345 0 7.9 9.2 7.5 0.0 0 1 3 0 0
3787.2 4020.3 2.0 176 0 11.7 11.2 5.0 2.5 2 0 2 1 1
3776.8 4064.0 2.4 62 0 10.7 11.6 5.0 2.5 2 1 2 4 4
3769.4 4106.9 2.9 174 0 16.3 13.4 10.0 2.5 2 0 4 2 2
3833.4 4102.7 3.5 87 0 13.1 20.5 10.0 0.0 0 1 4 2 2
3862.5 4111.0 3.1 74 0 12.5 13.7 5.0 2.5 2 1 2 4 4
3969.7 4170.4 3.4 86 0 14.2 13.2 5.0 2.5 2 0 2 3 3
4037.6 4057.2 0.4 350 0 12.2 15.6 5.0 2.5 2 1 2 0 0
4036.3 4074.8 0.8 342 0 11.8 18.1 2.5 2.5 2 1 1 4 4
4081.8 4185.7 2.5 269 0 15.5 18.6 10.0 2.5 2 1 4 2 2
4058.0 4361.3 3.6 266 0 17.3 14.5 10.0 2.5 4 0 4 2 2
4094.2 4307.6 3.1 74 0 13.0 11.8 2.5 2.5 2 0 1 2 2
3835.6 4231.9 5.1 163 0 22.3 12.5 10.0 2.5 2 0 4 5 5
3836.8 4262.4 5.5 170 0 15.9 14.9 7.5 2.5 2 0 3 2 2
3721.2 4367.3 5.0 253 0 14.1 18.7 7.5 0.0 0 1 3 5 5
3739.2 4274.3 4.8 177 0 14.9 13.9 5.0 2.5 2 0 2 4 4
3749.9 4376.2 5.4 180 0 12.9 10.1 2.5 2.5 2 0 1 0 0
3704.8 4465.1 3.6 169 0 20.4 15.5 7.5 2.5 2 0 3 0 0
3721.2 4502.5 2.5 177 0 15.8 17.5 7.5 2.5 2 1 3 2 2
3755.5 4547.2 1.9 336 0 17.8 14.4 7.5 2.5 4 0 3 4 4
1433.2 6457.3 9.9 351 0 12.8 8.7 2.5 2.5 2 0 1 5 5
1470.5 6397.7 10.3 250 0 7.4 19.5 2.5 2.5 2 1 1 2 2
1010.7 6476.0 -17.1 358 0 10.0 9.5 5.0 2.5 2 0 2 2 2
720.3 6211.3 -11.2 274 0 12.0 7.5 2.5 2.5 2 0 1 1 1
880.6 6070.5 3.6 90 0 7.7 11.9 2.5 2.5 2 1 1 3 3
1002.6 6034.4 10.8 87 0 15.7 18.4 10.0 2.5 2 1 4 3 3
1198.8 6461.0 -2.6 92 0 12.4 10.7 7.5 2.5 2 0 3 0 0
1250.2 6620.7 -8.6 271 0 6.3 10.4 7.5 2.5 4 1 3 3 3
3801.4 4383.2 4.3 164 0 16.6 13.1 7.5 2.5 2 0 3 0 0
3851.5 4432.0 4.5 5 0 10.7 12.3 5.0 2.5 2 0 2 3 3
3818.9 4473.9 3.9 340 0 17.3 12.9 10.0 2.5 2 0 4 0 0
3957.7 4345.6 4.9 159 0 14.4 11.7 5.0 2.5 2 0 2 2 2
3947.8 4297.2 5.2 356 0 14.7 11.3 2.5 2.5 2 0 1 3 3
3966.6 4321.6 4.8 173 0 12.7 9.3 5.0 2.5 2 0 2 5 5
3925.3 4420.4 5.4 156 0 11.8 10.7 5.0 0.0 0 0 2 4 4
3933.4 4482.9 4.0 86 0 10.8 9.2 5.0 2.5 2 0 2 1 1
4025.3 4529.8 4.0 249 0 13.3 13.8 7.5 2.5 2 1 3 3 3
4025.0 4501.5 4.1 251 0 9.4 11.9 5.0 2.5 2 1 2 0 0
4054.5 4545.6 3.7 66 0 12.5 17.5 10.0 2.5 2 1 4 4 4
4023.7 4538.6 4.1 66 0 12.1 17.6 7.5 2.5 2 1 3 0 0
4118.7 4543.2 2.8 265 0 12.9 15.6 7.5 2.5 2 1 3 2 2
4104.4 4456.7 3.0 253 0 11.3 13.1 7.5 2.5 2 1 3 4 4
4087.9 4465.1 3.2 161 0 11.2 9.4 2.5 2.5 2 0 1 4 4
4073.7 4500.2 3.3 174 0 9.9 12.4 2.5 2.5 2 1 1 2 2
4127.3 4414.4 2.6 177 0 16.1 11.4 5.0 2.5 4 0 2 0 0
4134.4 4476.7 2.6 250 0 9.6 11.5 7.5 2.5 2 1 3 3 3
4157.9 4458.7 2.3 78 0 10.7 9.6 5.0 2.5 2 0 2 1 1
4013.2 4663.6 3.4 63 0 17.7 13.4 7.5 2.5 2 0 3 2 2
4030.3 4770.6 2.0 254 0 17.0 16.9 10.0 2.5 2 0 4 2 2
4025.1 4600.8 4.0 171 0 16.1 15.0 10.0 2.5 2 0 4 2 2
4144.3 4677.9 2.4 257 0 15.2 15.4 10.0 2.5 2 1 4 3 3
4070.3 4671.6 3.4 253 0 17.2 22.8 7.5 2.5 2 1 3 1 1
4057.1 4744.5 3.5 251 0 9.6 12.1 2.5 2.5 4 1 1 1 1
4106.4 4799.8 2.9 252 0 16.7 14.2 7.5 2.5 2 0 3 5 5
4124.0 4715.0 2.8 73 0 11.7 10.3 5.0 2.5 2 0 2 1 1
4076.6 4692.2 3.4 85 0 14.2 11.9 2.5 2.5 2 0 1 1 1
4139.4 4766.9 2.6 65 0 15.6 13.3 5.0 2.5 2 0 2 4 4
3967.8 4746.7 0.1 161 0 20.6 18.1 12.5 2.5 2 0 5 5 5
4042.7 4657.9 3.8 253 0 12.3 14.4 5.0 2.5 2 1 2 0 0
4075.3 4732.3 3.5 73 0 8.9 9.7 7.5 2.5 2 1 3 1 1
4081.1 4761.9 3.3 246 0 16.2 13.0 2.5 2.5 2 0 1 0 0
2985.3 3792.3 0.5 88 0 13.5 24.8 10.0 2.5 2 1 4 5 5
3536.6 4109.5 0.7 247 0 13.8 10.8 7.5 0.0 0 0 3 0 0
3663.2 3954.4 -0.0 169 0 16.4 16.0 7.5 0.0 0 0 3 1 1
3788.9 3897.9 0.4 162 0 10.9 12.1 10.0 2.5 2 1 4 5 5
3465.1 4513.9 3.1 69 0 13.1 18.0 5.0 2.5 2 1 2 4 4
3412.0 4591.6 2.2 260 0 10.9 12.8 5.0 2.5 2 1 2 3 3
3440.4 4587.5 2.5 347 0 20.5 14.8 5.0 2.5 2 0 2 4 4
3435.1 4628.4 2.6 250 0 12.8 20.0 7.5 2.5 2 1 3 2 2
3482.1 4542.4 3.4 74 0 15.1 18.3 7.5 2.5 2 1 3 0 0
3485.4 4526.9 3.6 174 0 9.5 10.4 7.5 2.5 2 1 3 4 4
3500.2 4620.6 3.0 77 0 12.0 12.7 5.0 2.5 2 1 2 5 5
3470.4 4604.5 3.0 345 0 20.5 16.1 7.5 2.5 2 0 3 1 1
3523.6 4635.5 2.9 89 0 20.6 17.0 7.5 2.5 4 0 3 0 0
3472.9 4659.8 2.6 260 0 13.8 20.8 10.0 2.5 4 1 4 5 5
3540.3 4614.7 3.1 167 0 16.2 21.1 7.5 2.5 2 1 3 2 2
3551.1 4657.0 2.6 347 0 20.0 15.3 7.5 2.5 2 0 3 2 2
3538.9 4679.3 2.5 359 0 21.1 17.3 10.0 2.5 2 0 4 0 0
3531.1 4713.8 2.2 338 0 17.6 15.9 10.0 2.5 2 0 4 5 5
3586.5 4569.8 2.9 154 0 7.9 16.6 5.0 2.5 4 1 2 2 2
3573.1 4617.4 2.1 159 0 19.9 22.5 7.5 2.5 4 1 3 4 4
3574.7 4668.5 1.1 177 0 21.9 24.0 10.0 2.5 2 1 4 5 5
3598.6 4625.8 1.2 161 0 20.1 23.6 7.5 2.5 2 1 3 0 0
3633.8 4597.1 1.5 163 0 13.9 7.7 7.5 2.5 2 0 3 4 4
3652.1 4737.3 -0.7 344 0 16.2 18.8 10.0 2.5 2 1 4 1 1
3708.2 4672.3 0.6 264 0 15.1 18.4 7.5 2.5 2 1 3 2 2
3719.1 4717.8 0.7 255 0 14.2 27.2 5.0 2.5 2 1 2 0 0
3746.0 4673.9 1.8 250 0 10.0 11.5 7.5 2.5 4 1 3 0 0
3740.9 4609.0 1.6 343 0 8.5 9.3 2.5 2.5 4 1 1 4 4
3760.8 4703.1 1.6 251 0 16.9 13.2 7.5 2.5 2 0 3 3 3
3789.4 4702.9 1.6 247 0 11.0 22.0 5.0 2.5 2 1 2 0 0
3805.6 4705.5 1.6 247 0 13.3 18.3 7.5 2.5 4 1 3 4 4
3809.9 4739.5 1.1 178 0 18.3 13.4 10.0 2.5 2 0 4 0 0
3815.4 4796.4 0.6 248 0 13.6 24.0 7.5 2.5 2 1 3 1 1
3880.2 4767.2 0.2 337 0 11.3 25.0 12.5 0.0 0 1 5 1 1
3782.5 4755.2 1.1 159 0 12.1 10.9 5.0 2.5 2 0 2 2 2
3922.4 4792.1 -1.0 163 0 16.1 15.3 5.0 2.5 2 0 2 4 4
395.7 2539.3 0.1 344 0 10.7 15.0 10.0 0.0 0 1 4 2 2
316.0 2485.4 -0.1 178 0 13.2 13.8 5.0 2.5 2 1 2 5 5
315.2 2735.5 0.7 356 0 14.2 7.7 5.0 2.5 2 0 2 3 3
229.7 2714.7 1.7 160 0 26.3 7.2 7.5 2.5 4 0 3 0 0
273.5 2761.1 1.4 269 0 10.3 10.9 7.5 2.5 2 1 3 5 5
254.2 2816.3 1.6 343 0 8.9 7.4 2.5 2.5 2 0 1 3 3
202.7 3003.2 1.4 97 0 20.9 15.4 7.5 2.5 2 0 3 2 2
316.1 2900.9 1.0 175 0 11.7 16.4 10.0 2.5 4 1 4 1 1
329.7 3000.5 2.5 85 0 14.8 13.7 7.5 2.5 2 0 3 0 0
327.1 3067.3 3.2 84 0 17.8 12.4 10.0 2.5 2 0 4 2 2
314.6 3105.2 3.4 240 0 14.8 16.5 7.5 2.5 2 1 3 4 4
169.4 3117.1 1.6 170 0 12.5 13.9 2.5 2.5 2 1 1 2 2
234.8 3101.7 2.2 155 0 12.0 21.0 10.0 0.0 0 1 4 2 2
231.0 3218.4 3.0 245 0 11.6 28.6 10.0 2.5 2 1 4 3 3
318.3 3316.9 0.7 272 0 15.3 14.3 5.0 2.5 2 0 2 5 5
338.5 3267.5 1.4 93 0 15.4 21.4 7.5 2.5 2 1 3 2 2
360.4 3164.6 3.2 332 0 13.7 17.0 5.0 0.0 0 1 2 3 3
408.8 3248.9 0.8 87 0 19.7 14.7 7.5 2.5 2 0 3 2 2
441.4 3279.6 -0.1 352 0 16.7 16.2 7.5 2.5 2 0 3 4 4
433.2 3226.7 0.2 86 0 20.0 15.5 10.0 2.5 2 0 4 0 0
356.3 3125.5 3.2 233 0 11.5 15.5 5.0 2.5 2 1 2 1 1
438.1 3111.1 1.9 343 0 13.4 14.2 5.0 2.5 2 1 2 2 2
458.4 3058.9 2.0 0 0 13.8 15.1 5.0 2.5 2 1 2 0 0
356.1 2952.8 2.2 256 0 11.8 12.1 7.5 2.5 4 1 3 2 2
458.7 2891.6 1.1 84 0 10.7 13.9 2.5 2.5 2 1 1 1 1
380.8 2893.4 1.9 76 0 14.9 10.1 5.0 2.5 2 0 2 4 4
490.1 2943.6 1.3 349 0 13.5 15.6 7.5 2.5 2 1 3 0 0
418.0 3006.3 1.9 326 0 8.8 15.1 7.5 2.5 4 1 3 0 0
370.0 3192.0 2.7 340 0 10.1 11.8 5.0 2.5 2 1 2 4 4
430.8 3381.8 -0.8 269 0 18.8 13.9 5.0 2.5 2 0 2 1 1
533.8 3272.8 0.4 355 0 35.5 29.3 10.0 0.0 0 0 4 2 2
486.3 3067.7 0.7 172 0 10.1 12.1 7.5 2.5 2 1 3 4 4
505.7 3021.3 0.8 151 0 13.8 15.8 5.0 2.5 2 1 2 5 5
529.8 2970.8 1.0 261 0 22.7 21.6 7.5 2.5 2 0 3 5 5
570.3 2757.9 0.2 356 0 11.0 8.2 7.5 2.5 2 0 3 4 4
496.3 2788.4 0.5 342 0 11.0 10.5 5.0 2.5 2 0 2 4 4
426.8 2802.3 1.4 258 0 9.4 9.0 7.5 0.0 0 0 3 5 5
403.5 2817.0 1.3 261 0 8.8 12.2 7.5 2.5 2 1 3 2 2
432.8 2771.9 1.2 81 0 10.6 13.0 5.0 2.5 2 1 2 1 1
584.5 2556.1 -0.9 355 0 12.2 9.7 2.5 2.5 2 0 1 3 3
286.7 2477.4 -0.0 351 0 11.5 10.8 5.0 2.5 2 0 2 4 4
314.0 2432.9 -0.4 358 0 12.6 18.8 7.5 2.5 2 1 3 0 0
276.9 2426.0 -0.3 89 0 10.2 13.2 2.5 2.5 2 1 1 5 5
263.9 2444.2 -0.1 91 0 9.1 25.8 5.0 2.5 2 1 2 5 5
241.0 2474.8 0.1 171 0 6.3 12.6 2.5 2.5 4 1 1 1 1
244.6 2506.2 0.3 249 0 10.3 9.2 5.0 2.5 2 0 2 3 3
212.5 2501.7 0.3 169 0 12.3 11.3 5.0 2.5 2 0 2 5 5
194.5 2654.2 1.4 343 0 23.5 8.8 7.5 2.5 2 0 3 0 0
192.2 2706.4 1.7 250 0 7.5 10.0 5.0 2.5 2 1 2 0 0
50.6 2839.3 2.3 176 0 16.2 11.5 10.0 2.5 2 0 4 1 1
16.8 2961.8 2.9 267 0 26.5 20.9 7.5 2.5 2 0 3 4 4
782.8 2469.3 -1.8 60 0 14.4 17.6 7.5 2.5 2 1 3 4 4
646.5 2825.4 -0.3 68 0 10.3 11.4 10.0 2.5 2 1 4 4 4
682.5 2860.1 -0.8 338 0 10.6 12.3 2.5 2.5 2 1 1 5 5
660.9 2867.1 -0.8 357 0 15.7 17.9 10.0 2.5 2 1 4 4 4
615.9 2913.7 -0.6 254 0 11.8 13.9 7.5 2.5 2 1 3 5 5
670.8 2918.9 -0.3 350 0 25.9 8.9 2.5 2.5 4 0 1 3 3
621.2 3054.5 0.8 176 0 14.5 7.9 7.5 0.0 0 0 3 4 4
736.4 3049.6 2.1 87 0 13.4 15.1 7.5 2.5 2 1 3 5 5
686.6 3094.7 2.0 172 0 15.3 13.4 10.0 2.5 2 0 4 0 0
712.6 2944.5 0.7 173 0 13.7 9.6 5.0 2.5 2 0 2 4 4
737.8 2958.5 1.1 181 0 16.8 12.9 5.0 2.5 2 0 2 0 0
683.8 3127.9 2.2 166 0 10.5 10.4 5.0 2.5 2 0 2 4 4
618.6 3258.2 5.1 175 0 9.5 11.0 7.5 2.5 2 1 3 3 3
628.2 3318.0 4.0 162 0 20.8 24.4 15.0 0.0 0 1 6 5 5
604.3 3373.4 3.2 176 0 13.5 9.9 7.5 2.5 2 0 3 4 4
652.1 3471.0 -0.3 359 0 14.4 14.5 7.5 0.0 0 1 3 4 4
622.6 3403.7 1.8 170 0 12.5 21.1 10.0 2.5 2 1 4 3 3
711.9 3350.0 2.1 246 0 10.7 9.0 7.5 2.5 2 0 3 2 2
834.9 3293.8 3.0 166 0 14.8 18.5 12.5 2.5 2 1 5 2 2
892.4 3209.7 3.4 84 0 12.2 14.5 5.0 2.5 2 1 2 1 1
920.4 3461.3 2.5 263 0 14.3 22.4 7.5 0.0 0 1 3 4 4
964.1 2687.7 0.6 269 0 9.0 19.3 5.0 2.5 2 1 2 2 2
917.6 2753.9 0.8 351 0 13.8 13.6 7.5 2.5 2 0 3 1 1
940.4 3069.2 4.6 230 0 12.7 19.8 5.0 2.5 2 1 2 2 2
890.9 2959.0 2.8 270 0 10.5 8.3 5.0 2.5 2 0 2 1 1
772.9 2799.3 -0.2 164 0 12.5 10.1 10.0 2.5 2 0 4 2 2
782.4 2780.6 -0.3 166 0 13.5 13.7 5.0 2.5 2 1 2 1 1
585.4 3133.5 1.3 157 0 18.6 9.3 7.5 0.0 0 0 3 3 3
1524.0 3323.5 4.6 154 0 9.5 12.9 7.5 2.5 2 1 3 2 2
1508.8 3204.4 4.7 273 0 15.3 10.1 5.0 2.5 2 0 2 5 5
1495.7 3318.2 4.4 350 0 13.5 10.4 5.0 2.5 2 0 2 0 0
1462.6 3288.8 4.7 0 0 14.8 8.8 5.0 2.5 2 0 2 5 5
1544.9 3405.4 4.3 156 0 13.0 9.5 5.0 2.5 2 0 2 1 1
1650.7 3443.7 4.2 355 0 22.3 10.6 2.5 2.5 2 0 1 3 3
1676.2 3179.7 4.0 352 0 15.7 24.0 7.5 2.5 2 1 3 5 5
1601.5 2991.4 2.1 164 0 15.1 14.3 7.5 2.5 2 0 3 3 3
1673.0 3381.6 4.1 353 0 11.0 9.8 7.5 2.5 2 0 3 2 2
1532.4 3467.0 3.6 166 0 12.2 14.7 5.0 2.5 2 1 2 0 0
1606.0 2903.2 0.5 0 0 15.2 14.4 7.5 2.5 2 0 3 2 2
1552.6 2747.3 -7.4 245 0 14.0 9.3 5.0 2.5 4 0 2 4 4
1483.2 2729.8 -11.9 257 0 9.0 14.5 7.5 0.0 0 1 3 4 4
1432.8 2695.7 -5.9 349 0 18.4 7.3 5.0 2.5 4 0 2 0 0
1372.7 2766.3 2.9 99 0 13.0 21.3 10.0 2.5 2 1 4 2 2
1353.7 2819.6 3.2 355 0 17.5 9.4 5.0 2.5 4 0 2 5 5
1250.6 2769.8 3.5 100 0 14.9 13.7 7.5 2.5 2 0 3 3 3
1193.9 2838.5 4.0 180 0 12.4 16.3 5.0 2.5 2 1 2 4 4
1173.3 3031.8 4.8 357 0 12.6 12.5 5.0 0.0 0 0 2 1 1
1357.2 2886.2 3.5 340 0 32.0 18.9 7.5 0.0 0 0 3 3 3
1386.1 2866.1 3.3 160 0 24.5 13.2 10.0 2.5 2 0 4 3 3
1421.2 2936.7 -0.0 178 0 12.8 25.8 10.0 2.5 2 1 4 1 1
1488.6 2875.8 -6.0 85 0 8.4 11.4 7.5 2.5 2 1 3 4 4
1521.0 2896.7 -3.5 93 0 14.2 8.7 7.5 2.5 2 0 3 1 1
1312.5 3025.8 4.5 154 0 20.3 20.4 7.5 2.5 2 1 3 4 4
1764.7 3269.3 3.7 88 0 13.5 11.0 7.5 2.5 2 0 3 1 1
1610.3 3394.4 4.4 347 0 12.6 12.3 5.0 2.5 2 0 2 3 3
1565.0 2988.0 1.5 353 0 14.1 15.3 2.5 0.0 0 1 1 5 5
852.4 2461.1 -2.0 2 0 12.3 12.1 10.0 2.5 2 0 4 4 4
706.3 2895.2 -0.1 360 0 12.8 10.7 5.0 2.5 2 0 2 5 5
723.1 2874.6 -0.1 351 0 13.6 10.8 5.0 2.5 2 0 2 1 1
707.6 2857.7 -0.5 348 0 12.0 9.9 5.0 2.5 2 0 2 4 4
615.5 3087.0 1.1 171 0 14.3 12.2 7.5 2.5 2 0 3 2 2
4436.7 4192.2 -1.6 258 0 11.6 14.2 5.0 2.5 4 1 2 2 2
4981.2 4599.9 -3.1 161 0 9.9 10.1 7.5 2.5 2 1 3 2 2
4952.5 4541.3 -3.3 174 0 14.1 16.0 5.0 2.5 2 1 2 2 2
5115.4 4528.4 -4.0 174 0 12.8 13.2 7.5 2.5 2 1 3 0 0
5146.7 4583.6 -3.8 159 0 10.4 12.6 5.0 2.5 2 1 2 0 0
5141.2 4605.4 -3.5 160 0 12.5 8.8 2.5 2.5 2 0 1 3 3
5052.8 4738.0 -2.5 240 0 9.1 9.1 5.0 2.5 2 0 2 3 3
5236.5 4720.0 -2.4 255 0 9.9 9.7 2.5 2.5 2 0 1 4 4
4456.6 4843.5 1.4 79 0 7.4 12.9 7.5 2.5 2 1 3 1 1
4429.4 4837.8 1.5 172 0 12.9 15.1 7.5 2.5 2 1 3 4 4
4400.2 4909.0 2.1 162 0 15.0 18.0 7.5 2.5 2 1 3 3 3
4536.5 4833.3 0.9 68 0 11.2 10.7 5.0 2.5 2 0 2 5 5
4531.1 4901.8 1.0 342 0 24.6 15.1 10.0 2.5 4 0 4 1 1
-4182.1 6175.4 2.7 183 0 12.9 12.3 5.0 2.5 2 0 2 1 1
-4054.7 6114.0 5.8 89 0 16.9 15.7 10.0 2.5 2 0 4 3 3
-4120.4 6203.1 2.5 266 0 15.1 16.9 7.5 2.5 2 1 3 0 0
-4089.7 6206.3 2.6 180 0 5.6 7.4 5.0 2.5 2 1 2 1 1
-4092.1 6296.4 -0.7 273 0 12.8 15.4 7.5 2.5 2 1 3 0 0
-4167.7 6214.1 1.6 270 0 7.9 7.3 5.0 2.5 2 0 2 3 3
-4006.7 6179.9 5.7 270 0 8.6 13.5 2.5 2.5 2 1 1 2 2
-3882.9 6428.6 1.3 350 0 14.8 10.4 10.0 2.5 2 0 4 4 4
-3954.8 6368.3 1.2 88 0 7.6 5.9 7.5 2.5 2 0 3 5 5
-4011.9 6483.0 -4.1 180 0 9.7 8.2 7.5 0.0 0 0 3 3 3
-3969.9 6460.4 -2.2 174 0 13.7 16.9 5.0 2.5 2 1 2 5 5
-3913.2 6195.6 5.5 93 0 9.6 10.9 7.5 2.5 4 1 3 0 0
-3962.2 6695.8 0.6 272 0 9.0 10.3 5.0 2.5 2 1 2 1 1
-4060.0 6796.6 2.1 88 0 8.2 21.3 7.5 2.5 2 1 3 0 0
-3952.7 6819.7 5.1 265 0 7.2 29.5 7.5 0.0 0 1 3 3 3
-3920.9 6747.1 4.1 8 0 13.1 19.2 12.5 2.5 2 1 5 0 0
-3925.4 6820.0 6.7 267 0 11.8 16.4 7.5 2.5 2 1 3 5 5
-3858.7 6835.5 2.9 266 0 13.9 20.1 12.5 2.5 2 1 5 1 1
-3753.4 6743.9 7.6 269 0 19.7 20.0 7.5 2.5 2 1 3 0 0
-3694.0 6696.5 8.3 90 0 7.4 4.1 5.0 0.0 0 0 2 1 1
-3783.1 6515.9 2.7 173 0 9.4 9.9 2.5 2.5 2 1 1 4 4
-5033.8 1978.5 4.4 254 0 17.4 14.5 7.5 2.5 2 0 3 4 4
-4969.9 2052.8 4.6 83 0 23.7 29.9 12.5 0.0 0 1 5 3 3
-4965.5 2137.7 3.5 87 0 20.6 10.6 5.0 2.5 2 0 2 3 3
-5066.8 2068.3 1.1 166 0 10.0 11.9 5.0 2.5 2 1 2 2 2
-5023.1 2167.6 0.8 266 0 8.6 17.0 7.5 2.5 2 1 3 1 1
-4934.8 2158.2 4.7 272 0 14.4 10.5 2.5 2.5 2 0 1 3 3
-4901.3 2162.9 5.0 87 0 11.5 10.4 5.0 2.5 2 0 2 5 5
-4865.2 2172.9 5.2 90 0 13.4 11.1 2.5 2.5 2 0 1 4 4
-4838.1 2185.3 5.5 179 0 12.5 16.8 7.5 0.0 0 1 3 1 1
-4836.9 2135.3 6.7 88 0 14.8 17.6 10.0 2.5 2 1 4 5 5
-4844.4 2270.3 2.8 264 0 18.2 14.0 10.0 2.5 2 0 4 2 2
-4873.9 2260.6 2.6 266 0 20.2 14.9 7.5 0.0 0 0 3 0 0
-4833.0 2217.9 4.7 272 0 10.0 14.1 5.0 2.5 2 1 2 2 2
-4837.6 2248.3 3.6 267 0 20.8 15.6 10.0 2.5 2 0 4 2 2
-4806.0 2261.2 3.7 265 0 14.2 15.1 2.5 2.5 2 1 1 4 4
-4928.1 2223.5 2.8 175 0 11.9 10.9 5.0 0.0 0 0 2 4 4
-4741.9 2253.4 5.0 273 0 16.5 11.9 5.0 2.5 2 0 2 4 4
-4710.8 2235.8 6.0 278 0 18.9 10.9 5.0 2.5 2 0 2 0 0
-4690.6 2199.4 7.2 86 0 11.6 11.1 2.5 2.5 2 0 1 5 5
-4743.1 2138.3 8.0 85 0 17.8 19.2 10.0 2.5 2 1 4 0 0
-4757.2 2105.1 9.5 268 0 13.0 13.3 5.0 2.5 2 1 2 0 0
-4788.9 2107.4 8.9 269 0 17.5 17.2 10.0 2.5 2 0 4 5 5
-4624.8 2261.1 6.5 183 0 16.9 17.8 12.5 2.5 2 1 5 2 2
-4575.4 2246.1 7.4 3 0 22.1 16.6 5.0 2.5 2 0 2 3 3
-4649.5 2201.6 7.7 90 0 20.1 14.5 15.0 0.0 0 0 6 3 3
-4592.5 2326.5 3.5 269 0 16.8 16.4 10.0 2.5 2 0 4 5 5
-4568.5 2161.6 10.4 94 0 12.5 11.9 7.5 2.5 2 0 3 3 3
-4542.6 2311.3 4.7 0 0 12.2 21.1 12.5 2.5 2 1 5 5 5
-4451.0 2183.9 10.6 81 0 14.6 13.7 2.5 2.5 2 0 1 3 3
-4473.8 2281.4 7.7 182 0 24.1 17.6 10.0 0.0 0 0 4 2 2
-4461.4 2247.8 9.6 178 0 14.9 15.0 2.5 2.5 2 1 1 3 3
-4417.6 2205.0 10.7 91 0 16.6 16.1 10.0 2.5 2 0 4 5 5
-4373.6 2260.9 10.4 4 0 13.4 14.9 7.5 2.5 2 1 3 1 1
-4437.5 2148.7 10.3 253 0 22.5 10.5 5.0 2.5 2 0 2 5 5
-4411.6 2174.6 10.3 261 0 14.7 17.0 2.5 2.5 2 1 1 1 1
-4394.4 2172.8 10.3 252 0 13.3 12.7 10.0 2.5 2 0 4 5 5
-4334.4 2297.8 9.0 1 0 14.3 12.1 5.0 2.5 2 0 2 4 4
-4236.0 2220.3 9.1 266 0 15.3 17.7 10.0 2.5 2 1 4 4 4
-4207.0 2229.3 9.2 259 0 17.8 14.8 5.0 2.5 2 0 2 0 0
-4272.0 2254.4 10.0 179 0 12.3 12.1 5.0 2.5 2 0 2 1 1
-4255.1 2294.8 10.6 180 0 12.2 12.1 5.0 2.5 2 0 2 0 0
-4214.0 2286.1 10.5 349 0 16.7 12.2 7.5 2.5 2 0 3 4 4
-4257.8 2389.8 4.3 156 0 8.8 11.0 5.0 2.5 2 1 2 4 4
-4247.3 2323.1 9.1 274 0 11.5 14.9 7.5 2.5 2 1 3 2 2
-4208.8 2388.8 5.3 271 0 15.0 14.8 7.5 2.5 2 0 3 5 5
-4930.2 2032.3 7.7 260 0 16.4 14.6 5.0 2.5 2 0 2 5 5
-4935.7 1943.2 8.9 65 0 11.7 13.2 7.5 2.5 2 1 3 3 3
-5002.8 1866.4 6.8 85 0 18.6 24.9 7.5 2.5 2 1 3 3 3
-5067.0 1841.4 5.5 161 0 11.0 23.0 10.0 2.5 2 1 4 2 2
-5081.3 1864.9 5.0 182 0 13.8 15.6 2.5 0.0 0 1 1 3 3
-5112.8 1904.2 2.7 176 0 15.6 16.4 10.0 2.5 2 0 4 1 1
-5100.1 1836.5 4.1 345 0 15.5 15.9 10.0 2.5 2 1 4 4 4
-5038.1 1861.6 6.0 19 0 11.5 14.8 7.5 2.5 2 1 3 5 5
-5093.4 1966.0 2.1 245 0 16.6 13.8 5.0 2.5 2 0 2 4 4
-5190.5 1898.9 -0.7 270 0 18.4 14.2 7.5 2.5 2 0 3 2 2
-5145.3 1860.9 2.1 270 0 13.7 17.5 7.5 2.5 2 1 3 0 0
-5122.3 1823.5 3.4 349 0 17.3 16.6 10.0 2.5 4 0 4 1 1
-5149.5 1906.2 0.1 352 0 21.0 18.7 10.0 2.5 2 0 4 2 2
-5113.3 1951.2 1.4 257 0 18.2 17.5 15.0 0.0 0 0 6 3 3
-5145.5 1969.7 -0.4 78 0 18.8 12.8 7.5 2.5 4 0 3 2 2
-5178.8 2050.0 0.9 251 0 11.4 12.3 10.0 2.5 2 1 4 0 0
-5149.7 1986.9 -0.3 77 0 14.9 15.9 12.5 0.0 0 1 5 4 4
-5041.4 1931.8 5.1 266 0 12.2 13.0 7.5 2.5 2 1 3 4 4
-5071.0 1950.2 3.5 253 0 9.8 9.4 7.5 0.0 0 0 3 4 4
-5045.2 1699.9 3.9 347 0 15.2 16.5 7.5 2.5 2 1 3 4 4
-5084.3 1675.4 3.2 67 0 16.5 14.7 12.5 2.5 2 0 5 4 4
-5105.8 1670.9 2.8 81 0 13.9 19.3 10.0 2.5 4 1 4 3 3
-5128.9 1733.8 2.9 352 0 12.9 14.8 5.0 2.5 2 1 2 2 2
-5141.3 1690.1 2.4 75 0 12.8 12.4 5.0 2.5 2 0 2 2 2
-5153.2 1684.2 2.1 77 0 12.5 14.7 2.5 2.5 2 0 1 3 3
-5215.3 1688.7 1.1 75 0 11.8 16.8 2.5 2.5 2 1 1 2 2
-5270.5 1683.2 0.1 174 0 13.8 19.9 10.0 0.0 0 1 4 1 1
-5229.6 1789.1 -0.1 85 0 9.3 7.6 7.5 2.5 2 0 3 1 1
-5268.9 1833.7 -0.8 263 0 20.6 17.5 12.5 2.5 2 0 5 0 0
-5320.0 1764.9 -0.4 79 0 13.1 15.7 2.5 2.5 2 1 1 5 5
-5316.3 1831.8 0.2 255 0 16.3 18.5 7.5 2.5 2 1 3 5 5
-5315.8 1866.9 1.1 76 0 10.6 18.6 10.0 2.5 4 1 4 1 1
-5286.9 1893.7 0.9 85 0 16.7 12.2 7.5 2.5 2 0 3 3 3
-5434.2 1786.4 2.0 252 0 18.6 17.0 5.0 2.5 2 0 2 4 4
-5460.4 1714.2 1.8 86 0 12.3 12.9 5.0 2.5 2 1 2 2 2
-5493.9 1689.4 1.7 167 0 10.7 6.2 7.5 2.5 4 0 3 4 4
-5493.0 1752.2 2.8 269 0 12.7 15.4 5.0 2.5 4 1 2 4 4
-5278.8 1564.0 -1.3 356 0 27.9 37.5 7.5 0.0 0 1 3 2 2
-5205.9 1508.6 -0.4 351 0 13.5 23.0 10.0 2.5 2 1 4 0 0
-5364.5 1577.2 -1.3 180 0 13.2 12.8 2.5 2.5 2 0 1 2 2
-5403.3 1465.4 -0.9 93 0 14.9 19.1 10.0 0.0 0 1 4 2 2
-5248.8 1510.2 -0.5 263 0 11.0 8.7 2.5 2.5 2 0 1 1 1
-5243.9 1326.3 -0.8 268 0 15.7 11.0 10.0 2.5 2 0 4 0 0
-5470.0 1429.3 -0.7 353 0 13.6 20.8 10.0 2.5 2 1 4 2 2
-5525.3 1456.7 -1.0 191 0 9.9 11.8 2.5 2.5 2 1 1 2 2
-5641.3 1458.0 -1.2 176 0 16.0 7.4 7.5 0.0 0 0 3 3 3
-5657.8 1757.5 5.8 271 0 17.1 14.2 5.0 2.5 4 0 2 3 3
-5612.7 1718.8 4.3 76 0 8.9 14.8 5.0 2.5 2 1 2 1 1
-5737.3 1646.9 1.9 94 0 13.6 15.4 5.0 0.0 0 1 2 1 1
-5747.1 1530.4 -1.8 90 0 12.9 10.9 7.5 2.5 2 0 3 2 2
-5822.9 1615.1 1.5 84 0 10.8 11.9 10.0 2.5 2 1 4 2 2
-5892.8 1888.9 10.0 84 0 10.4 10.8 7.5 2.5 2 1 3 4 4
-5803.5 1975.6 10.3 180 0 9.2 22.8 7.5 0.0 0 1 3 0 0
-5744.6 1910.4 10.0 267 0 10.8 12.0 5.0 2.5 2 1 2 1 1
-5707.9 1906.8 9.6 358 0 9.5 14.0 7.5 2.5 2 1 3 5 5
-5701.8 1880.4 9.4 355 0 17.2 12.7 2.5 2.5 2 0 1 2 2
-5644.1 1843.1 7.3 178 0 14.1 17.8 7.5 2.5 2 1 3 1 1
-5688.0 1792.2 7.6 261 0 9.2 13.3 7.5 2.5 2 1 3 0 0
-5611.2 1757.5 5.7 2 0 10.8 12.8 2.5 0.0 0 1 1 1 1
-5596.9 1784.9 5.8 351 0 13.5 17.0 7.5 2.5 2 1 3 4 4
-5497.8 1925.0 5.9 357 0 13.1 16.7 7.5 2.5 2 1 3 4 4
-5569.2 2057.1 7.8 356 0 9.6 13.6 5.0 2.5 2 1 2 1 1
-5347.6 1937.3 2.9 353 0 14.4 11.7 7.5 2.5 2 0 3 0 0
-5438.9 2010.9 6.0 76 0 12.0 8.0 7.5 2.5 2 0 3 4 4
-5389.2 1956.6 3.8 177 0 12.2 12.1 5.0 2.5 2 0 2 0 0
-5327.0 2111.1 4.8 345 0 18.9 12.8 5.0 2.5 2 0 2 4 4
-5353.9 2104.4 5.1 171 0 12.1 8.9 5.0 2.5 2 0 2 4 4
-5372.0 2133.5 5.2 172 0 12.6 12.3 5.0 2.5 2 0 2 1 1
-5388.3 2172.7 5.2 170 0 13.5 18.2 7.5 2.5 2 1 3 0 0
-5271.6 2387.3 3.7 0 0 10.4 12.1 5.0 2.5 2 1 2 3 3
-5323.7 2340.9 4.3 94 0 13.3 10.0 7.5 2.5 2 0 3 0 0
-5334.3 2392.8 4.4 267 0 16.8 11.7 5.0 0.0 0 0 2 2 2
-5457.8 2377.2 5.8 181 0 13.1 14.4 10.0 2.5 2 1 4 1 1
-5474.5 2328.9 6.1 267 0 18.8 12.0 5.0 2.5 2 0 2 2 2
-5539.5 2343.4 6.8 261 0 18.5 12.6 2.5 2.5 2 0 1 4 4
-5581.6 2256.7 7.4 173 0 12.3 13.7 5.0 2.5 2 1 2 3 3
-5648.5 2242.5 8.3 88 0 15.8 17.7 7.5 2.5 2 1 3 5 5
-5643.7 2345.4 7.9 176 0 12.2 19.6 7.5 2.5 2 1 3 3 3
-5617.3 2302.5 7.9 355 0 8.8 9.9 2.5 2.5 2 1 1 4 4
-5641.3 2296.5 8.1 180 0 3.7 10.3 7.5 2.5 4 1 3 1 1
-5727.0 2279.4 9.0 180 0 15.3 17.9 10.0 2.5 4 1 4 3 3
-5817.2 2243.2 10.3 90 0 11.2 15.4 5.0 2.5 2 1 2 2 2
-5743.7 2390.5 9.2 81 0 9.2 11.6 2.5 2.5 2 1 1 0 0
-5937.5 2343.2 10.5 83 0 14.4 13.8 2.5 2.5 2 0 1 5 5
-5957.3 2262.0 10.1 87 0 10.0 13.2 5.0 2.5 2 1 2 5 5
-6075.9 2336.5 9.5 269 0 14.9 13.9 5.0 2.5 2 0 2 0 0
-6103.3 2107.5 8.6 275 0 11.1 7.2 5.0 2.5 4 0 2 3 3
-6109.2 2069.0 8.0 0 0 9.4 11.2 5.0 2.5 2 1 2 3 3
-6153.9 2170.7 8.4 4 0 11.0 10.3 7.5 2.5 2 0 3 3 3
-6179.3 2138.9 7.7 176 0 11.1 12.2 2.5 2.5 2 1 1 2 2
-6168.3 2082.8 7.3 184 0 5.3 9.6 5.0 2.5 2 1 2 0 0
-6234.1 2207.8 7.5 173 0 8.7 11.1 7.5 2.5 2 1 3 1 1
-6286.6 2333.2 8.0 174 0 10.7 11.6 5.0 2.5 2 1 2 2 2
-6280.9 2285.3 7.5 90 0 10.2 9.5 7.5 0.0 0 0 3 5 5
-6193.0 2333.8 9.2 345 0 13.0 7.5 2.5 0.0 0 0 1 5 5
-6474.6 2301.2 4.0 269 0 14.9 13.9 5.0 2.5 2 0 2 0 0
-6423.5 2066.2 2.3 262 0 11.8 15.0 5.0 2.5 2 1 2 2 2
-6469.4 2006.9 1.0 188 0 11.5 12.7 7.5 2.5 2 1 3 0 0
-6439.5 2000.0 1.4 90 0 9.3 13.6 5.0 2.5 2 1 2 5 5
-6363.7 2044.6 3.1 269 0 11.7 18.2 5.0 2.5 2 1 2 1 1
-6406.5 1857.0 0.2 345 0 12.9 14.4 2.5 0.0 0 1 1 5 5
-6481.1 1833.3 -1.2 175 0 15.6 15.2 5.0 2.5 2 0 2 0 0
-6414.4 1758.2 -0.9 82 0 11.1 10.2 5.0 2.5 2 0 2 2 2
-6463.7 1671.9 -2.8 83 0 11.9 17.1 5.0 2.5 2 1 2 1 1
-6475.7 1751.9 -2.0 75 0 9.2 9.7 2.5 2.5 2 1 1 4 4
-6545.5 1806.1 -2.7 103 0 11.2 9.0 5.0 2.5 2 0 2 2 2
-6568.1 1806.5 -3.1 178 0 11.9 11.7 10.0 2.5 2 0 4 2 2
-6558.8 1882.1 -2.2 265 0 14.5 12.3 10.0 2.5 2 0 4 3 3
-6478.1 1955.7 0.3 178 0 6.3 8.0 5.0 2.5 2 1 2 5 5
-6396.9 2003.6 2.3 94 0 8.6 12.9 7.5 2.5 2 1 3 5 5
-6468.6 1463.4 -5.6 358 0 20.0 20.9 7.5 2.5 2 1 3 4 4
-6508.5 1519.8 -5.1 180 0 4.8 13.2 5.0 2.5 4 1 2 5 5
-6507.8 1583.8 -4.5 187 0 11.3 13.8 5.0 2.5 2 1 2 0 0
-6515.0 1543.1 -4.9 176 0 10.4 12.1 5.0 2.5 2 1 2 5 5
-6358.1 1593.7 -2.0 1 0 12.8 16.2 2.5 2.5 2 1 1 5 5
-6361.4 1646.3 -1.3 262 0 15.1 10.8 7.5 2.5 2 0 3 2 2
-6223.5 1556.3 0.1 269 0 24.6 10.0 5.0 2.5 2 0 2 0 0
-6206.9 1486.7 -0.2 88 0 11.1 11.8 7.5 2.5 2 1 3 3 3
-6100.1 1616.6 2.9 265 0 32.7 8.7 7.5 2.5 2 0 3 0 0
-6126.4 1573.0 2.2 88 0 8.4 10.5 5.0 2.5 4 1 2 5 5
-6169.4 1663.4 2.5 183 0 10.3 17.4 5.0 2.5 2 1 2 4 4
-6080.6 1648.5 3.9 83 0 10.3 8.9 2.5 2.5 4 0 1 2 2
-6083.0 1872.3 6.3 274 0 11.6 10.9 2.5 2.5 4 0 1 1 1
-6062.8 1873.8 6.7 282 0 11.1 11.0 2.5 2.5 4 0 1 4 4
-6037.5 1851.8 6.9 358 0 7.3 8.3 7.5 2.5 4 1 3 5 5
-6019.0 1921.4 7.8 0 0 23.0 15.7 10.0 2.5 2 0 4 5 5
-694.5 3288.7 6.8 357 0 16.9 12.2 10.0 2.5 2 0 4 0 0
-704.7 3213.6 7.5 80 0 9.2 20.1 7.5 0.0 0 1 3 5 5
-827.1 3280.7 6.1 31 0 11.5 18.3 10.0 2.5 2 1 4 5 5
-1171.9 3157.9 8.9 180 0 12.0 18.4 7.5 2.5 4 1 3 0 0
-1591.1 2997.0 7.8 255 0 5.7 15.7 7.5 2.5 2 1 3 1 1
-1567.0 2929.9 7.7 360 0 7.8 8.8 5.0 2.5 2 1 2 1 1
-1612.1 2968.3 7.4 175 0 4.8 17.1 2.5 2.5 2 1 1 4 4
-1596.5 2926.5 7.3 88 0 7.6 6.8 7.5 2.5 2 0 3 3 3
-1508.0 3028.4 8.7 265 0 11.5 13.2 10.0 2.5 2 1 4 1 1
-1479.4 2931.3 8.1 358 0 8.4 17.1 7.5 0.0 0 1 3 5 5
-1563.2 3026.0 8.5 267 0 11.8 8.4 5.0 2.5 2 0 2 1 1
-1484.1 2660.0 6.8 266 0 11.3 31.2 12.5 2.5 2 1 5 2 2
-230.0 3743.2 6.4 345 0 8.6 13.1 5.0 2.5 4 1 2 3 3
-222.6 3756.4 6.1 358 0 12.9 20.2 5.0 2.5 2 1 2 1 1
-183.1 3655.0 6.0 355 0 16.4 11.8 5.0 2.5 2 0 2 3 3
-210.3 3646.1 6.1 102 0 7.5 13.7 2.5 2.5 2 1 1 1 1
-189.1 3596.5 5.8 261 0 16.9 16.6 7.5 2.5 2 0 3 5 5
-317.1 3609.0 6.5 87 0 16.3 10.7 7.5 2.5 2 0 3 3 3
-281.9 3723.6 6.4 177 0 11.1 10.8 7.5 2.5 2 0 3 2 2
-40.0 3624.9 4.9 274 0 14.6 18.0 10.0 2.5 2 1 4 1 1
-100.8 3569.0 5.3 0 0 16.5 18.8 10.0 2.5 2 1 4 1 1
-165.3 3493.0 5.4 87 0 20.2 15.7 5.0 2.5 2 0 2 5 5
-179.8 3523.3 5.6 179 0 7.7 10.6 7.5 2.5 2 1 3 0 0
-181.5 3558.3 5.7 178 0 7.9 15.2 7.5 2.5 4 1 3 4 4
-138.8 3568.9 5.5 269 0 12.1 11.4 2.5 2.5 2 0 1 5 5
-291.9 3469.3 6.0 178 0 12.5 22.1 10.0 2.5 2 1 4 5 5
-263.6 3376.8 5.8 87 0 12.7 10.3 5.0 2.5 2 0 2 1 1
-241.4 3363.5 5.5 259 0 14.0 19.5 10.0 2.5 2 1 4 0 0
-225.0 4222.4 0.5 173 0 12.9 15.6 5.0 2.5 2 1 2 3 3
-212.0 4201.0 0.4 2 0 12.0 20.8 7.5 2.5 2 1 3 0 0
-222.7 4126.7 0.3 346 0 6.8 4.8 5.0 2.5 2 0 2 3 3
-126.3 4231.4 2.5 261 0 13.4 8.6 5.0 2.5 2 0 2 4 4
-75.5 4201.8 3.6 69 0 9.5 15.6 7.5 2.5 2 1 3 4 4
15.0 4352.3 5.7 180 0 9.4 14.8 7.5 2.5 2 1 3 1 1
90.1 4360.4 7.1 267 0 17.0 15.6 10.0 2.5 2 0 4 5 5
44.2 4463.8 7.5 358 0 16.7 17.1 7.5 0.0 0 1 3 1 1
73.4 4585.0 6.9 76 0 16.5 19.2 12.5 2.5 2 1 5 0 0
99.1 4457.1 9.1 183 0 7.9 18.3 2.5 0.0 0 1 1 3 3
151.8 4380.5 8.6 170 0 15.4 17.1 7.5 2.5 2 1 3 5 5
