2518.7 -1840.7 -54.1 49 0 20.4 48.0 7.5 2.5 2 1 3 5 5
2676.6 -1680.0 -44.0 0 0 17.5 41.4 10.5 3.5 2 1 3 5 5
2738.4 -1750.4 -40.6 100 0 18.7 16.2 14.0 3.5 2 0 4 4 4
2746.1 -2025.4 -49.3 176 0 24.9 24.6 14.0 0.0 0 0 4 4 4
-2734.9 -905.1 17.2 246 0 67.2 110.8 7.5 0.0 0 1 3 1 1
-2940.9 -1028.2 9.6 293 0 13.0 26.9 5.0 2.5 2 1 2 3 3
-3407.2 -1656.4 -44.0 90 0 8.5 39.8 7.5 0.0 0 1 3 1 1
-3378.4 -1536.9 -38.9 90 0 26.9 29.8 12.5 0.0 0 1 5 2 2
-2823.6 -1539.2 -13.4 284 0 6.3 10.5 2.5 2.5 2 1 1 3 3
-1556.7 -2918.1 -47.0 110 0 16.8 22.3 10.0 2.5 2 1 4 3 3
242.5 -813.2 -55.7 85 0 110.5 35.0 12.5 0.0 0 0 5 0 0
3536.1 -1538.5 -44.6 93 0 42.1 57.8 10.0 0.0 0 1 4 4 4
2349.3 -1346.0 -50.2 271 0 20.8 21.3 14.0 3.5 2 1 4 1 1
2551.0 -1319.0 -49.4 9 0 27.3 16.5 14.0 3.5 2 0 4 0 0
2689.3 -1644.7 -41.5 256 0 15.8 18.3 10.5 3.5 2 1 3 2 2
2514.9 -2498.8 -55.8 172 0 19.7 38.2 10.0 0.0 0 1 4 0 0
2523.9 -2404.1 -54.8 261 0 25.2 72.1 10.0 0.0 0 1 4 4 4
1985.5 -1436.2 -45.6 90 0 15.9 13.5 10.5 3.5 2 0 3 0 0
1660.7 -853.6 -47.6 287 0 26.4 29.6 10.0 0.0 0 1 4 5 5
1209.5 -733.4 -48.3 13 0 35.6 16.3 10.0 2.5 2 0 4 4 4
-6611.1 6049.1 -5.1 174 0 110.8 79.9 15.0 0.0 0 0 6 3 3
-6582.2 2093.7 28.6 183 0 13.4 30.8 12.5 0.0 0 1 5 0 0
-6418.0 2340.9 36.4 2 0 29.1 13.8 7.5 2.5 2 0 3 2 2
-6416.6 2376.1 36.7 2 0 29.1 13.8 10.0 2.5 4 0 4 5 5
-6576.6 2072.1 26.7 305 0 16.0 12.9 5.0 2.5 2 0 2 0 0
-6414.7 2413.6 36.9 2 0 29.1 13.8 10.0 2.5 2 0 4 2 2
-6591.1 2082.2 27.6 305 0 16.0 12.9 5.0 2.5 2 0 2 2 2
-6413.2 2451.7 37.2 2 0 29.1 13.8 12.5 2.5 4 0 5 2 2
-6501.2 2224.3 33.1 272 0 19.9 36.2 5.0 2.5 2 1 2 1 1
3505.7 -3432.1 -42.1 81 0 19.7 53.7 7.5 0.0 0 1 3 1 1
2043.1 -3273.4 -44.1 10 0 13.1 16.6 7.5 2.5 2 1 3 2 2
2034.4 -3338.6 -46.2 13 0 19.7 9.9 7.0 2.5 2 0 2 0 0
-3371.4 -1674.1 -46.5 358 0 17.1 15.2 10.0 2.5 2 0 4 0 0
6913.2 5223.0 -60.7 16 0 51.9 8.6 7.5 2.5 2 0 3 3 3
2174.2 -1718.3 -52.5 236 0 59.8 9.6 10.5 3.5 2 0 3 1 1
-4486.8 -6125.8 -53.6 58 0 54.8 10.2 12.5 2.5 2 0 5 3 3
-6742.9 5497.1 1.9 358 0 30.2 63.6 12.5 0.0 0 1 5 0 0
-6889.4 5408.7 1.3 171 0 54.7 66.7 10.0 0.0 0 1 4 0 0
-6830.6 5265.8 -3.9 340 0 13.8 60.4 12.5 2.5 2 1 5 1 1
-6617.6 5279.6 -8.1 91 0 25.6 18.7 7.5 2.5 4 0 3 4 4
-5919.5 6214.2 13.4 344 0 25.6 54.8 10.0 2.5 2 1 4 5 5
-5595.9 6206.5 10.3 150 0 18.0 37.5 7.5 2.5 2 1 3 2 2
-5371.1 6279.3 8.8 53 0 27.5 31.3 12.5 0.0 0 1 5 4 4
-5373.5 6363.0 9.6 314 0 13.7 23.3 10.0 2.5 2 1 4 3 3
-5150.0 6533.3 11.2 29 0 37.6 35.9 10.0 0.0 0 0 4 0 0
-6651.4 5613.9 -3.0 341 0 29.8 18.9 12.5 0.0 0 0 5 4 4
-6662.2 5652.6 -3.7 341 0 24.3 22.6 10.0 2.5 2 0 4 2 2
-6748.5 5635.9 1.0 161 0 11.8 44.3 10.0 2.5 2 1 4 5 5
-6821.1 5647.4 2.6 260 0 14.0 38.7 7.5 0.0 0 1 3 4 4
-6758.5 5687.4 2.3 167 0 27.2 32.5 12.5 0.0 0 1 5 2 2
6636.4 -3578.8 -59.7 352 0 9.4 30.6 7.5 2.5 2 1 3 4 4
6637.5 -3578.1 -59.8 169 0 11.4 18.9 7.5 2.5 2 1 3 2 2
6608.7 -3518.9 -60.2 272 0 31.9 10.6 10.0 2.5 2 0 4 4 4
6633.7 -3515.3 -59.9 275 0 16.7 13.9 5.0 2.5 2 0 2 0 0
-6327.6 935.3 -46.0 87 0 18.3 15.6 10.0 2.5 2 0 4 0 0
-6486.0 1206.6 -37.5 92 0 14.5 15.5 10.0 2.5 2 1 4 1 1
-6352.4 1370.8 -18.4 90 0 15.2 15.9 7.5 2.5 2 1 3 2 2
3605.4 -1422.6 -42.8 89 0 14.1 16.1 5.0 2.5 2 1 2 3 3
3640.5 -1374.3 -42.2 264 0 16.1 21.6 12.5 2.5 2 1 5 1 1
3736.0 -1344.9 -41.5 354 0 17.9 16.3 10.0 2.5 2 0 4 2 2
3732.2 -1306.2 -41.3 359 0 17.4 18.2 7.5 2.5 2 1 3 5 5
3650.5 -1302.8 -41.5 91 0 7.8 9.6 2.5 0.0 0 1 1 5 5
3625.8 -1277.5 -41.9 270 0 22.1 9.5 5.0 0.0 0 0 2 4 4
3586.4 -1205.9 -42.1 79 0 14.0 15.2 10.0 2.5 4 1 4 4 4
3533.1 -1300.9 -43.3 84 0 11.7 12.6 2.5 2.5 2 1 1 4 4
3660.0 -1118.2 -42.9 359 0 13.4 16.8 7.5 2.5 2 1 3 3 3
3497.6 -1035.8 -43.3 15 0 11.5 18.2 5.0 2.5 2 1 2 3 3
3501.1 -1011.0 -44.0 13 0 15.7 10.3 5.0 2.5 4 0 2 4 4
3599.5 -978.5 -48.3 92 0 18.4 14.8 10.0 2.5 2 0 4 1 1
3638.1 -1023.4 -46.7 358 0 8.8 11.3 5.0 2.5 2 1 2 2 2
3739.7 -1143.4 -41.6 202 0 9.8 10.0 2.5 2.5 2 1 1 0 0
3851.8 -1133.5 -42.0 86 0 15.1 25.4 10.0 2.5 2 1 4 5 5
3751.3 -1415.9 -42.0 95 0 11.9 27.8 15.0 0.0 0 1 6 4 4
3794.7 -1473.3 -43.0 92 0 21.9 13.1 7.5 2.5 2 0 3 5 5
3732.5 -1447.6 -42.4 179 0 9.8 29.7 7.5 2.5 2 1 3 1 1
3748.9 -1525.3 -43.4 7 0 15.2 15.5 10.0 2.5 2 1 4 5 5
3939.7 -1333.1 -42.5 68 0 19.9 33.6 10.0 0.0 0 1 4 1 1
4003.2 -1264.1 -42.6 174 0 27.2 10.8 10.0 2.5 2 0 4 1 1
3882.4 -1357.4 -42.6 172 0 6.6 10.0 5.0 2.5 2 1 2 3 3
3822.0 -1286.8 -41.7 78 0 22.3 13.6 7.5 2.5 2 0 3 4 4
3817.1 -1411.6 -43.2 84 0 11.9 30.1 7.5 2.5 2 1 3 5 5
4040.4 -1192.2 -41.9 94 0 11.9 12.2 5.0 2.5 2 1 2 2 2
4043.2 -1155.2 -41.7 262 0 15.9 15.4 2.5 2.5 4 0 1 0 0
4092.2 -860.7 -47.4 1 0 10.2 10.4 5.0 2.5 4 1 2 5 5
4106.6 -962.5 -46.0 357 0 13.7 17.8 5.0 2.5 2 1 2 5 5
4204.9 -980.3 -44.8 94 0 13.4 11.9 5.0 2.5 2 0 2 2 2
4188.5 -537.9 -54.6 269 0 11.9 13.5 2.5 0.0 0 1 1 5 5
4218.2 -545.8 -54.3 269 0 8.3 12.5 5.0 2.5 2 1 2 1 1
4049.3 -767.9 -50.5 85 0 24.4 58.5 12.5 2.5 4 1 5 5 5
4002.9 -702.2 -51.1 169 0 17.2 52.0 10.0 2.5 2 1 4 4 4
4013.3 -900.4 -48.4 179 0 12.4 16.7 2.5 2.5 2 1 1 3 3
4062.8 -947.2 -47.3 83 0 11.1 15.8 5.0 2.5 2 1 2 5 5
4303.4 -775.1 -48.1 174 0 10.4 12.3 5.0 2.5 2 1 2 3 3
4301.3 -793.4 -47.7 166 0 11.5 18.4 5.0 2.5 2 1 2 1 1
4255.8 -826.9 -47.0 96 0 8.8 8.7 5.0 2.5 2 0 2 3 3
4333.1 -875.2 -45.4 357 0 10.8 10.7 5.0 2.5 2 0 2 2 2
4343.4 -1041.0 -41.8 83 0 12.9 11.7 5.0 2.5 2 0 2 3 3
4237.5 -1079.8 -41.8 0 0 18.5 13.2 10.0 2.5 4 0 4 4 4
4230.0 -1120.2 -42.1 93 0 15.1 12.5 5.0 2.5 4 0 2 2 2
4177.7 -1174.7 -42.4 356 0 11.2 20.5 7.5 2.5 2 1 3 2 2
4156.6 -1130.2 -42.1 262 0 9.8 31.1 7.5 2.5 2 1 3 3 3
4108.5 -1389.1 -44.0 178 0 15.4 20.5 7.5 2.5 4 1 3 4 4
4118.5 -1339.0 -43.9 175 0 24.4 19.5 10.0 2.5 2 0 4 5 5
4232.9 -1360.9 -44.5 354 0 21.7 29.4 12.5 0.0 0 1 5 1 1
4202.5 -1273.8 -43.9 251 0 19.3 42.9 7.5 2.5 2 1 3 2 2
4186.3 -1282.2 -43.8 270 0 12.9 39.0 12.5 2.5 2 1 5 5 5
4313.3 -1322.7 -44.4 85 0 15.1 13.9 5.0 2.5 2 0 2 0 0
4346.3 -1317.4 -44.5 0 0 17.1 14.6 5.0 2.5 4 0 2 2 2
4239.7 -1486.6 -44.6 259 0 16.9 16.6 7.5 2.5 4 0 3 3 3
4207.3 -1506.4 -44.2 175 0 11.8 11.3 5.0 2.5 2 0 2 2 2
4269.2 -1468.6 -45.0 176 0 18.1 26.4 10.0 2.5 2 1 4 0 0
4300.4 -1694.7 -44.5 83 0 11.1 15.9 5.0 2.5 2 1 2 5 5
4300.0 -1653.4 -44.3 180 0 13.7 12.5 5.0 2.5 2 0 2 0 0
4154.0 -1636.4 -45.2 168 0 15.2 15.9 5.0 2.5 2 1 2 0 0
4095.1 -1640.3 -45.6 172 0 18.3 21.5 7.5 2.5 2 1 3 5 5
4060.5 -1690.6 -45.8 174 0 15.4 17.4 10.0 2.5 2 1 4 1 1
4042.5 -1676.9 -45.9 90 0 17.3 19.9 10.0 2.5 2 1 4 0 0
4083.3 -1630.0 -45.7 4 0 21.2 17.8 12.5 0.0 0 0 5 1 1
4108.2 -1742.8 -45.1 172 0 11.5 16.1 5.0 2.5 2 1 2 4 4
4144.4 -1672.2 -45.6 247 0 12.8 17.5 5.0 2.5 2 1 2 0 0
4149.6 -1920.0 -43.6 88 0 17.1 24.9 7.5 0.0 0 1 3 0 0
4185.1 -1879.2 -43.6 274 0 21.9 11.3 5.0 2.5 2 0 2 5 5
4659.8 5622.1 -50.0 284 0 16.6 51.1 12.5 2.5 2 1 5 2 2
4895.9 5774.7 -39.8 263 0 24.0 24.6 15.0 0.0 0 1 6 4 4
4916.6 5247.6 -43.1 255 0 29.4 31.7 12.5 2.5 4 1 5 3 3
4728.7 5909.9 -39.4 71 0 22.7 29.7 10.0 0.0 0 1 4 0 0
4431.6 6100.8 -39.7 267 0 40.5 32.2 10.0 0.0 0 0 4 3 3
4408.5 5841.4 -38.2 267 0 31.6 24.9 10.0 0.0 0 0 4 5 5
5225.0 6016.1 -47.3 350 0 40.0 59.4 10.0 0.0 0 1 4 4 4
-432.9 -6249.0 -52.2 357 0 11.8 7.7 5.0 2.5 2 0 2 5 5
-462.2 -6288.3 -52.5 355 0 18.9 8.5 5.0 2.5 2 0 2 1 1
-478.6 -6222.3 -52.4 272 0 12.0 11.1 5.0 2.5 2 0 2 3 3
-480.5 -6242.0 -52.5 259 0 8.4 8.3 2.5 2.5 4 0 1 3 3
-490.3 -6328.5 -52.8 87 0 10.4 12.5 10.0 2.5 2 1 4 4 4
-420.4 -6366.6 -52.3 76 0 6.5 5.6 7.5 2.5 2 0 3 5 5
-424.5 -6404.3 -52.9 267 0 8.5 8.2 7.5 0.0 0 0 3 5 5
-426.2 -6389.1 -52.4 256 0 12.5 6.3 5.0 2.5 2 0 2 4 4
-418.1 -6449.4 -54.0 79 0 7.0 6.9 7.5 2.5 2 0 3 5 5
-495.9 -6403.8 -53.0 274 0 11.6 11.5 10.0 0.0 0 0 4 0 0
-476.0 -6406.1 -52.9 269 0 8.2 10.9 7.5 2.5 4 1 3 3 3
-536.8 -6425.4 -52.8 269 0 23.3 15.6 10.0 0.0 0 0 4 0 0
-494.2 -6488.1 -51.5 167 0 11.7 9.1 5.0 2.5 2 0 2 4 4
-448.0 -6541.7 -54.5 355 0 8.0 5.5 7.5 2.5 2 0 3 1 1
-579.9 -6423.5 -53.2 260 0 9.4 9.7 7.5 2.5 2 1 3 5 5
-603.8 -6387.9 -53.6 274 0 8.1 9.7 2.5 2.5 2 1 1 0 0
-567.6 -6386.3 -53.1 87 0 7.5 11.1 2.5 2.5 2 1 1 5 5
-556.9 -6375.9 -52.9 357 0 8.5 5.7 7.5 0.0 0 0 3 3 3
-606.6 -6426.6 -53.7 255 0 11.6 7.2 2.5 2.5 2 0 1 5 5
-6402.0 5896.5 -10.2 190 0 15.2 15.7 5.0 2.5 2 1 2 4 4
-6361.8 5843.8 -15.1 4 0 18.2 18.0 10.0 2.5 2 0 4 5 5
-6374.3 5990.8 0.2 83 0 20.5 16.2 15.0 0.0 0 0 6 2 2
-6414.8 5828.2 -16.6 86 0 13.8 13.7 5.0 2.5 2 0 2 1 1
-6526.5 5720.4 -19.5 120 0 15.1 13.6 2.5 2.5 2 0 1 5 5
-6240.9 5891.9 -3.6 197 0 8.4 16.7 7.5 2.5 2 1 3 5 5
-6225.0 5856.8 -5.6 4 0 15.6 15.3 7.5 2.5 2 0 3 4 4
-6249.2 5819.0 -9.7 76 0 18.6 14.5 10.0 2.5 4 0 4 5 5
-6153.4 6011.8 6.9 178 0 42.2 16.9 10.0 2.5 2 0 4 4 4
-6124.7 5994.6 7.7 176 0 10.3 18.1 5.0 2.5 2 1 2 0 0
-6033.4 5996.4 8.6 1 0 16.7 15.7 7.5 2.5 4 0 3 4 4
-5916.1 5808.9 -9.7 358 0 17.6 17.2 7.5 2.5 2 0 3 3 3
-5887.3 5865.2 -4.1 189 0 18.1 15.2 10.0 2.5 2 0 4 1 1
-5812.8 5945.2 2.8 181 0 14.6 23.0 7.5 2.5 2 1 3 5 5
-5801.0 5880.0 0.0 83 0 15.7 19.8 7.5 2.5 2 1 3 4 4
-5816.8 5851.0 -2.2 87 0 12.4 17.5 5.0 2.5 2 1 2 1 1
-5747.9 5888.4 -0.1 174 0 16.5 22.3 10.0 2.5 4 1 4 1 1
-5731.8 5949.9 3.1 0 0 13.2 18.2 5.0 2.5 2 1 2 0 0
-5705.1 5901.1 -0.7 354 0 16.9 13.2 5.0 2.5 2 0 2 2 2
-5701.0 5927.3 0.3 3 0 17.3 19.7 10.0 2.5 2 1 4 1 1
-5701.2 5977.0 2.7 356 0 17.4 22.9 10.0 2.5 2 1 4 4 4
-5687.7 5953.3 -0.2 354 0 20.4 11.6 10.0 2.5 2 0 4 2 2
-5715.4 5844.0 -2.3 352 0 11.6 10.3 7.5 2.5 2 0 3 0 0
-5759.7 5994.4 5.0 3 0 25.8 20.8 12.5 2.5 2 0 5 3 3
-5674.3 5754.5 -11.8 167 0 17.5 10.7 7.5 2.5 2 0 3 3 3
-5610.1 5864.8 -12.9 8 0 23.9 28.3 15.0 0.0 0 1 6 3 3
-5714.3 5628.4 -12.2 88 0 20.0 15.7 12.5 2.5 2 0 5 1 1
-5653.1 5622.3 -17.8 183 0 22.0 20.7 10.0 2.5 2 0 4 2 2
-5683.3 5690.0 -11.6 356 0 15.8 12.2 5.0 2.5 2 0 2 0 0
-5744.6 5621.0 -13.8 97 0 16.3 13.1 5.0 2.5 2 0 2 2 2
-5809.1 5559.4 -16.8 349 0 15.0 15.5 7.5 2.5 2 1 3 5 5
-5893.8 5512.7 -16.8 266 0 18.3 13.4 7.5 2.5 2 0 3 1 1
-5840.7 5386.0 -26.7 360 0 11.4 11.7 7.5 2.5 4 1 3 4 4
-5754.9 5431.9 -21.1 272 0 8.9 12.2 7.5 2.5 2 1 3 0 0
-5907.2 5394.3 -29.2 91 0 13.2 11.0 5.0 2.5 2 0 2 2 2
-5852.2 5321.4 -29.1 77 0 14.7 11.6 10.0 2.5 2 0 4 2 2
-5819.0 5273.8 -29.3 190 0 14.1 12.1 5.0 0.0 0 0 2 3 3
-5818.7 5256.8 -29.9 181 0 14.8 14.0 5.0 2.5 2 0 2 2 2
-5828.2 6081.5 9.0 237 0 10.7 24.6 10.0 2.5 2 1 4 2 2
-5853.7 6066.2 8.9 180 0 23.5 18.6 12.5 0.0 0 0 5 1 1
-5883.2 6066.7 7.6 256 0 53.7 34.8 10.0 0.0 0 0 4 0 0
-5721.7 6084.1 8.3 358 0 15.7 13.6 7.5 2.5 2 0 3 5 5
-5722.0 6118.1 8.6 237 0 20.1 20.7 15.0 0.0 0 1 6 5 5
-5658.4 5999.8 -2.7 190 0 16.1 37.3 12.5 2.5 2 1 5 4 4
-5659.5 6018.4 -0.9 182 0 10.7 42.1 10.0 2.5 2 1 4 3 3
-5685.7 6046.6 5.7 174 0 19.1 10.5 7.5 2.5 2 0 3 1 1
-5553.9 6022.6 -4.8 94 0 35.5 42.1 12.5 0.0 0 1 5 2 2
-5510.7 6027.4 -4.8 104 0 16.4 18.4 12.5 2.5 2 1 5 5 5
-5479.6 6067.5 -1.5 12 0 10.3 26.5 10.0 2.5 2 1 4 4 4
-5414.9 6020.2 -2.6 20 0 16.5 16.4 10.0 2.5 2 0 4 0 0
-5556.1 6133.2 5.2 183 0 17.6 14.1 5.0 2.5 2 0 2 3 3
-5426.1 6159.3 6.9 14 0 24.6 20.0 10.0 2.5 2 0 4 4 4
-5511.2 6129.9 4.4 165 0 10.1 18.4 7.5 2.5 2 1 3 3 3
-5322.3 6129.1 0.9 295 0 15.2 19.6 12.5 2.5 2 1 5 0 0
-5339.2 6062.2 -0.8 119 0 12.5 17.2 5.0 0.0 0 1 2 2 2
-5370.5 6178.7 5.8 270 0 10.5 11.7 2.5 2.5 2 1 1 0 0
-5371.8 6111.6 3.1 113 0 13.7 16.3 5.0 2.5 2 1 2 4 4
-5490.3 6310.6 9.8 7 0 17.8 30.8 7.5 0.0 0 1 3 3 3
-5476.0 6285.9 10.1 352 0 39.6 20.4 10.0 0.0 0 0 4 2 2
-5487.7 6353.6 8.8 6 0 19.1 14.4 7.5 2.5 2 0 3 2 2
-5554.4 6287.9 9.6 186 0 20.3 16.4 5.0 2.5 2 0 2 2 2
-5444.6 6398.9 8.6 270 0 12.5 12.7 5.0 2.5 2 1 2 0 0
-5453.5 6371.3 8.8 189 0 15.0 10.7 5.0 2.5 2 0 2 0 0
-5437.5 6321.5 9.5 150 0 22.7 31.1 7.5 0.0 0 1 3 2 2
-5449.1 6344.8 9.2 167 0 13.7 15.7 5.0 2.5 2 1 2 5 5
-5426.5 6363.4 9.2 282 0 17.3 9.6 7.5 2.5 2 0 3 1 1
-5382.5 6430.7 8.2 93 0 15.3 21.1 7.5 2.5 2 1 3 3 3
-5403.1 6430.1 8.1 84 0 16.8 19.3 7.5 2.5 2 1 3 2 2
-5424.1 6464.7 7.7 170 0 11.7 13.9 2.5 2.5 2 1 1 0 0
-5373.6 6510.2 8.0 6 0 17.5 16.7 7.5 2.5 2 0 3 0 0
-5428.5 6554.6 7.2 169 0 12.7 14.5 7.5 2.5 2 1 3 3 3
-5261.7 6557.8 10.4 165 0 15.1 20.8 10.0 2.5 2 1 4 3 3
-5280.2 6506.0 10.0 195 0 16.7 17.7 7.5 2.5 2 1 3 1 1
-5264.2 6466.1 10.4 33 0 16.8 13.3 7.5 0.0 0 0 3 0 0
-5160.0 6709.4 0.4 21 0 14.7 13.1 7.5 2.5 2 0 3 4 4
-5203.3 6611.2 10.3 270 0 9.6 12.5 2.5 2.5 4 1 1 4 4
-5170.1 6618.8 9.1 301 0 11.6 16.3 10.0 2.5 2 1 4 1 1
-5283.5 6719.8 1.1 0 0 14.9 11.4 5.0 2.5 2 0 2 3 3
-5057.2 6589.1 10.6 175 0 12.6 19.5 12.5 0.0 0 1 5 0 0
-5040.5 6549.2 13.7 169 0 16.1 11.1 7.5 2.5 4 0 3 3 3
-5009.0 6589.7 11.7 269 0 18.4 15.4 15.0 0.0 0 0 6 0 0
-4990.0 6612.4 10.5 274 0 13.7 14.7 7.5 2.5 2 1 3 1 1
-4975.9 6525.0 15.4 98 0 12.1 20.4 2.5 2.5 2 1 1 5 5
-5024.2 6457.7 16.0 177 0 18.1 15.9 7.5 2.5 2 0 3 2 2
-4958.0 6404.5 17.1 181 0 14.1 21.5 12.5 2.5 2 1 5 1 1
-4957.8 6371.1 15.5 91 0 17.8 11.9 7.5 2.5 2 0 3 3 3
-4967.6 6431.6 17.2 267 0 15.3 13.9 2.5 2.5 2 0 1 3 3
-4947.9 6433.8 17.7 182 0 16.1 15.8 7.5 2.5 4 0 3 2 2
-4910.3 6389.1 18.7 69 0 16.7 24.1 10.0 2.5 2 1 4 2 2
-4922.1 6434.7 18.1 183 0 17.8 16.0 10.0 2.5 2 0 4 2 2
-4839.0 6479.4 20.3 282 0 15.7 13.2 10.0 2.5 4 0 4 3 3
-4815.5 6504.6 21.5 269 0 16.1 16.8 10.0 2.5 2 1 4 1 1
-4838.4 6388.5 21.3 76 0 12.1 19.7 12.5 2.5 4 1 5 4 4
-4809.9 6443.7 22.2 0 0 14.8 18.1 15.0 0.0 0 1 6 2 2
-4878.7 6535.0 16.7 347 0 16.6 22.8 10.0 0.0 0 1 4 0 0
-4763.1 6435.8 25.4 32 0 18.0 16.4 10.0 2.5 4 0 4 3 3
-4767.0 6414.6 24.0 13 0 14.3 14.0 7.5 2.5 4 0 3 5 5
-4815.6 6356.8 18.1 171 0 32.6 27.6 7.5 0.0 0 0 3 3 3
-4760.8 6365.8 19.7 350 0 20.7 21.7 10.0 2.5 2 1 4 1 1
-4764.0 6490.4 25.0 269 0 15.6 20.8 10.0 2.5 2 1 4 1 1
-4731.6 6603.6 11.7 313 0 12.1 17.1 5.0 2.5 2 1 2 2 2
-4662.8 6520.5 23.7 262 0 13.4 24.3 10.0 2.5 2 1 4 5 5
-4623.1 6530.0 20.3 12 0 35.5 16.5 10.0 2.5 2 0 4 3 3
-4611.1 6580.4 15.5 14 0 20.9 10.0 7.5 2.5 2 0 3 0 0
-4626.2 6606.1 14.7 349 0 16.5 16.7 12.5 2.5 2 1 5 2 2
-4637.7 6685.1 19.3 94 0 15.1 23.9 10.0 2.5 2 1 4 5 5
-4599.3 6764.0 18.8 355 0 35.3 35.8 12.5 0.0 0 1 5 1 1
-4538.4 6634.5 22.6 355 0 14.6 13.8 7.5 2.5 2 0 3 0 0
-4560.5 6531.8 21.5 356 0 15.0 12.2 5.0 2.5 2 0 2 1 1
-4589.8 6478.0 18.3 96 0 15.7 19.1 10.0 2.5 2 1 4 2 2
-4578.7 6639.8 20.8 193 0 16.9 15.9 5.0 2.5 4 0 2 0 0
-4578.9 6685.0 23.8 171 0 19.7 16.3 5.0 2.5 2 0 2 1 1
-4558.1 6719.8 25.0 349 0 15.1 14.6 7.5 2.5 2 0 3 3 3
-4489.3 6800.4 22.9 11 0 15.6 16.1 7.5 2.5 2 1 3 3 3
-4599.9 6813.0 20.9 9 0 15.1 17.3 12.5 2.5 4 1 5 5 5
-4688.2 6749.5 13.1 92 0 13.9 16.1 5.0 2.5 2 1 2 2 2
-4686.5 6832.0 20.4 181 0 19.8 15.9 10.0 2.5 2 0 4 0 0
3880.8 6415.5 -31.0 68 0 12.0 19.1 5.0 2.5 2 1 2 1 1
4026.3 6384.8 -23.3 268 0 25.0 16.4 10.0 2.5 4 0 4 5 5
4074.7 6378.7 -23.8 270 0 14.0 22.3 12.5 0.0 0 1 5 1 1
4025.1 6526.0 -37.1 184 0 12.6 12.5 5.0 2.5 2 0 2 3 3
6201.0 -4669.6 -53.8 85 0 15.1 26.7 10.0 2.5 2 1 4 5 5
5072.7 -4666.7 -53.4 74 0 35.2 16.0 7.5 2.5 2 0 3 2 2
4024.5 -4884.1 -53.2 257 0 8.9 26.4 7.5 2.5 2 1 3 0 0
4074.9 -4961.7 -51.7 355 0 10.3 33.9 7.5 2.5 2 1 3 3 3
4143.2 -4972.1 -51.9 177 0 10.0 20.3 7.5 2.5 2 1 3 3 3
4059.5 -5035.5 -51.0 279 0 12.0 12.8 5.0 2.5 2 1 2 4 4
3834.2 -5127.5 -51.3 179 0 15.8 14.6 5.0 2.5 2 0 2 3 3
3809.8 -5051.0 -51.9 4 0 11.2 19.9 7.5 2.5 2 1 3 5 5
3885.1 -5122.1 -50.8 270 0 8.9 7.2 5.0 0.0 0 0 2 5 5
3875.1 -5166.3 -50.9 85 0 7.9 12.6 2.5 2.5 2 1 1 1 1
3793.1 -5156.4 -51.6 0 0 10.0 7.6 5.0 2.5 2 0 2 2 2
3853.1 -5225.3 -51.1 182 0 10.7 8.2 2.5 0.0 0 0 1 3 3
3833.0 -5260.6 -51.1 182 0 9.4 10.5 5.0 2.5 2 1 2 4 4
3880.5 -5272.9 -51.0 2 0 11.7 14.4 5.0 2.5 2 1 2 5 5
3741.8 -5201.6 -51.5 89 0 8.0 11.7 5.0 2.5 2 1 2 5 5
4051.8 -5208.3 -50.7 97 0 12.4 7.8 2.5 2.5 2 0 1 3 3
4025.1 -5064.2 -50.9 186 0 14.8 14.7 5.0 2.5 2 0 2 1 1
4011.4 -5049.2 -51.0 182 0 15.7 14.8 5.0 0.0 0 0 2 0 0
4078.5 -5039.9 -51.1 266 0 9.1 9.9 7.5 2.5 2 1 3 0 0
4100.1 -5037.4 -51.0 353 0 11.0 9.7 5.0 2.5 4 0 2 0 0
4187.1 -5243.2 -55.4 184 0 11.4 14.6 7.5 2.5 2 1 3 1 1
4222.2 -5236.9 -56.4 259 0 11.6 13.1 5.0 2.5 2 1 2 1 1
4208.3 -5283.9 -56.3 91 0 13.1 12.4 5.0 2.5 2 0 2 2 2
4244.4 -5066.6 -54.3 286 0 15.2 19.4 10.0 2.5 2 1 4 4 4
4332.4 -5184.5 -56.9 176 0 14.3 8.1 7.5 2.5 2 0 3 0 0
4348.5 -5194.1 -57.0 86 0 9.2 10.2 5.0 0.0 0 1 2 5 5
4421.5 -5248.9 -58.2 4 0 20.3 21.8 10.0 2.5 2 1 4 1 1
4420.7 -5089.6 -56.7 179 0 12.0 26.2 7.5 2.5 2 1 3 0 0
4447.7 -5130.8 -57.1 88 0 19.1 14.5 7.5 2.5 2 0 3 5 5
4170.3 -5295.3 -55.1 173 0 8.5 9.5 7.5 2.5 2 1 3 2 2
4280.9 -5434.3 -60.1 180 0 8.1 9.0 7.5 2.5 2 1 3 3 3
4340.4 -5510.4 -61.8 79 0 18.9 19.0 10.0 2.5 4 1 4 4 4
4512.0 -5409.1 -61.1 270 0 10.0 12.9 2.5 2.5 2 1 1 5 5
4304.6 -5478.7 -61.1 355 0 7.3 6.8 7.5 2.5 2 0 3 0 0
4576.1 -5320.6 -60.5 3 0 10.8 20.4 10.0 2.5 2 1 4 3 3
4533.3 -5368.8 -60.3 90 0 8.7 9.2 2.5 2.5 2 1 1 3 3
4566.5 -5398.3 -61.1 271 0 15.4 8.6 7.5 2.5 2 0 3 2 2
4001.1 -5405.8 -50.1 274 0 9.3 10.5 2.5 2.5 2 1 1 2 2
3929.5 -5417.5 -50.2 270 0 9.3 12.3 2.5 2.5 2 1 1 3 3
3957.8 -5542.0 -49.8 265 0 8.8 7.6 5.0 2.5 2 0 2 0 0
3842.7 -5474.6 -50.1 174 0 28.1 7.9 7.5 2.5 2 0 3 3 3
3977.3 -5565.4 -50.7 78 0 9.5 7.8 7.5 2.5 2 0 3 1 1
4021.3 -5569.5 -52.2 356 0 7.3 9.1 5.0 2.5 2 1 2 4 4
4119.1 -5514.6 -55.8 185 0 7.1 9.4 5.0 2.5 2 1 2 1 1
4150.2 -5524.3 -56.7 358 0 7.3 9.3 5.0 0.0 0 1 2 5 5
4124.4 -5436.4 -54.7 88 0 6.6 7.9 7.5 2.5 2 1 3 4 4
3705.2 -5472.5 -50.1 275 0 13.6 10.6 2.5 2.5 2 0 1 1 1
3731.1 -5530.2 -50.0 85 0 5.6 10.0 5.0 2.5 2 1 2 1 1
3718.4 -5597.1 -49.7 270 0 8.7 10.4 2.5 2.5 4 1 1 2 2
3652.6 -5587.7 -49.8 80 0 12.8 10.8 5.0 2.5 4 0 2 0 0
3636.4 -5556.9 -49.9 92 0 8.5 12.2 7.5 0.0 0 1 3 2 2
3659.5 -5515.2 -50.0 358 0 9.8 8.2 7.5 2.5 2 0 3 5 5
3597.2 -5627.6 -49.7 185 0 8.9 6.7 2.5 2.5 2 0 1 1 1
3569.6 -5232.3 -52.2 189 0 7.8 10.6 5.0 2.5 2 1 2 5 5
3364.3 -5192.4 -55.2 65 0 10.3 25.2 10.0 2.5 2 1 4 3 3
3335.6 -5195.8 -54.7 76 0 16.8 9.8 2.5 2.5 2 0 1 1 1
3241.6 -5323.7 -52.7 67 0 8.7 9.8 2.5 2.5 2 1 1 3 3
3288.0 -5159.8 -54.6 269 0 12.8 13.6 7.5 2.5 2 1 3 5 5
3324.6 -5098.1 -55.3 272 0 9.0 7.6 5.0 2.5 2 0 2 0 0
3230.4 -5610.9 -57.4 342 0 12.6 12.1 7.5 2.5 2 0 3 5 5
3231.9 -5564.9 -56.2 178 0 8.4 7.4 5.0 2.5 2 0 2 5 5
3314.5 -5529.5 -53.9 268 0 8.3 7.2 5.0 2.5 2 0 2 4 4
3440.5 -5524.1 -50.9 78 0 10.1 14.8 5.0 2.5 2 1 2 4 4
3083.0 -5624.1 -58.3 173 0 9.0 9.8 7.5 2.5 2 1 3 1 1
3198.1 -5662.6 -59.0 3 0 9.9 9.0 5.0 2.5 2 0 2 1 1
3162.3 -5709.5 -60.1 0 0 12.3 7.1 5.0 2.5 4 0 2 4 4
3273.4 -5561.4 -55.3 82 0 10.3 9.5 5.0 2.5 2 0 2 5 5
3013.2 -5732.6 -61.2 264 0 8.0 11.3 5.0 2.5 2 1 2 5 5
2999.3 -5647.9 -59.3 358 0 7.6 9.0 2.5 2.5 4 1 1 1 1
2915.8 -5633.0 -55.1 265 0 13.0 9.7 5.0 2.5 2 0 2 1 1
2609.4 -5653.2 -49.9 185 0 11.0 14.4 10.0 2.5 4 1 4 0 0
2632.6 -5646.3 -50.0 257 0 9.1 12.0 7.5 2.5 2 1 3 1 1
2651.2 -5648.8 -50.2 358 0 11.1 7.6 2.5 0.0 0 0 1 3 3
2677.2 -5712.1 -50.4 268 0 11.3 12.2 5.0 2.5 4 1 2 0 0
2602.7 -5720.6 -49.6 269 0 11.4 8.7 5.0 2.5 2 0 2 2 2
2625.1 -5712.6 -49.9 272 0 8.5 6.4 2.5 2.5 2 0 1 1 1
2612.1 -5782.1 -49.8 179 0 11.9 11.5 2.5 2.5 2 0 1 1 1
2578.9 -5755.5 -49.4 178 0 7.2 10.2 7.5 2.5 2 1 3 3 3
2642.4 -5836.5 -53.0 4 0 11.0 11.5 5.0 2.5 2 1 2 0 0
603.2 5909.3 18.0 270 0 11.4 10.8 5.0 0.0 0 0 2 4 4
546.2 6006.8 22.0 142 0 22.0 14.9 7.5 2.5 2 0 3 1 1
644.7 6118.9 21.6 44 0 28.1 24.4 12.5 0.0 0 0 5 0 0
953.3 6123.7 13.0 73 0 16.4 18.1 10.0 0.0 0 1 4 0 0
240.6 6232.2 32.2 311 0 32.3 39.8 10.0 0.0 0 1 4 3 3
486.4 6133.9 27.5 25 0 87.8 102.8 10.0 0.0 0 1 4 3 3
-1598.4 -3733.3 -45.0 354 0 17.4 11.0 10.5 0.0 0 0 3 4 4
-1747.5 -3827.3 -47.1 81 0 16.7 26.9 14.0 3.5 2 1 4 2 2
-1713.4 -3827.6 -47.2 86 0 6.0 11.2 10.5 3.5 2 1 3 5 5
-1728.2 -3722.0 -46.0 4 0 6.1 12.7 10.5 3.5 2 1 3 5 5
-1705.4 -3826.6 -47.1 90 0 6.5 11.7 10.5 3.5 2 1 3 1 1
-1665.9 -3882.3 -47.4 179 0 33.0 32.5 10.5 0.0 0 0 3 1 1
-1736.5 -3874.1 -46.8 269 0 13.0 13.7 14.0 3.5 2 1 4 2 2
-1763.0 -3884.8 -46.9 252 0 8.6 10.2 10.5 3.5 2 1 3 3 3
-1747.2 -3858.3 -46.8 266 0 7.3 8.3 10.5 3.5 2 1 3 3 3
-1716.7 -3743.1 -45.9 0 0 12.8 10.3 14.0 3.5 2 0 4 0 0
-1624.1 -3779.8 -46.3 87 0 16.4 13.8 10.5 3.5 2 0 3 4 4
-1660.8 -3721.4 -45.3 186 0 34.3 5.7 10.5 3.5 4 0 3 3 3
-1758.5 -3662.8 -46.3 354 0 9.0 12.0 10.5 3.5 2 1 3 5 5
-1693.8 -3590.6 -43.9 2 0 12.3 10.5 14.0 3.5 2 0 4 0 0
-1696.0 -3687.9 -45.3 0 0 9.3 10.4 10.5 3.5 2 1 3 2 2
-1577.3 -4138.0 -48.5 3 0 8.8 17.5 10.5 3.5 2 1 3 0 0
-1646.5 -4062.3 -48.5 168 0 13.1 34.6 10.5 3.5 2 1 3 2 2
-1666.6 -4329.3 -50.1 275 0 9.7 12.6 10.5 3.5 2 1 3 2 2
-1582.7 -4409.4 -50.7 84 0 14.7 19.5 14.0 3.5 2 1 4 2 2
-1600.3 -4224.3 -50.0 242 0 10.2 13.8 14.0 3.5 2 1 4 2 2
-1868.1 -3781.4 -46.8 83 0 4.6 6.6 10.5 3.5 2 0 3 5 5
-1837.7 -3768.0 -46.5 175 0 11.1 7.8 10.5 3.5 2 0 3 3 3
-1871.5 -3583.6 -46.8 180 0 11.7 9.3 10.5 3.5 2 0 3 1 1
-1874.7 -3514.9 -46.1 181 0 10.6 11.2 14.0 3.5 2 1 4 2 2
-1828.0 -3573.1 -46.2 349 0 11.6 10.4 14.0 3.5 2 0 4 0 0
-1784.7 -3573.2 -45.1 269 0 9.2 7.9 10.5 3.5 2 0 3 1 1
-1797.7 -3548.2 -45.3 6 0 10.5 13.6 14.0 3.5 2 1 4 0 0
-1906.2 -3579.1 -46.9 177 0 13.5 10.6 14.0 3.5 2 0 4 0 0
-1845.7 -3482.5 -46.5 1 0 12.2 13.6 14.0 3.5 2 1 4 0 0
-1871.4 -3474.9 -46.6 270 0 9.3 18.2 10.5 3.5 2 1 3 5 5
-1959.0 -3491.2 -47.3 269 0 6.6 11.1 10.5 3.5 2 1 3 5 5
-1875.6 -3380.2 -46.7 348 0 8.1 11.5 10.5 3.5 2 1 3 2 2
-1654.6 -4026.7 -48.5 176 0 7.7 11.8 10.5 3.5 2 1 3 1 1
-1655.6 -4003.3 -48.3 174 0 12.6 7.9 10.5 0.0 0 0 3 2 2
-2402.8 -3979.5 -47.1 349 0 6.0 9.7 5.0 2.5 2 1 2 3 3
-2282.5 -3895.2 -47.2 280 0 12.4 12.1 7.5 2.5 2 0 3 2 2
-2297.7 -3959.8 -47.3 176 0 8.9 9.8 5.0 2.5 2 1 2 4 4
-2271.0 -3955.9 -47.4 353 0 6.8 8.8 7.5 2.5 2 1 3 0 0
-2517.9 -3997.3 -47.1 180 0 16.1 9.9 2.5 2.5 2 0 1 3 3
-6275.4 -6342.7 -53.1 83 0 8.5 13.3 2.5 2.5 2 1 1 1 1
6659.3 -2419.0 -52.5 359 0 14.6 15.4 7.5 2.5 2 1 3 2 2
6652.4 -2441.7 -51.5 356 0 11.6 9.0 2.5 2.5 2 0 1 3 3
6608.7 -2416.0 -53.2 182 0 8.5 7.3 5.0 2.5 4 0 2 2 2
6598.4 -2596.0 -45.9 258 0 12.0 12.5 7.5 2.5 2 1 3 2 2
6650.7 -2625.6 -45.2 270 0 3.8 10.4 2.5 2.5 4 1 1 2 2
6690.0 -2475.8 -49.1 267 0 11.4 11.7 5.0 2.5 2 1 2 0 0
6736.9 -2592.5 -45.3 266 0 6.9 13.0 5.0 2.5 2 1 2 0 0
6763.4 -2611.3 -45.5 352 0 12.3 20.6 2.5 0.0 0 1 1 5 5
6739.3 -2651.2 -45.4 351 0 13.3 9.8 5.0 2.5 2 0 2 0 0
6679.8 -2515.9 -47.9 1 0 7.3 8.7 7.5 2.5 2 1 3 5 5
6738.4 -2618.1 -45.3 351 0 12.9 4.6 7.5 2.5 2 0 3 4 4
6719.7 -2681.5 -45.4 84 0 9.5 10.6 5.0 2.5 2 1 2 1 1
6683.7 -2567.5 -45.4 266 0 8.2 8.2 5.0 2.5 2 0 2 2 2
6763.5 -2675.3 -45.5 349 0 13.5 16.8 2.5 2.5 2 1 1 2 2
6745.3 -2753.3 -45.6 91 0 7.9 11.3 7.5 2.5 2 1 3 5 5
6745.5 -2779.3 -45.6 259 0 13.6 10.6 5.0 2.5 2 0 2 2 2
6762.2 -2775.8 -45.7 258 0 20.6 10.6 5.0 2.5 2 0 2 5 5
6718.8 -2814.8 -45.7 266 0 6.7 16.0 5.0 2.5 2 1 2 4 4
6679.8 -2759.0 -45.5 91 0 10.3 11.7 2.5 2.5 4 1 1 4 4
6674.2 -2733.3 -45.4 86 0 8.8 10.7 5.0 2.5 2 1 2 4 4
6623.9 -2787.1 -45.4 360 0 21.3 17.9 7.5 2.5 2 0 3 2 2
6564.5 -2808.1 -45.4 84 0 17.4 12.7 5.0 2.5 2 0 2 1 1
6592.3 -2514.9 -49.4 266 0 8.5 4.6 5.0 2.5 2 0 2 5 5
6554.5 -2671.8 -45.1 268 0 11.6 9.5 2.5 2.5 2 0 1 2 2
6614.1 -2848.6 -45.5 92 0 12.5 10.6 7.5 2.5 4 0 3 1 1
6597.6 -2859.2 -45.5 74 0 8.5 15.5 5.0 2.5 2 1 2 4 4
6527.6 -2875.7 -45.4 87 0 8.0 19.3 7.5 2.5 2 1 3 3 3
6497.6 -2867.6 -45.4 87 0 11.2 14.2 10.0 2.5 2 1 4 0 0
6491.3 -2890.6 -45.4 92 0 10.1 12.4 5.0 2.5 2 1 2 0 0
6492.1 -2901.3 -45.4 81 0 10.4 5.6 2.5 2.5 4 0 1 1 1
6486.4 -2914.8 -45.4 251 0 17.6 8.2 7.5 0.0 0 0 3 5 5
6449.8 -2693.6 -45.0 269 0 8.5 9.4 5.0 2.5 2 1 2 5 5
6479.0 -2602.7 -48.2 179 0 12.5 15.0 2.5 2.5 2 1 1 4 4
6499.0 -2556.2 -49.8 177 0 18.0 11.7 7.5 2.5 2 0 3 0 0
6513.6 -2527.9 -50.5 176 0 7.5 19.4 5.0 2.5 2 1 2 0 0
6383.5 -2735.1 -44.9 271 0 17.9 13.5 7.5 2.5 2 0 3 4 4
6371.5 -2578.1 -51.3 276 0 20.9 22.4 10.0 2.5 2 1 4 5 5
6346.0 -2677.4 -47.5 270 0 9.5 9.0 7.5 2.5 2 0 3 1 1
6333.0 -2680.6 -47.6 273 0 7.2 7.9 5.0 0.0 0 1 2 1 1
6310.8 -2685.6 -47.9 272 0 14.6 11.7 7.5 2.5 4 0 3 5 5
6307.0 -2735.9 -46.0 274 0 14.3 11.6 2.5 0.0 0 0 1 3 3
6238.3 -2750.5 -46.8 176 0 13.9 41.4 10.0 2.5 2 1 4 0 0
6234.3 -2724.6 -48.4 174 0 32.2 34.2 10.0 0.0 0 1 4 0 0
6215.7 -2655.3 -50.9 181 0 14.6 11.3 2.5 2.5 4 0 1 4 4
6230.1 -2643.8 -51.1 179 0 7.9 11.5 2.5 2.5 2 1 1 4 4
6201.2 -2837.7 -44.8 180 0 17.2 22.1 5.0 2.5 2 1 2 2 2
6279.7 -2910.5 -45.1 91 0 15.6 14.3 5.0 2.5 2 0 2 2 2
6210.7 -2789.4 -45.5 268 0 7.0 10.9 7.5 2.5 2 1 3 5 5
6342.0 -2837.0 -45.0 87 0 21.7 24.6 10.0 2.5 4 1 4 3 3
6395.7 -2861.9 -45.2 90 0 14.2 13.2 5.0 2.5 2 0 2 1 1
6409.7 -2935.1 -45.3 93 0 13.4 20.0 10.0 2.5 4 1 4 4 4
6359.0 -2934.1 -45.2 87 0 10.2 11.2 5.0 2.5 4 1 2 5 5
6367.3 -2971.1 -45.3 273 0 14.6 10.9 7.5 2.5 2 0 3 1 1
6392.7 -2961.5 -45.4 271 0 14.0 9.4 7.5 2.5 2 0 3 0 0
6339.8 -2957.5 -45.3 87 0 13.4 19.1 12.5 2.5 2 1 5 1 1
6360.2 -2951.5 -45.3 90 0 11.4 7.8 2.5 2.5 2 0 1 1 1
6466.2 -2877.6 -45.3 88 0 13.0 6.4 5.0 2.5 2 0 2 3 3
6494.0 -2940.1 -45.5 271 0 10.1 6.4 7.5 2.5 2 0 3 4 4
6494.9 -2951.0 -45.5 269 0 10.3 7.9 5.0 0.0 0 0 2 5 5
6489.8 -2983.0 -45.6 266 0 14.5 13.0 7.5 2.5 2 0 3 2 2
6469.6 -3040.0 -45.6 272 0 5.9 5.5 7.5 2.5 4 0 3 4 4
6456.8 -2981.6 -45.5 276 0 7.7 8.8 5.0 2.5 2 1 2 2 2
6580.8 -2921.5 -45.6 173 0 11.5 14.1 7.5 2.5 2 1 3 2 2
6604.2 -2920.3 -45.7 181 0 10.7 12.1 7.5 0.0 0 1 3 3 3
6636.8 -2895.3 -45.7 268 0 11.0 13.7 5.0 2.5 2 1 2 5 5
6640.3 -2945.2 -45.8 181 0 13.2 20.2 7.5 2.5 2 1 3 5 5
6605.6 -2964.5 -45.7 179 0 13.4 18.6 10.0 2.5 2 1 4 0 0
6608.3 -2997.9 -45.8 173 0 10.9 15.8 7.5 2.5 2 1 3 3 3
6669.2 -2974.7 -45.9 179 0 9.0 7.9 7.5 2.5 2 0 3 0 0
6686.8 -2868.0 -45.7 215 0 11.5 20.1 7.5 2.5 2 1 3 3 3
6689.4 -2850.2 -45.7 174 0 9.7 8.5 7.5 0.0 0 0 3 3 3
6735.3 -2900.3 -45.8 5 0 13.2 5.7 7.5 2.5 4 0 3 4 4
6765.5 -2882.4 -45.8 351 0 9.3 17.0 2.5 2.5 2 1 1 4 4
6740.3 -2920.1 -45.9 359 0 13.5 8.6 5.0 0.0 0 0 2 0 0
6736.7 -2943.9 -45.9 2 0 13.1 15.1 2.5 2.5 2 1 1 1 1
6732.3 -3082.0 -46.2 81 0 10.4 15.8 5.0 2.5 2 1 2 4 4
6716.8 -3067.9 -46.1 85 0 12.5 11.2 10.0 2.5 2 0 4 2 2
6712.0 -3086.7 -46.1 91 0 9.7 5.8 5.0 2.5 2 0 2 5 5
6742.9 -3094.2 -46.2 267 0 10.0 10.0 5.0 2.5 2 1 2 1 1
6744.6 -3150.2 -47.0 359 0 13.6 13.0 5.0 2.5 2 0 2 2 2
6721.8 -3101.3 -46.2 267 0 11.6 11.4 7.5 2.5 4 0 3 0 0
6688.9 -3171.0 -47.9 92 0 9.1 13.8 5.0 2.5 2 1 2 4 4
6689.4 -3117.4 -46.4 271 0 12.0 10.9 2.5 2.5 2 0 1 0 0
6629.9 -3108.9 -46.9 266 0 10.4 19.0 7.5 2.5 2 1 3 5 5
6608.9 -3117.5 -47.0 267 0 10.6 9.4 7.5 2.5 2 0 3 1 1
6613.2 -3091.5 -46.2 340 0 17.5 13.0 5.0 2.5 2 0 2 5 5
6644.3 -3100.3 -46.0 174 0 10.7 8.8 2.5 2.5 2 0 1 3 3
6590.1 -3163.5 -48.8 269 0 13.2 13.4 7.5 2.5 2 1 3 3 3
6638.2 -3185.1 -49.1 269 0 12.7 10.7 5.0 2.5 2 0 2 5 5
6542.2 -3191.5 -50.2 269 0 7.6 14.0 5.0 2.5 2 1 2 4 4
6529.4 -3205.8 -51.4 269 0 17.3 28.7 10.0 2.5 2 1 4 4 4
6512.8 -3127.7 -48.0 0 0 8.1 10.8 2.5 2.5 2 1 1 0 0
6536.7 -3122.4 -47.6 353 0 9.5 8.1 5.0 2.5 2 0 2 1 1
6471.6 -3132.1 -48.5 357 0 13.4 11.4 10.0 0.0 0 0 4 3 3
6482.3 -3153.7 -49.2 356 0 12.7 11.7 7.5 2.5 2 0 3 4 4
6495.6 -3206.1 -50.7 359 0 5.1 13.1 5.0 2.5 2 1 2 3 3
6476.7 -3176.8 -49.9 359 0 11.1 7.4 2.5 2.5 2 0 1 4 4
6511.5 -3251.9 -52.3 270 0 8.8 9.1 2.5 2.5 2 1 1 3 3
6524.4 -3296.1 -53.4 93 0 12.5 11.1 7.5 2.5 2 0 3 3 3
6558.5 -3279.1 -52.8 359 0 10.9 12.1 7.5 2.5 2 1 3 4 4
6566.0 -3321.7 -54.0 90 0 15.2 14.0 5.0 2.5 2 0 2 2 2
6580.1 -3320.6 -53.8 89 0 10.2 13.6 2.5 2.5 2 1 1 1 1
6748.5 -3559.7 -58.7 76 0 11.5 24.3 10.0 2.5 2 1 4 1 1
6755.6 -3497.4 -57.4 358 0 10.9 7.6 7.5 2.5 2 0 3 0 0
6720.2 -3525.1 -58.5 87 0 6.3 10.9 7.5 2.5 2 1 3 1 1
6719.1 -3395.4 -55.0 85 0 18.7 21.8 7.5 2.5 2 1 3 4 4
6758.4 -3354.2 -53.5 359 0 7.5 13.8 5.0 2.5 2 1 2 1 1
6740.9 -3336.2 -53.1 353 0 14.6 6.4 2.5 2.5 4 0 1 4 4
6726.7 -3358.9 -53.7 87 0 6.6 10.6 5.0 2.5 2 1 2 5 5
6715.4 -3288.5 -52.1 272 0 10.5 14.0 7.5 2.5 2 1 3 0 0
6751.2 -3306.0 -52.0 355 0 6.9 5.1 2.5 2.5 2 0 1 4 4
6734.2 -2408.5 -51.2 88 0 8.1 12.4 5.0 2.5 2 1 2 3 3
6415.4 -3041.6 -46.1 271 0 14.7 15.1 5.0 2.5 2 1 2 4 4
6388.4 -3110.9 -48.3 182 0 13.2 15.5 5.0 2.5 2 1 2 5 5
6363.3 -3192.2 -51.2 175 0 8.3 9.0 7.5 2.5 2 0 3 5 5
6353.1 -3058.8 -47.2 271 0 13.7 15.2 5.0 2.5 2 1 2 4 4
6396.2 -3175.3 -50.5 181 0 17.9 11.1 5.0 2.5 2 0 2 2 2
6414.7 -3177.5 -50.5 181 0 19.5 10.3 7.5 2.5 4 0 3 2 2
6537.3 -3354.0 -55.2 95 0 15.3 14.2 7.5 2.5 2 0 3 1 1
6509.2 -3361.3 -55.7 80 0 10.9 10.3 2.5 2.5 2 0 1 2 2
6654.7 -3294.9 -52.8 268 0 9.2 13.5 7.5 0.0 0 1 3 5 5
6628.2 -3281.2 -52.3 355 0 8.4 8.9 7.5 2.5 2 1 3 2 2
6679.9 -3313.4 -53.0 266 0 8.4 9.9 7.5 2.5 2 1 3 4 4
6658.7 -3370.5 -54.7 85 0 9.7 11.7 2.5 2.5 2 1 1 0 0
6683.8 -3349.5 -53.8 83 0 3.6 16.8 2.5 2.5 2 1 1 1 1
6639.5 -3398.8 -55.8 76 0 12.0 8.7 5.0 2.5 2 0 2 1 1
6617.1 -3356.3 -54.6 93 0 7.3 7.0 5.0 2.5 2 0 2 0 0
6615.5 -3372.9 -55.2 94 0 7.1 7.8 5.0 2.5 2 1 2 4 4
6618.7 -3452.8 -57.6 91 0 7.4 11.9 7.5 2.5 2 1 3 1 1
6557.4 -3501.5 -59.9 179 0 14.3 10.7 7.5 2.5 2 0 3 2 2
6461.8 -3501.6 -60.2 270 0 10.5 11.4 7.5 2.5 2 1 3 0 0
6428.9 -3445.7 -59.2 86 0 9.8 10.1 5.0 2.5 2 1 2 5 5
6413.8 -3506.5 -59.8 174 0 8.0 8.9 7.5 2.5 2 1 3 1 1
6376.1 -3557.5 -58.2 272 0 8.2 10.2 2.5 2.5 2 1 1 2 2
6447.3 -3620.4 -57.5 3 0 9.7 8.3 5.0 2.5 2 0 2 1 1
6332.3 -3360.7 -57.2 168 0 11.1 21.9 7.5 2.5 2 1 3 2 2
6367.7 -3362.6 -56.9 81 0 8.5 8.3 5.0 2.5 2 0 2 0 0
6296.2 -3480.3 -60.2 90 0 6.4 12.0 7.5 2.5 2 1 3 5 5
6294.6 -3437.6 -57.7 186 0 7.8 8.3 7.5 2.5 2 1 3 1 1
6300.4 -3187.4 -51.6 182 0 11.4 9.4 2.5 2.5 2 0 1 1 1
6327.4 -3232.3 -53.0 180 0 15.5 7.1 5.0 2.5 2 0 2 4 4
6287.9 -3224.1 -52.9 181 0 9.4 8.0 5.0 2.5 2 0 2 0 0
6315.4 -3098.9 -48.4 171 0 8.8 14.5 2.5 2.5 4 1 1 0 0
6331.3 -3139.2 -49.7 183 0 10.6 15.4 5.0 2.5 2 1 2 5 5
6358.4 -3214.0 -52.3 270 0 7.0 11.1 7.5 2.5 2 1 3 2 2
6372.7 -3188.2 -51.0 184 0 10.0 4.7 5.0 2.5 2 0 2 5 5
6310.5 -2989.4 -45.3 267 0 11.8 13.2 7.5 2.5 2 1 3 4 4
6256.2 -2997.2 -45.6 256 0 7.7 8.4 7.5 2.5 2 1 3 2 2
6259.1 -3008.8 -46.2 259 0 6.9 15.5 7.5 2.5 2 1 3 2 2
6233.9 -3061.4 -47.7 82 0 11.3 11.7 10.0 2.5 2 1 4 0 0
6200.6 -3016.3 -46.8 270 0 6.7 10.9 5.0 2.5 2 1 2 5 5
6222.7 -2982.1 -45.1 82 0 10.2 9.3 7.5 2.5 2 0 3 4 4
6257.2 -3111.2 -49.2 110 0 15.9 23.4 7.5 2.5 2 1 3 2 2
6326.2 -3067.7 -47.4 267 0 6.1 7.9 7.5 2.5 2 1 3 5 5
6292.1 -2990.8 -45.3 272 0 10.5 7.6 2.5 2.5 2 0 1 1 1
6180.8 -3103.3 -49.6 94 0 19.3 11.8 7.5 2.5 2 0 3 3 3
6189.6 -3040.3 -47.9 270 0 9.6 15.9 5.0 2.5 2 1 2 4 4
6161.9 -3058.3 -48.5 268 0 11.1 10.0 5.0 2.5 2 0 2 2 2
6135.9 -3064.4 -49.0 258 0 11.8 11.4 2.5 2.5 4 0 1 2 2
6225.8 -2936.2 -45.0 178 0 13.9 20.9 10.0 2.5 2 1 4 0 0
6302.2 -2951.6 -45.2 82 0 9.9 11.1 7.5 2.5 2 1 3 5 5
6333.8 -2893.5 -45.1 92 0 10.0 5.3 2.5 2.5 4 0 1 0 0
6135.7 -2841.4 -45.5 87 0 12.8 13.6 5.0 2.5 2 1 2 2 2
6113.8 -2755.1 -48.4 183 0 8.4 5.7 2.5 2.5 2 0 1 1 1
6090.9 -2839.0 -46.1 82 0 4.4 7.8 5.0 2.5 2 1 2 5 5
6141.9 -2704.4 -49.6 359 0 8.2 13.8 2.5 2.5 2 1 1 2 2
6096.5 -2917.9 -44.8 1 0 11.7 10.1 7.5 2.5 2 0 3 1 1
6061.8 -2800.8 -47.4 179 0 11.4 13.7 5.0 2.5 2 1 2 2 2
6050.3 -2799.3 -47.4 185 0 12.3 6.4 2.5 2.5 2 0 1 0 0
6057.7 -2966.3 -46.1 2 0 9.4 13.4 7.5 2.5 4 1 3 4 4
6086.5 -2988.9 -46.7 355 0 13.2 11.8 7.5 2.5 2 0 3 5 5
6013.1 -2909.8 -45.0 93 0 11.4 11.0 2.5 2.5 2 0 1 4 4
5944.8 -2852.6 -46.6 269 0 13.3 20.7 12.5 0.0 0 1 5 0 0
5927.0 -2964.0 -46.4 267 0 10.3 10.3 7.5 0.0 0 0 3 5 5
5979.4 -3073.5 -48.2 75 0 12.6 16.0 5.0 2.5 2 1 2 5 5
5954.4 -3074.6 -49.4 87 0 11.4 14.5 5.0 2.5 4 1 2 5 5
5945.0 -3010.5 -48.5 176 0 12.0 8.9 5.0 2.5 2 0 2 3 3
5924.0 -3020.5 -49.0 180 0 9.2 8.1 5.0 2.5 2 0 2 5 5
5910.1 -3020.1 -48.8 182 0 8.9 11.2 7.5 2.5 2 1 3 2 2
5908.2 -3008.3 -48.1 181 0 7.5 11.9 2.5 2.5 4 1 1 5 5
5908.8 -3098.1 -52.2 87 0 20.7 14.7 12.5 2.5 2 0 5 5 5
6050.1 -3077.7 -47.1 272 0 10.4 11.1 2.5 2.5 2 0 1 4 4
6059.2 -3089.6 -47.5 275 0 7.8 8.2 2.5 2.5 2 0 1 4 4
6061.3 -3080.9 -47.6 273 0 6.3 6.8 7.5 0.0 0 1 3 1 1
6081.5 -3022.9 -47.8 355 0 9.1 12.1 5.0 2.5 2 1 2 3 3
6092.6 -3080.6 -49.4 255 0 18.1 15.1 7.5 0.0 0 0 3 1 1
6011.8 -3131.3 -47.4 180 0 11.7 14.1 7.5 2.5 2 1 3 2 2
5995.2 -3152.3 -48.5 178 0 6.6 4.9 7.5 2.5 2 0 3 2 2
6020.2 -3160.9 -47.5 180 0 8.7 5.5 7.5 2.5 2 0 3 1 1
6005.0 -3163.5 -48.2 178 0 6.8 10.7 2.5 2.5 2 1 1 4 4
6066.5 -3155.5 -47.7 88 0 6.6 5.9 7.5 2.5 2 0 3 5 5
6059.5 -3172.1 -47.2 356 0 12.8 10.3 7.5 2.5 2 0 3 3 3
6037.1 -3183.9 -47.5 5 0 10.1 8.9 2.5 2.5 2 0 1 1 1
6012.6 -3212.5 -49.0 89 0 13.8 16.1 10.0 2.5 2 1 4 3 3
5957.5 -3292.7 -52.7 179 0 10.8 10.8 7.5 2.5 2 1 3 1 1
6120.3 -3440.4 -55.3 179 0 7.7 14.9 5.0 2.5 2 1 2 5 5
6213.7 -3359.8 -54.3 180 0 12.7 12.4 7.5 2.5 2 0 3 5 5
6224.0 -3397.0 -54.4 178 0 8.6 5.5 5.0 2.5 2 0 2 3 3
6350.9 -3456.2 -59.9 94 0 5.5 6.5 7.5 2.5 2 1 3 2 2
6327.2 -3549.5 -57.9 267 0 8.0 8.1 7.5 0.0 0 1 3 1 1
6258.3 -3692.6 -54.0 1 0 11.6 12.6 7.5 2.5 2 1 3 3 3
6224.7 -3607.3 -56.1 181 0 8.5 10.0 7.5 2.5 2 1 3 0 0
6198.1 -3683.3 -53.7 180 0 9.4 10.2 7.5 2.5 2 1 3 3 3
6220.7 -3644.1 -54.7 274 0 5.4 15.6 2.5 2.5 2 1 1 1 1
6227.7 -3656.7 -54.6 180 0 5.7 7.3 5.0 2.5 2 1 2 3 3
6172.4 -3903.5 -49.0 92 0 10.7 6.2 7.5 2.5 2 0 3 1 1
6249.0 -3911.9 -50.0 5 0 15.9 19.3 10.0 2.5 2 1 4 1 1
6262.6 -3816.3 -51.2 18 0 11.2 16.7 7.5 0.0 0 1 3 1 1
6276.2 -3773.9 -52.3 2 0 7.2 13.8 5.0 2.5 2 1 2 4 4
6282.8 -3856.0 -51.0 182 0 10.3 11.1 5.0 2.5 2 1 2 3 3
6278.4 -3872.5 -50.8 181 0 10.8 12.0 5.0 2.5 2 1 2 5 5
6267.2 -3888.8 -50.6 186 0 12.5 16.4 5.0 2.5 2 1 2 1 1
6307.1 -3780.2 -52.5 181 0 9.2 11.0 7.5 2.5 2 1 3 5 5
6322.3 -3738.9 -53.4 277 0 6.1 13.1 7.5 2.5 2 1 3 2 2
6336.9 -3723.7 -53.9 272 0 9.7 9.2 7.5 2.5 2 0 3 0 0
6377.3 -3837.2 -52.4 4 0 15.9 12.3 10.0 2.5 2 0 4 2 2
6391.6 -3843.7 -52.5 4 0 9.2 8.0 7.5 2.5 2 0 3 1 1
6396.7 -3795.5 -53.1 275 0 6.7 9.4 2.5 2.5 2 1 1 1 1
6392.0 -3925.1 -52.1 359 0 8.8 7.9 2.5 0.0 0 0 1 3 3
6378.1 -3956.3 -51.7 3 0 9.4 8.6 7.5 0.0 0 0 3 5 5
6354.8 -3976.8 -51.4 73 0 11.1 17.0 5.0 2.5 2 1 2 4 4
6262.3 -3994.6 -51.0 179 0 14.7 13.8 5.0 2.5 4 0 2 1 1
6246.4 -4036.6 -52.0 0 0 14.0 10.5 10.0 2.5 2 0 4 0 0
6228.3 -3951.0 -49.5 358 0 16.0 16.5 10.0 2.5 2 1 4 1 1
6042.1 -2641.5 -50.8 359 0 14.7 8.6 5.0 2.5 4 0 2 0 0
5889.4 -2804.4 -48.5 6 0 15.3 18.0 10.0 2.5 2 1 4 3 3
5868.9 -2745.9 -49.9 272 0 5.2 10.7 5.0 2.5 2 1 2 1 1
5860.6 -2823.3 -47.2 182 0 10.0 7.1 7.5 2.5 2 0 3 3 3
5825.4 -2860.3 -44.9 178 0 9.1 6.6 7.5 2.5 2 0 3 5 5
5851.4 -2770.5 -49.5 93 0 5.0 6.6 7.5 2.5 4 1 3 3 3
5821.9 -2700.8 -51.6 180 0 6.9 11.9 5.0 2.5 2 1 2 0 0
5756.3 -2895.7 -43.9 90 0 7.6 12.3 5.0 2.5 2 1 2 5 5
5731.7 -2970.4 -44.3 183 0 25.0 22.8 7.5 0.0 0 0 3 4 4
5764.7 -3013.2 -45.0 91 0 11.8 7.3 5.0 2.5 2 0 2 1 1
5696.5 -2852.1 -43.5 87 0 5.8 8.6 2.5 2.5 2 0 1 5 5
5676.6 -2803.0 -45.1 268 0 9.5 10.7 7.5 2.5 2 1 3 0 0
5710.0 -2824.2 -44.9 360 0 7.6 20.3 7.5 2.5 2 1 3 4 4
5672.0 -2715.9 -49.0 271 0 7.1 9.7 2.5 2.5 2 1 1 0 0
5624.9 -2850.3 -43.4 173 0 12.5 7.8 5.0 2.5 2 0 2 3 3
5623.2 -2780.2 -46.0 360 0 23.6 14.9 10.0 2.5 2 0 4 3 3
5583.2 -2758.8 -49.5 278 0 14.1 12.3 7.5 2.5 2 0 3 0 0
5594.3 -2860.4 -45.3 177 0 12.0 14.4 5.0 2.5 2 1 2 0 0
5559.4 -2861.9 -49.3 101 0 7.9 9.7 5.0 2.5 2 1 2 0 0
5584.9 -2839.3 -47.3 96 0 8.2 12.7 7.5 2.5 2 1 3 5 5
5572.6 -2975.3 -43.9 180 0 12.2 11.8 7.5 2.5 2 0 3 0 0
5496.0 -2992.0 -51.8 270 0 7.6 11.0 2.5 2.5 2 1 1 1 1
5525.6 -3151.1 -47.4 180 0 6.3 12.9 7.5 2.5 2 0 3 1 1
5614.5 -3137.0 -48.5 357 0 14.4 15.1 5.0 2.5 2 1 2 0 0
5629.2 -3067.6 -45.0 1 0 6.1 14.9 7.5 0.0 0 1 3 2 2
5610.3 -3185.4 -50.5 87 0 11.7 9.4 2.5 2.5 2 0 1 1 1
5644.4 -3204.5 -53.3 258 0 16.5 18.4 10.0 2.5 2 1 4 5 5
5596.6 -3242.8 -53.1 70 0 13.6 18.5 10.0 2.5 2 1 4 4 4
5647.5 -3340.0 -52.6 1 0 16.0 14.2 5.0 2.5 2 0 2 0 0
5647.8 -3300.7 -54.7 272 0 11.4 15.1 10.0 2.5 2 1 4 0 0
5690.7 -3168.3 -51.5 90 0 10.1 10.0 7.5 2.5 2 0 3 0 0
5590.7 -3336.7 -53.4 90 0 11.8 19.2 7.5 2.5 2 1 3 4 4
5615.4 -3403.4 -49.0 176 0 9.0 8.3 5.0 2.5 2 0 2 5 5
5697.7 -3414.3 -49.5 93 0 20.3 15.2 10.0 2.5 2 0 4 2 2
5650.3 -3455.3 -46.2 0 0 10.3 13.7 5.0 2.5 2 1 2 5 5
5767.3 -3361.0 -53.8 270 0 6.7 11.0 7.5 0.0 0 1 3 0 0
5780.9 -3406.2 -55.3 183 0 14.9 13.9 2.5 2.5 2 0 1 1 1
5800.6 -3346.4 -57.9 270 0 14.5 11.9 10.0 2.5 2 0 4 1 1
5822.0 -3356.5 -59.8 269 0 10.7 19.2 7.5 2.5 2 1 3 3 3
5857.0 -3398.7 -60.4 4 0 9.8 13.4 7.5 0.0 0 1 3 4 4
5818.3 -3416.4 -57.3 2 0 8.2 4.3 7.5 2.5 2 0 3 3 3
5837.2 -3473.2 -58.3 90 0 9.2 8.9 2.5 2.5 2 0 1 1 1
5807.2 -3411.9 -56.3 0 0 11.5 8.6 2.5 2.5 2 0 1 2 2
5758.8 -3453.6 -51.9 94 0 9.3 22.7 7.5 2.5 2 1 3 2 2
5757.6 -3474.9 -50.6 108 0 7.6 13.6 5.0 2.5 2 1 2 3 3
5971.2 -3566.9 -60.9 92 0 8.8 9.9 5.0 0.0 0 1 2 1 1
6096.9 -3662.6 -55.2 272 0 7.4 7.3 7.5 2.5 2 0 3 1 1
6114.7 -3714.9 -53.0 183 0 9.4 5.7 5.0 2.5 2 0 2 0 0
6123.6 -3758.7 -51.5 92 0 11.5 10.5 2.5 2.5 2 0 1 4 4
6140.2 -3698.4 -53.4 346 0 8.2 9.4 5.0 0.0 0 1 2 5 5
6058.4 -3829.7 -49.8 94 0 17.2 19.4 10.0 2.5 2 1 4 2 2
6056.2 -3800.6 -50.3 89 0 8.1 4.8 2.5 2.5 2 0 1 5 5
6017.9 -3825.6 -50.3 87 0 13.9 17.5 10.0 2.5 2 1 4 4 4
6016.9 -3894.8 -46.9 269 0 14.6 14.6 7.5 2.5 2 1 3 0 0
5995.8 -3930.6 -46.6 88 0 7.0 11.1 5.0 2.5 2 1 2 0 0
5875.9 -3899.7 -46.8 88 0 9.1 23.9 7.5 2.5 2 1 3 0 0
5888.2 -3763.9 -52.1 180 0 9.9 15.5 7.5 2.5 2 1 3 0 0
5807.0 -3720.5 -52.9 91 0 9.9 11.1 7.5 2.5 2 1 3 4 4
5771.3 -3915.4 -48.6 92 0 13.7 16.4 7.5 2.5 4 1 3 2 2
5768.3 -3938.0 -49.3 87 0 11.3 11.3 5.0 2.5 2 1 2 0 0
5744.3 -3925.2 -48.4 86 0 7.9 14.3 2.5 2.5 2 1 1 4 4
5767.9 -3871.2 -47.2 356 0 9.0 9.5 5.0 2.5 2 1 2 3 3
5725.2 -3786.6 -48.5 272 0 13.2 10.5 2.5 2.5 2 0 1 1 1
5711.6 -3796.1 -48.0 272 0 8.7 12.2 5.0 2.5 2 1 2 0 0
5700.5 -3934.5 -47.9 1 0 9.2 7.4 2.5 2.5 2 0 1 1 1
5707.7 -3959.5 -48.2 359 0 4.3 8.5 2.5 2.5 2 1 1 0 0
5698.3 -4032.6 -49.5 89 0 14.2 14.8 5.0 2.5 2 1 2 1 1
5659.5 -3965.2 -48.4 181 0 13.2 11.2 2.5 2.5 2 0 1 3 3
5653.3 -3794.1 -49.4 272 0 11.4 10.6 7.5 2.5 2 0 3 3 3
5595.8 -3903.0 -46.6 270 0 12.9 18.8 2.5 2.5 2 1 1 1 1
5579.3 -4018.6 -48.5 1 0 12.5 8.7 7.5 0.0 0 0 3 2 2
5568.0 -4039.2 -48.8 92 0 20.5 11.1 7.5 2.5 2 0 3 5 5
-1864.5 -3140.1 -47.4 252 0 13.1 12.9 7.5 2.5 2 0 3 2 2
5361.1 1299.3 -50.5 187 0 16.1 14.8 2.5 2.5 2 0 1 1 1
5470.1 1245.8 -53.8 86 0 14.9 19.4 7.5 2.5 2 1 3 5 5
5507.7 1214.6 -55.4 58 0 21.9 15.7 10.0 2.5 2 0 4 3 3
5628.9 1210.6 -58.4 87 0 14.3 19.4 12.5 2.5 2 1 5 5 5
5644.2 1242.4 -58.3 357 0 12.6 11.1 7.5 2.5 2 0 3 5 5
5550.1 1248.7 -56.3 97 0 12.8 24.1 7.5 2.5 2 1 3 0 0
5527.4 1274.2 -55.3 96 0 13.9 17.3 5.0 2.5 4 1 2 3 3
5615.3 1261.0 -58.4 180 0 12.6 11.9 5.0 2.5 4 0 2 1 1
5657.7 1271.6 -58.3 90 0 14.9 19.4 12.5 2.5 2 1 5 0 0
5648.3 1335.5 -58.3 271 0 16.9 22.9 7.5 0.0 0 1 3 1 1
5475.5 1329.0 -53.0 90 0 17.5 22.0 7.5 2.5 2 1 3 0 0
5682.9 1383.3 -58.2 90 0 19.8 24.3 7.5 2.5 2 1 3 2 2
5623.5 1338.7 -57.7 270 0 19.8 16.5 12.5 2.5 4 0 5 2 2
5501.7 1149.6 -55.9 0 0 21.1 20.4 7.5 0.0 0 0 3 0 0
5582.0 1390.3 -55.5 326 0 15.7 18.8 12.5 2.5 4 1 5 4 4
5709.4 1311.8 -58.2 355 0 22.3 35.6 7.5 0.0 0 1 3 2 2
5702.1 1436.4 -58.2 266 0 18.8 17.7 10.0 2.5 2 0 4 0 0
5740.2 1399.0 -58.0 84 0 13.5 17.6 10.0 2.5 2 1 4 2 2
5554.6 1518.7 -53.1 90 0 22.6 18.6 7.5 2.5 2 0 3 0 0
5629.5 1454.8 -56.7 177 0 20.4 22.0 10.0 2.5 2 1 4 0 0
5485.8 1469.8 -52.0 271 0 24.3 27.4 12.5 0.0 0 1 5 4 4
5505.9 1399.6 -52.9 356 0 16.2 13.6 5.0 2.5 2 0 2 1 1
5419.0 1559.9 -48.8 210 0 25.8 20.3 7.5 2.5 4 0 3 1 1
5407.5 1402.5 -51.1 263 0 13.3 19.2 12.5 2.5 4 1 5 3 3
5396.8 1192.0 -53.1 0 0 24.2 19.0 10.0 2.5 2 0 4 4 4
5443.4 1276.3 -53.1 48 0 16.6 17.5 10.0 2.5 2 1 4 2 2
5500.3 1533.2 -51.5 182 0 19.2 16.7 7.5 2.5 2 0 3 4 4
5524.3 1479.4 -52.6 357 0 38.3 20.5 12.5 0.0 0 0 5 1 1
5619.8 1584.0 -54.2 2 0 39.9 21.9 10.0 0.0 0 0 4 5 5
5316.6 1206.5 -53.3 181 0 22.4 23.1 10.0 2.5 2 1 4 3 3
5411.6 1245.0 -52.8 109 0 15.6 20.9 10.0 2.5 2 1 4 1 1
5285.8 1292.5 -50.9 260 0 16.9 24.7 10.0 2.5 2 1 4 5 5
5329.2 1353.2 -49.5 174 0 27.6 28.2 10.0 0.0 0 1 4 5 5
5414.1 1458.7 -49.9 187 0 25.9 19.8 7.5 2.5 2 0 3 2 2
5337.4 1579.3 -47.1 2 0 29.2 16.1 12.5 2.5 2 0 5 4 4
5378.7 1372.2 -50.5 266 0 15.3 34.3 10.0 2.5 2 1 4 2 2
5313.4 1643.5 -44.7 180 0 35.7 22.0 10.0 0.0 0 0 4 2 2
5254.7 1707.8 -47.3 4 0 29.2 23.3 12.5 0.0 0 0 5 0 0
5341.7 1715.0 -47.1 184 0 15.4 23.3 7.5 2.5 2 1 3 2 2
5420.9 1693.2 -45.8 5 0 13.1 20.8 7.5 2.5 2 1 3 3 3
5378.1 1624.2 -45.6 89 0 21.9 20.0 10.0 2.5 2 0 4 5 5
5430.5 1645.8 -46.0 4 0 16.0 14.9 5.0 2.5 2 0 2 2 2
5337.7 1678.7 -45.5 175 0 22.7 18.6 10.0 2.5 2 0 4 2 2
5258.9 1775.2 -50.5 2 0 34.5 26.7 10.0 0.0 0 0 4 5 5
5481.5 1780.8 -48.8 352 0 24.2 23.2 12.5 2.5 2 0 5 0 0
5384.4 1781.4 -49.8 273 0 23.1 25.9 10.0 2.5 2 1 4 0 0
5344.8 1889.2 -55.4 188 0 12.2 27.3 7.5 2.5 2 1 3 1 1
5328.9 1805.5 -51.1 265 0 14.1 21.5 10.0 0.0 0 1 4 5 5
5405.6 1848.9 -52.9 274 0 12.8 15.3 5.0 0.0 0 1 2 1 1
5522.0 1848.7 -52.9 9 0 14.0 15.2 2.5 2.5 2 1 1 2 2
5436.3 1852.7 -52.0 250 0 14.1 23.4 10.0 2.5 2 1 4 1 1
5524.3 1813.2 -50.7 84 0 14.7 17.0 7.5 2.5 2 1 3 3 3
5485.6 1720.4 -46.8 87 0 18.1 30.3 10.0 2.5 4 1 4 3 3
5625.2 1653.4 -53.8 274 0 18.6 18.0 12.5 2.5 2 0 5 5 5
5532.8 1660.1 -50.3 180 0 22.1 21.7 10.0 2.5 2 0 4 3 3
5606.7 1523.9 -54.8 86 0 26.9 25.6 12.5 0.0 0 0 5 0 0
5533.3 1570.3 -52.2 267 0 23.3 26.1 10.0 2.5 2 1 4 0 0
5605.7 1728.7 -49.3 4 0 35.7 27.3 12.5 0.0 0 0 5 4 4
-6062.1 5750.1 -10.1 106 0 13.4 16.6 5.0 2.5 2 1 2 3 3
-6019.8 5746.2 -11.1 358 0 12.5 13.6 2.5 2.5 2 1 1 5 5
-6017.0 5695.2 -16.3 50 0 15.1 16.9 7.5 2.5 2 1 3 2 2
-6040.5 5676.8 -18.5 181 0 12.2 19.9 7.5 0.0 0 1 3 1 1
-5884.0 5835.7 -5.8 86 0 7.9 11.4 5.0 2.5 2 1 2 0 0
-5982.9 5637.2 -22.5 1 0 8.3 14.8 5.0 0.0 0 1 2 2 2
-6041.7 5585.1 -27.8 176 0 9.0 11.9 7.5 2.5 2 1 3 1 1
-6008.0 5534.8 -25.6 262 0 11.9 13.5 5.0 2.5 2 1 2 1 1
-6002.8 5496.4 -23.3 342 0 8.5 10.0 5.0 2.5 2 1 2 3 3
-5930.9 5468.4 -19.6 16 0 7.3 8.0 7.5 2.5 2 1 3 2 2
-5806.8 5458.5 -22.4 360 0 15.2 7.2 5.0 2.5 2 0 2 2 2
-5831.2 5229.0 -31.3 179 0 6.5 15.0 5.0 2.5 2 1 2 3 3
-5856.8 5211.2 -33.2 180 0 7.7 17.0 2.5 2.5 2 1 1 3 3
-5846.6 5119.4 -36.1 181 0 12.4 9.8 7.5 2.5 2 0 3 3 3
-5848.2 5133.7 -35.6 180 0 6.5 7.0 5.0 2.5 2 1 2 5 5
-6531.6 5942.4 -7.5 79 0 15.1 39.0 17.5 0.0 0 1 7 3 3
2112.4 -1464.9 -49.8 288 0 18.3 17.2 10.5 3.5 2 0 3 4 4
2154.0 -1477.5 -50.6 3 0 27.5 30.3 10.5 0.0 0 1 3 5 5
2127.3 -1499.1 -50.0 7 0 14.4 28.5 10.5 3.5 2 1 3 2 2
2089.6 -1539.8 -49.9 194 0 28.8 17.8 10.5 3.5 2 0 3 1 1
2246.9 -1519.4 -50.7 1 0 13.7 29.6 14.0 3.5 2 1 4 5 5
2247.0 -1503.8 -50.7 0 0 11.9 29.6 14.0 3.5 2 1 4 1 1
2233.8 -1470.6 -50.6 273 0 31.2 19.0 14.0 3.5 2 0 4 3 3
2019.0 -1418.0 -46.3 357 0 30.6 11.9 10.5 3.5 2 0 3 3 3
2386.8 11.8 -27.7 90 0 17.7 15.7 10.0 2.5 2 0 4 4 4
2359.3 15.2 -29.1 86 0 11.4 14.5 2.5 2.5 2 1 1 3 3
2298.5 208.7 -39.8 180 0 28.8 10.7 12.5 2.5 2 0 5 4 4
2350.0 153.1 -33.9 180 0 13.3 9.0 5.0 2.5 2 0 2 4 4
2257.5 70.1 -38.9 185 0 19.0 11.7 2.5 2.5 2 0 1 3 3
2327.8 19.1 -31.5 93 0 7.1 5.2 2.5 2.5 2 0 1 4 4
2277.1 102.0 -38.8 270 0 13.4 18.7 12.5 2.5 2 1 5 4 4
2392.8 200.8 -37.3 356 0 22.7 14.7 10.0 2.5 2 0 4 1 1
2332.8 172.1 -35.8 95 0 8.7 10.3 2.5 2.5 2 1 1 3 3
2369.5 226.2 -37.9 0 0 11.5 12.6 7.5 2.5 2 1 3 0 0
2360.6 253.7 -38.9 266 0 4.3 17.2 7.5 2.5 2 1 3 4 4
2398.7 310.7 -42.6 3 0 12.3 19.7 7.5 2.5 4 1 3 5 5
2394.1 294.3 -41.8 2 0 10.1 14.4 7.5 2.5 2 1 3 3 3
2346.0 493.2 -48.4 264 0 11.3 12.7 5.0 2.5 2 1 2 4 4
2392.5 445.3 -47.9 352 0 18.3 19.3 7.5 2.5 4 1 3 4 4
2853.3 -1688.2 -37.4 92 0 8.7 13.9 2.5 2.5 2 1 1 5 5
3679.4 6363.4 -26.0 93 0 12.7 15.1 5.0 0.0 0 1 2 5 5
2020.8 -5883.2 -58.6 89 0 22.9 11.3 5.0 2.5 2 0 2 1 1
-6359.8 3135.7 24.1 177 0 33.8 60.5 10.0 0.0 0 1 4 5 5
1830.4 -5588.2 -55.0 257 0 73.8 50.9 10.0 0.0 0 0 4 0 0
2045.4 -5501.4 -54.7 92 0 13.7 18.1 2.5 2.5 2 1 1 1 1
2314.8 -5449.1 -53.8 77 0 107.7 27.2 10.0 0.0 0 0 4 2 2
-6430.7 2697.5 29.6 282 0 15.7 19.1 15.0 0.0 0 1 6 0 0
-6479.3 2722.4 27.0 269 0 15.8 16.0 7.5 0.0 0 1 3 1 1
1944.2 -5072.7 -53.8 174 0 46.2 108.7 10.0 0.0 0 1 4 0 0
1432.6 -4921.7 -50.7 91 0 32.3 29.0 10.0 0.0 0 0 4 2 2
-6820.4 5851.0 0.3 157 0 10.3 34.6 10.0 2.5 2 1 4 4 4
6914.0 175.9 -53.4 329 0 11.0 9.5 2.5 2.5 2 0 1 3 3
6906.7 242.9 -53.9 286 0 11.1 18.2 5.0 2.5 2 1 2 1 1
6857.8 258.7 -49.9 335 0 8.4 11.1 5.0 2.5 4 1 2 0 0
-1799.2 -1018.1 0.7 110 0 10.4 15.4 10.0 2.5 2 1 4 0 0
-1728.0 -1034.1 -5.1 296 0 11.0 13.5 2.5 2.5 2 1 1 2 2
-1786.9 -976.6 1.0 268 0 10.2 10.5 7.5 2.5 2 1 3 2 2
-1741.5 -998.8 -2.5 18 0 17.8 10.5 5.0 0.0 0 0 2 1 1
-1848.1 -964.8 5.9 284 0 10.5 13.4 5.0 2.5 2 1 2 2 2
-1776.4 -1101.8 -4.0 95 0 10.8 10.9 10.0 0.0 0 1 4 3 3
-1641.1 -958.8 -8.6 81 0 13.5 9.8 7.5 0.0 0 0 3 1 1
-1614.7 -869.4 -7.8 141 0 15.7 14.3 2.5 2.5 2 0 1 4 4
-1548.0 -863.3 -12.2 55 0 13.3 15.7 5.0 2.5 2 1 2 3 3
-1723.2 -781.0 -6.6 181 0 14.7 16.6 2.5 2.5 2 1 1 1 1
-1635.0 -813.5 -7.4 181 0 12.4 15.4 5.0 2.5 2 1 2 1 1
-1585.2 -571.0 -24.5 178 0 12.9 16.0 5.0 2.5 2 1 2 1 1
-1470.2 -668.2 -25.4 3 0 11.6 13.6 10.0 2.5 2 1 4 0 0
-1517.1 -530.5 -27.0 271 0 12.2 11.6 5.0 2.5 2 0 2 5 5
-1478.8 -474.1 -18.1 91 0 16.4 23.0 10.0 2.5 2 1 4 1 1
-5675.8 2680.2 -5.4 107 0 8.6 12.6 7.5 2.5 2 1 3 0 0
-5400.8 2268.3 -29.0 92 0 11.4 7.6 2.5 2.5 2 0 1 5 5
-4871.2 3624.2 -44.4 241 0 9.3 11.0 7.5 2.5 4 1 3 5 5
-4745.5 3784.9 -32.1 183 0 9.8 9.3 2.5 2.5 2 0 1 1 1
-4777.1 3722.5 -38.2 73 0 15.4 6.8 7.5 2.5 2 0 3 3 3
-4940.6 3808.7 -45.0 132 0 20.2 13.6 12.5 2.5 2 0 5 5 5
-4997.9 3841.9 -45.8 110 0 15.9 8.5 7.5 2.5 4 0 3 0 0
-5020.6 3817.3 -49.2 22 0 15.4 13.5 10.0 2.5 2 0 4 5 5
-5647.1 3912.7 -51.2 175 0 9.7 21.4 5.0 2.5 4 1 2 3 3
-5541.7 3746.9 -45.7 3 0 15.5 11.4 2.5 2.5 2 0 1 2 2
-1406.4 6352.5 40.7 198 0 15.9 14.7 7.5 2.5 2 0 3 0 0
-1434.9 6399.8 41.9 9 0 17.8 14.4 12.5 2.5 2 0 5 5 5
-1456.4 6437.2 43.1 270 0 13.6 10.6 5.0 2.5 2 0 2 0 0
-1420.2 6635.9 53.2 194 0 14.0 15.0 2.5 2.5 2 1 1 5 5
-1448.6 6569.9 48.9 284 0 11.3 17.0 10.0 2.5 2 1 4 4 4
-1566.7 6081.7 29.8 87 0 11.2 12.0 10.0 2.5 2 1 4 0 0
-1121.9 6693.1 48.0 219 0 19.5 27.1 12.5 2.5 2 0 5 3 3
-1111.8 6714.7 48.0 229 0 18.0 27.2 10.0 2.5 2 0 4 4 4
-1050.7 6769.3 46.5 270 0 12.6 14.0 5.0 2.5 2 1 2 1 1
-1038.0 6596.3 41.7 356 0 8.4 7.9 5.0 2.5 2 0 2 0 0
-1165.7 6737.2 53.5 71 0 8.5 16.0 5.0 2.5 2 1 2 1 1
-2312.7 6486.7 -14.7 180 0 10.0 26.8 7.5 2.5 4 1 3 2 2
-1383.3 6481.1 47.2 178 0 10.5 13.9 5.0 2.5 2 1 2 1 1
-1382.8 6576.4 51.3 185 0 18.2 13.7 7.5 2.5 2 0 3 0 0
-1398.2 6142.8 27.6 176 0 15.0 18.7 10.0 0.0 0 1 4 1 1
-1403.5 6111.8 27.1 135 0 15.5 19.0 12.5 2.5 4 1 5 0 0
-1441.0 6244.5 35.5 191 0 13.8 13.4 2.5 2.5 2 0 1 0 0
-1382.4 6420.6 44.4 175 0 12.1 19.2 5.0 2.5 2 1 2 4 4
-1385.7 6445.7 45.4 175 0 18.8 18.7 12.5 2.5 2 0 5 3 3
-1623.4 6516.0 42.6 85 0 8.9 11.7 5.0 2.5 2 1 2 1 1
-1557.8 6531.7 45.3 168 0 15.0 14.2 2.5 2.5 2 0 1 1 1
-1524.1 6750.6 51.1 93 0 7.0 11.8 2.5 2.5 2 1 1 3 3
-1458.0 6793.7 54.2 84 0 11.2 16.2 7.5 2.5 2 1 3 5 5
-1023.7 6106.8 -7.2 124 0 25.4 19.7 12.5 2.5 2 0 5 1 1
-1601.7 6414.6 38.0 86 0 10.2 14.7 5.0 2.5 2 1 2 5 5
5661.2 6068.1 -25.2 283 0 9.7 13.3 2.5 2.5 2 1 1 4 4
5670.7 6145.4 -23.6 281 0 13.8 14.4 5.0 2.5 2 1 2 5 5
5767.5 6155.5 -26.9 181 0 14.5 15.6 5.0 2.5 2 1 2 2 2
1866.2 -576.4 -46.2 96 0 13.4 13.1 2.5 2.5 2 0 1 3 3
1951.3 -547.1 -43.8 3 0 9.4 16.0 7.5 2.5 2 1 3 3 3
1871.3 -549.3 -45.1 178 0 12.2 11.6 5.0 2.5 2 0 2 5 5
1839.6 -592.4 -46.7 87 0 12.4 7.4 5.0 2.5 2 0 2 2 2
1925.4 -452.0 -36.1 358 0 10.7 11.3 10.0 0.0 0 1 4 3 3
1955.7 -467.7 -37.7 358 0 14.9 22.5 7.5 2.5 4 1 3 5 5
1902.8 -521.9 -42.3 0 0 10.6 11.1 7.5 2.5 2 1 3 5 5
1889.6 -454.3 -37.3 260 0 8.4 9.3 2.5 2.5 2 1 1 0 0
1917.0 -436.4 -35.0 349 0 11.7 9.1 7.5 2.5 2 0 3 2 2
1882.7 -432.8 -35.6 264 0 14.0 7.5 5.0 2.5 2 0 2 0 0
1899.0 -428.0 -34.4 174 0 9.5 10.8 5.0 2.5 2 0 2 1 1
1944.3 -396.8 -30.9 79 0 11.8 14.3 7.5 2.5 2 1 3 0 0
1964.6 -368.1 -29.8 349 0 16.5 14.5 7.5 2.5 2 0 3 5 5
1843.4 -363.4 -31.4 271 0 16.7 14.1 7.5 2.5 4 0 3 0 0
1768.9 -438.6 -36.9 87 0 9.2 8.0 2.5 2.5 2 0 1 4 4
1641.9 -595.1 -48.9 79 0 13.5 11.9 5.0 2.5 2 0 2 1 1
1574.4 -382.9 -42.0 182 0 10.1 29.2 10.0 2.5 2 1 4 4 4
1634.5 -351.0 -39.7 270 0 13.3 12.9 5.0 2.5 2 0 2 1 1
1654.5 -365.8 -38.1 269 0 12.3 9.4 2.5 2.5 2 0 1 0 0
1564.0 -340.0 -44.1 272 0 14.5 11.0 5.0 2.5 2 0 2 3 3
1459.0 -370.2 -48.0 87 0 14.7 14.8 7.5 2.5 2 1 3 3 3
1452.0 -533.7 -47.6 180 0 16.0 11.6 5.0 2.5 2 0 2 5 5
1486.3 -590.2 -48.1 356 0 10.5 22.1 5.0 2.5 2 1 2 3 3
1537.8 -791.4 -49.9 277 0 17.3 24.5 7.5 2.5 2 1 3 4 4
1739.4 -908.4 -47.1 161 0 12.5 33.0 10.5 0.0 0 1 3 5 5
1951.0 -1059.3 -47.8 141 0 22.5 7.5 10.5 3.5 4 0 3 2 2
1969.5 -1003.6 -48.2 270 0 9.1 14.2 10.5 3.5 4 1 3 4 4
1916.5 -877.9 -40.9 357 0 12.3 14.6 10.5 3.5 2 1 3 4 4
1899.8 -1129.9 -45.5 127 0 38.6 13.3 10.5 3.5 2 0 3 2 2
1823.4 -1253.2 -44.1 272 0 22.1 19.2 7.5 2.5 2 0 3 5 5
1727.5 -1209.5 -40.8 354 0 14.4 15.5 7.5 0.0 0 1 3 1 1
1514.9 -1449.1 -45.8 95 0 11.5 34.2 14.0 0.0 0 1 4 3 3
1528.6 -1462.2 -45.8 94 0 8.6 28.6 10.5 3.5 2 1 3 1 1
5785.7 6116.5 -26.7 88 0 8.4 13.7 5.0 2.5 2 1 2 2 2
5800.1 6192.8 -27.8 359 0 10.3 12.6 5.0 2.5 2 1 2 0 0
5859.4 6165.6 -29.3 268 0 9.5 29.1 7.5 2.5 2 1 3 4 4
5812.8 6072.1 -27.0 178 0 14.1 10.1 5.0 2.5 2 0 2 3 3
5895.1 6157.8 -30.2 287 0 8.3 15.3 5.0 2.5 2 1 2 1 1
5917.3 6108.8 -30.2 359 0 11.4 11.4 5.0 2.5 2 0 2 5 5
5946.1 6116.4 -31.2 2 0 13.7 11.0 5.0 0.0 0 0 2 1 1
5919.2 6175.5 -31.2 264 0 10.5 10.8 7.5 2.5 2 1 3 3 3
6021.6 6255.5 -43.9 58 0 9.0 25.4 5.0 2.5 2 1 2 4 4
5935.0 6310.0 -39.6 177 0 10.4 12.8 5.0 2.5 2 1 2 0 0
5947.8 6283.9 -38.9 180 0 12.3 9.7 5.0 2.5 2 0 2 1 1
5966.1 6415.4 -45.5 270 0 14.1 10.6 5.0 2.5 2 0 2 3 3
5943.8 6374.3 -42.9 86 0 8.2 11.8 5.0 0.0 0 1 2 1 1
5989.1 6388.8 -46.8 89 0 8.7 10.3 7.5 2.5 2 1 3 5 5
5988.5 6427.2 -47.2 271 0 8.4 18.4 2.5 2.5 2 1 1 4 4
5951.1 6505.1 -45.9 93 0 9.5 13.5 7.5 2.5 2 1 3 4 4
6083.5 6209.3 -48.6 175 0 12.8 13.4 2.5 2.5 2 1 1 0 0
6122.4 6058.4 -41.4 357 0 14.3 14.1 10.0 2.5 2 0 4 5 5
6101.0 6158.8 -45.6 334 0 33.0 9.1 7.5 2.5 2 0 3 3 3
6177.3 6123.6 -51.7 269 0 14.0 8.6 7.5 0.0 0 0 3 3 3
6177.0 6069.5 -49.7 175 0 13.2 8.9 7.5 2.5 2 0 3 2 2
6189.6 6043.0 -49.9 84 0 9.2 12.2 5.0 2.5 2 1 2 5 5
6241.3 5987.2 -54.1 273 0 9.3 11.5 7.5 2.5 2 1 3 5 5
6234.5 5962.4 -52.9 183 0 8.2 7.9 7.5 0.0 0 0 3 3 3
6271.6 5936.2 -55.6 355 0 8.7 11.8 2.5 2.5 2 1 1 3 3
6210.7 5800.0 -41.9 358 0 9.6 11.7 5.0 2.5 2 1 2 1 1
6193.7 5792.5 -40.7 266 0 14.9 13.3 2.5 2.5 2 0 1 0 0
6334.3 5721.5 -55.3 272 0 19.2 16.7 12.5 2.5 2 0 5 2 2
6200.4 5672.7 -41.9 87 0 12.8 15.7 5.0 2.5 4 1 2 5 5
6222.4 5723.8 -43.9 2 0 10.9 12.3 2.5 2.5 2 1 1 3 3
6162.4 5780.8 -37.0 170 0 4.9 6.5 2.5 2.5 2 1 1 1 1
6120.9 5832.3 -35.5 359 0 6.5 11.4 5.0 2.5 4 1 2 2 2
6148.8 5974.7 -41.1 3 0 8.7 10.5 7.5 2.5 2 1 3 0 0
6083.1 5865.7 -34.6 94 0 8.4 15.1 5.0 2.5 2 1 2 0 0
6064.0 5926.8 -34.0 190 0 11.1 7.8 5.0 2.5 2 0 2 0 0
6124.1 6000.8 -38.8 355 0 12.7 14.7 10.0 2.5 2 1 4 2 2
5849.6 6403.4 -36.1 87 0 13.1 11.7 7.5 0.0 0 0 3 4 4
5828.6 6455.1 -35.1 299 0 14.7 8.6 5.0 2.5 2 0 2 2 2
5777.4 6405.5 -30.0 182 0 9.9 7.5 7.5 2.5 2 0 3 0 0
5787.4 6483.4 -32.5 267 0 8.9 10.3 2.5 0.0 0 1 1 1 1
5759.9 6621.4 -32.6 4 0 20.4 15.0 10.0 2.5 2 0 4 2 2
5758.5 6653.2 -33.3 2 0 10.0 17.4 2.5 2.5 2 1 1 1 1
5763.5 6722.6 -32.9 174 0 11.5 13.4 5.0 2.5 2 1 2 4 4
5730.9 6757.7 -35.4 168 0 9.0 9.5 5.0 0.0 0 1 2 0 0
5626.3 6832.6 -37.8 201 0 19.9 14.4 12.5 0.0 0 0 5 0 0
5597.9 6812.5 -36.0 284 0 27.0 14.3 10.0 2.5 2 0 4 1 1
5657.5 6741.7 -40.4 178 0 24.6 9.6 5.0 2.5 2 0 2 4 4
5610.3 6704.9 -41.7 82 0 12.9 17.0 5.0 2.5 2 1 2 0 0
5653.1 6621.5 -40.4 1 0 13.3 11.4 5.0 2.5 2 0 2 2 2
5748.9 6402.1 -30.6 1 0 13.7 18.5 12.5 2.5 2 1 5 1 1
5560.6 6300.5 -35.0 357 0 8.7 7.5 5.0 2.5 2 0 2 4 4
5533.1 6164.3 -29.8 201 0 9.0 11.1 5.0 2.5 2 1 2 1 1
5518.9 5957.1 -28.8 98 0 14.6 25.1 15.0 0.0 0 1 6 5 5
5713.9 5894.4 -36.9 269 0 14.5 11.0 5.0 2.5 2 0 2 0 0
5756.1 5896.5 -37.7 266 0 14.0 15.3 7.5 2.5 2 1 3 1 1
5820.4 5839.4 -41.0 274 0 12.0 9.7 7.5 2.5 2 0 3 2 2
5810.3 5815.6 -41.4 110 0 7.9 9.2 5.0 2.5 4 1 2 0 0
5862.6 5870.5 -39.9 15 0 22.3 11.2 10.0 2.5 2 0 4 4 4
5955.1 5894.9 -38.1 89 0 21.8 14.7 12.5 2.5 2 0 5 4 4
6019.5 5807.0 -34.2 308 0 13.4 10.6 5.0 2.5 2 0 2 0 0
6119.1 5643.2 -38.4 274 0 16.2 17.3 10.0 2.5 2 1 4 4 4
6106.2 5581.4 -39.8 177 0 11.2 10.1 2.5 2.5 2 0 1 3 3
6216.4 5495.3 -38.0 87 0 30.3 27.1 15.0 0.0 0 0 6 0 0
6281.4 5316.0 -40.2 89 0 12.4 13.7 7.5 2.5 2 1 3 0 0
6284.6 5224.1 -42.0 189 0 13.6 8.1 5.0 2.5 2 0 2 2 2
6325.1 5143.3 -43.0 357 0 16.8 13.7 2.5 2.5 2 0 1 0 0
6281.3 5101.6 -43.3 86 0 12.5 12.1 5.0 2.5 2 0 2 2 2
6294.0 5001.7 -45.4 3 0 20.3 11.8 7.5 2.5 2 0 3 0 0
6253.0 4936.8 -47.5 91 0 12.6 15.2 2.5 2.5 2 1 1 2 2
6124.6 5248.4 -43.2 263 0 9.1 10.0 7.5 2.5 2 1 3 2 2
2876.3 -3832.4 -43.3 269 0 12.1 13.5 7.5 2.5 2 1 3 3 3
2819.3 -3750.2 -42.3 169 0 9.5 9.7 7.5 0.0 0 1 3 4 4
2761.4 -3728.1 -42.0 271 0 6.5 9.6 7.5 2.5 2 1 3 1 1
2722.4 -3727.1 -41.9 269 0 10.9 7.6 7.5 2.5 2 0 3 2 2
2730.7 -3635.4 -46.7 2 0 10.9 11.6 7.5 2.5 2 1 3 3 3
2717.7 -3580.6 -51.1 359 0 10.0 9.8 5.0 2.5 2 0 2 5 5
2816.1 -3575.3 -49.5 91 0 8.1 10.1 7.5 2.5 2 1 3 2 2
2838.8 -3510.1 -53.5 176 0 7.4 10.6 7.5 2.5 4 1 3 1 1
2907.4 -3585.0 -46.8 88 0 13.9 10.9 5.0 0.0 0 0 2 5 5
2941.8 -3582.7 -45.7 178 0 12.9 11.6 5.0 2.5 2 0 2 5 5
2943.5 -3550.6 -47.7 268 0 8.1 12.9 2.5 2.5 2 1 1 0 0
2961.3 -3540.1 -48.2 272 0 12.0 11.7 5.0 2.5 2 0 2 2 2
3002.9 -3564.4 -46.5 90 0 15.3 15.0 5.0 2.5 2 0 2 3 3
3028.1 -3575.0 -45.0 85 0 13.4 14.0 5.0 0.0 0 1 2 5 5
3049.6 -3556.7 -46.1 89 0 16.1 15.3 5.0 2.5 2 0 2 4 4
3069.2 -3483.6 -50.8 358 0 13.3 13.5 10.0 2.5 4 1 4 0 0
3083.7 -3514.0 -47.4 269 0 12.4 25.5 12.5 2.5 2 1 5 4 4
2996.3 -3495.3 -50.7 255 0 9.5 11.5 5.0 2.5 2 1 2 1 1
3087.5 -3633.4 -41.6 180 0 15.8 18.3 7.5 2.5 2 0 3 0 0
3116.1 -3631.6 -41.6 179 0 14.1 16.2 10.0 2.5 2 1 4 4 4
2982.7 -3544.9 -47.3 269 0 10.0 8.3 5.0 2.5 2 0 2 3 3
2966.2 -3642.6 -41.4 86 0 9.8 15.4 7.5 2.5 2 1 3 3 3
2984.6 -3631.6 -41.4 357 0 10.9 12.0 10.0 2.5 2 1 4 4 4
3141.7 -3604.4 -41.4 259 0 11.6 12.7 7.5 2.5 2 1 3 0 0
3193.5 -3614.8 -41.7 266 0 17.0 18.2 10.0 2.5 2 1 4 2 2
3209.5 -3636.1 -41.7 87 0 8.2 7.9 5.0 2.5 2 0 2 1 1
3137.1 -3565.5 -42.0 260 0 14.4 11.8 2.5 2.5 2 0 1 1 1
3253.7 -3572.4 -41.3 218 0 11.8 20.1 7.5 0.0 0 1 3 5 5
3281.2 -3579.6 -41.5 358 0 37.8 14.8 5.0 2.5 2 0 2 3 3
3218.3 -3473.8 -44.0 180 0 11.6 11.1 5.0 2.5 2 0 2 0 0
3272.5 -3463.7 -41.9 177 0 13.6 12.4 2.5 2.5 2 0 1 5 5
3305.5 -3459.9 -41.9 357 0 17.6 13.0 5.0 0.0 0 0 2 0 0
3281.5 -3397.3 -42.5 270 0 10.4 16.6 10.0 2.5 2 1 4 5 5
3233.4 -3345.6 -47.4 271 0 25.6 18.9 10.0 2.5 2 0 4 1 1
3163.9 -3359.1 -51.1 210 0 14.4 19.8 10.0 2.5 2 1 4 1 1
3122.4 -3711.6 -42.4 90 0 11.0 15.1 2.5 2.5 2 1 1 5 5
3241.3 -3767.2 -43.1 89 0 12.9 12.8 5.0 2.5 2 0 2 5 5
3240.7 -3705.2 -42.4 175 0 15.8 16.4 5.0 2.5 2 1 2 1 1
3391.2 -3651.3 -42.4 357 0 19.6 7.8 5.0 2.5 2 0 2 5 5
3379.5 -3602.6 -42.5 355 0 14.0 12.9 2.5 2.5 2 0 1 1 1
3368.4 -3587.8 -42.5 3 0 11.4 20.1 2.5 2.5 2 1 1 4 4
3353.3 -3556.0 -42.3 358 0 15.4 11.3 7.5 2.5 2 0 3 4 4
3363.3 -3409.8 -42.3 0 0 14.5 20.0 7.5 0.0 0 1 3 5 5
3317.2 -3329.1 -43.2 272 0 12.1 23.3 10.0 2.5 2 1 4 4 4
3007.0 -3777.6 -43.0 269 0 15.0 16.9 7.5 0.0 0 1 3 5 5
3005.5 -3816.5 -43.2 88 0 10.7 12.3 5.0 2.5 4 1 2 4 4
2697.4 -3850.0 -43.1 89 0 13.7 18.5 10.0 2.5 2 1 4 2 2
2687.2 -3818.9 -42.8 181 0 14.9 14.0 2.5 0.0 0 0 1 3 3
-1730.9 -5928.8 -52.1 94 0 17.3 29.9 10.0 2.5 4 1 4 1 1
4737.4 -2279.7 -49.5 92 0 8.9 14.2 5.0 2.5 2 1 2 2 2
4767.3 -2271.6 -49.9 355 0 16.0 8.0 2.5 0.0 0 0 1 2 2
4762.8 -2304.1 -50.7 75 0 11.2 18.9 7.5 2.5 2 1 3 2 2
4770.2 -2250.3 -49.2 4 0 11.4 7.4 7.5 2.5 2 0 3 4 4
4633.8 -2292.2 -48.5 4 0 10.6 9.9 7.5 2.5 2 0 3 3 3
4595.2 -2291.0 -48.2 184 0 10.7 14.3 5.0 2.5 2 1 2 0 0
4595.7 -2278.4 -47.7 178 0 10.9 13.7 2.5 2.5 2 1 1 5 5
4617.0 -2241.2 -46.8 1 0 21.2 18.4 7.5 2.5 2 0 3 5 5
4896.4 -2117.5 -44.3 271 0 13.8 7.6 7.5 2.5 2 0 3 3 3
4894.5 -2215.4 -51.4 86 0 9.8 13.9 7.5 2.5 2 1 3 1 1
4996.4 -2270.0 -54.2 88 0 26.6 9.0 7.5 2.5 2 0 3 1 1
4986.3 -2261.8 -53.5 86 0 7.1 11.6 5.0 2.5 2 0 2 4 4
4993.8 -2261.3 -53.2 86 0 4.4 11.1 5.0 2.5 2 0 2 4 4
4999.8 -2261.0 -53.0 86 0 5.2 10.6 2.5 2.5 2 0 1 0 0
5001.1 -2238.9 -51.7 269 0 14.2 6.8 5.0 2.5 2 0 2 1 1
5062.9 -2106.5 -44.3 359 0 12.4 13.4 7.5 2.5 4 1 3 4 4
-1454.5 6213.3 35.1 187 0 17.0 24.1 15.0 0.0 0 1 6 5 5
-1197.9 5026.8 -32.5 96 0 21.2 16.9 10.0 2.5 2 0 4 3 3
-1094.4 5077.9 -33.8 99 0 23.9 12.1 10.0 2.5 2 0 4 0 0
-1016.1 5139.0 -35.4 269 0 30.3 18.9 10.0 2.5 4 0 4 0 0
-877.4 5189.3 -35.0 3 0 23.1 17.9 17.5 0.0 0 0 7 1 1
-724.2 5199.1 -34.2 60 0 25.5 19.5 10.0 2.5 4 0 4 2 2
-807.2 5262.1 -30.0 89 0 18.3 14.0 10.0 2.5 2 0 4 4 4
-790.6 5043.3 -26.9 268 0 34.6 25.6 7.5 0.0 0 0 3 0 0
-947.1 5201.3 -34.5 273 0 19.6 14.7 7.5 2.5 2 0 3 3 3
-764.0 5295.3 -29.3 266 0 13.9 14.2 7.5 2.5 2 1 3 0 0
-653.8 5367.5 -29.4 354 0 13.6 21.9 12.5 2.5 2 1 5 3 3
-698.4 5521.4 -25.4 356 0 18.9 14.3 12.5 2.5 2 0 5 2 2
-826.1 6762.0 41.6 335 0 12.4 10.9 5.0 2.5 2 0 2 1 1
-638.7 6656.1 45.2 350 0 13.0 14.2 7.5 2.5 2 1 3 2 2
-2449.6 5892.4 -31.8 90 0 18.7 14.3 10.0 2.5 2 0 4 1 1
-1547.5 4866.4 -14.5 175 0 19.8 12.8 12.5 2.5 2 0 5 0 0
-1479.6 4850.7 -15.7 58 0 11.3 13.1 7.5 2.5 2 1 3 2 2
-3683.5 -1062.6 -29.1 355 0 10.4 11.4 2.5 2.5 2 1 1 4 4
-3689.1 -1151.8 -20.2 0 0 15.4 15.2 5.0 0.0 0 0 2 2 2
-3734.0 -1201.6 -13.3 85 0 11.0 5.1 2.5 2.5 2 0 1 2 2
-3769.4 -1203.6 -12.2 176 0 8.9 15.5 7.5 2.5 2 1 3 0 0
-3853.0 -1183.4 -12.1 90 0 12.5 13.0 5.0 2.5 2 1 2 0 0
