-5343.1 5918.3 -7.6 168 0 8.0 11.1 7.5 2.5 2 1 3 4 4
-5256.8 5915.8 -10.1 162 0 10.7 8.1 7.5 2.5 2 0 3 2 2
-5236.2 5916.2 -10.0 67 0 11.2 7.3 5.0 2.5 2 0 2 2 2
-5144.8 5953.9 -8.9 73 0 11.2 6.2 2.5 0.0 0 0 1 0 0
-5125.2 5962.0 -8.3 73 0 12.3 8.0 5.0 2.5 2 0 2 4 4
-5076.8 5983.7 -6.5 71 0 12.0 7.0 7.5 2.5 2 0 3 4 4
-5160.3 6027.0 -3.0 159 0 5.7 11.0 2.5 2.5 2 1 1 1 1
-5120.1 6061.9 -4.0 357 0 7.0 10.2 7.5 2.5 2 1 3 1 1
-5079.0 6116.0 -2.2 161 0 10.7 8.3 5.0 2.5 2 0 2 5 5
-4963.3 6078.9 -3.4 158 0 11.1 6.1 5.0 2.5 2 0 2 3 3
-4903.9 6068.0 -7.4 74 0 6.6 9.4 7.5 0.0 0 1 3 1 1
-4939.2 6148.2 -1.5 334 0 9.1 14.7 5.0 2.5 2 1 2 0 0
-4857.5 6089.4 -8.2 69 0 11.2 7.5 5.0 2.5 2 0 2 2 2
-4716.6 6268.4 -6.8 154 0 6.3 8.2 7.5 2.5 2 1 3 4 4
-4697.9 6286.9 -7.8 248 0 10.7 7.8 2.5 0.0 0 0 1 2 2
-4676.8 6292.3 -8.1 248 0 12.6 7.9 5.0 0.0 0 0 2 0 0
-4647.4 6294.6 -8.2 250 0 6.1 9.2 7.5 2.5 2 1 3 2 2
-4567.3 6213.6 -7.2 69 0 7.6 9.6 7.5 2.5 2 1 3 4 4
-4625.5 6310.4 -8.3 248 0 11.8 8.7 7.5 2.5 2 0 3 1 1
-4484.0 6369.6 -8.2 159 0 6.1 9.9 2.5 2.5 2 1 1 3 3
-4415.5 6421.5 -7.9 347 0 6.5 9.5 7.5 2.5 2 1 3 4 4
-4421.6 6488.3 -6.9 360 0 9.2 11.1 7.5 2.5 2 1 3 4 4
-4460.8 6524.9 -6.5 269 0 13.7 14.4 7.5 2.5 2 1 3 4 4
-4443.9 6533.0 -6.3 246 0 14.1 9.9 7.5 2.5 2 0 3 5 5
-4401.4 6366.5 -8.6 74 0 10.7 7.2 7.5 2.5 2 0 3 5 5
-4350.7 6602.0 -5.0 268 0 16.2 14.4 2.5 0.0 0 0 1 4 4
-4319.9 6556.3 -5.6 106 0 14.3 21.5 5.0 2.5 2 1 2 0 0
-4237.2 6662.8 -4.5 258 0 11.3 7.0 5.0 2.5 2 0 2 4 4
-4217.4 6621.6 -5.2 72 0 13.2 8.8 7.5 2.5 2 0 3 5 5
-4213.9 6377.2 -9.3 68 0 15.1 7.2 7.5 2.5 2 0 3 5 5
-4189.3 6389.8 -9.3 67 0 6.7 12.1 5.0 2.5 2 1 2 2 2
-4156.6 6443.6 -8.7 352 0 7.6 11.3 5.0 2.5 2 1 2 0 0
-4258.9 6656.1 -4.6 249 0 13.1 12.5 7.5 2.5 4 0 3 1 1
-4170.1 6674.7 -5.7 264 0 12.6 12.8 5.0 2.5 2 1 2 2 2
-4170.6 6700.4 -5.9 247 0 25.7 8.6 7.5 2.5 2 0 3 5 5
-4102.7 6657.4 -7.0 342 0 15.3 23.5 7.5 2.5 2 1 3 2 2
-4078.8 6575.8 -7.7 157 0 6.8 12.4 5.0 2.5 4 1 2 2 2
-4088.3 6542.8 -7.6 161 0 10.6 9.0 5.0 0.0 0 0 2 2 2
-4088.0 6739.8 -3.7 256 0 11.4 10.8 5.0 2.5 2 0 2 0 0
-4053.9 6745.2 -3.7 267 0 10.4 14.2 5.0 2.5 2 1 2 1 1
-3954.3 6744.1 -3.7 80 0 14.4 16.5 10.0 2.5 4 1 4 1 1
-3948.6 6717.7 -3.5 81 0 10.8 9.8 5.0 2.5 2 0 2 4 4
-4010.4 6734.5 -3.6 88 0 11.1 10.1 2.5 2.5 2 0 1 5 5
-3970.2 6790.0 -3.8 270 0 7.7 11.3 7.5 2.5 2 0 3 3 3
-3961.2 6787.1 -3.8 269 0 10.4 8.4 7.5 2.5 2 0 3 0 0
-3953.7 6806.0 -3.9 267 0 6.8 12.2 7.5 2.5 2 1 3 1 1
-3922.0 6790.0 -3.8 268 0 11.6 8.9 5.0 2.5 2 0 2 5 5
-4039.8 6563.5 -8.1 68 0 9.3 5.5 5.0 2.5 2 0 2 5 5
-4086.6 6456.4 -8.9 68 0 11.8 7.7 2.5 2.5 2 0 1 0 0
-3913.4 6602.6 -2.9 71 0 9.2 6.6 7.5 2.5 2 0 3 0 0
-3830.4 6628.1 -2.9 173 0 10.7 11.7 5.0 0.0 0 1 2 5 5
-3861.4 6759.1 -3.6 84 0 11.8 6.5 5.0 0.0 0 0 2 4 4
-3782.7 6755.1 -3.4 288 0 7.3 18.7 2.5 2.5 2 1 1 1 1
-3752.0 6756.5 -5.0 163 0 11.4 9.7 5.0 2.5 2 0 2 3 3
-3797.3 6709.3 -3.2 165 0 8.6 7.0 2.5 2.5 2 0 1 3 3
-3652.8 6800.0 -4.2 251 0 11.5 7.1 7.5 2.5 2 0 3 3 3
-3553.7 6789.3 -5.3 248 0 14.5 9.8 5.0 2.5 2 0 2 2 2
-3531.1 6794.6 -5.9 252 0 12.8 7.4 5.0 2.5 4 0 2 1 1
-4888.7 6337.5 -1.8 255 0 12.2 10.6 7.5 2.5 4 0 3 2 2
-4814.3 6304.5 -3.9 81 0 8.6 7.3 5.0 2.5 2 0 2 2 2
-4828.6 6337.3 -4.2 262 0 8.0 8.1 5.0 0.0 0 1 2 5 5
-4623.7 6446.9 -6.8 257 0 11.6 9.4 7.5 2.5 2 0 3 2 2
-4678.0 6419.6 -7.2 270 0 14.5 7.3 5.0 2.5 2 0 2 4 4
-4647.8 6436.4 -6.8 267 0 15.7 14.1 7.5 2.5 2 0 3 4 4
-4566.3 6415.2 -7.3 345 0 13.8 10.0 2.5 2.5 2 0 1 0 0
-4568.5 6475.4 -6.8 253 0 13.9 16.5 5.0 0.0 0 1 2 0 0
-4629.3 6385.4 -7.3 77 0 7.5 8.2 5.0 2.5 2 1 2 1 1
-4256.5 6465.2 -7.7 250 0 6.5 9.9 5.0 2.5 2 1 2 1 1
-4150.8 6615.7 -6.4 159 0 12.5 22.0 7.5 2.5 2 1 3 4 4
-4072.9 6666.6 -6.1 353 0 7.7 13.7 5.0 2.5 2 1 2 0 0
-3812.9 6833.3 -3.9 250 0 13.3 14.8 7.5 2.5 2 1 3 5 5
-3689.1 6744.2 -6.5 72 0 8.6 13.6 5.0 2.5 2 1 2 0 0
-3622.7 6765.9 -4.8 71 0 6.0 9.8 7.5 0.0 0 1 3 2 2
-6907.3 5456.6 -2.0 157 0 10.3 9.2 7.5 2.5 2 0 3 3 3
-6870.8 5490.1 -1.9 244 0 10.2 9.5 2.5 2.5 2 0 1 5 5
-6779.7 5371.8 -7.1 350 0 7.9 11.8 5.0 2.5 4 1 2 3 3
-6773.2 5400.4 -6.5 342 0 16.1 9.8 2.5 2.5 2 0 1 3 3
-6791.7 5461.5 -5.8 346 0 18.7 11.5 10.0 0.0 0 0 4 4 4
-5778.3 6048.1 -0.8 162 0 12.3 12.4 2.5 2.5 2 1 1 3 3
-5760.3 6065.5 -1.0 254 0 14.8 26.0 7.5 2.5 2 1 3 3 3
-5751.8 6026.4 -1.6 170 0 15.3 9.0 7.5 2.5 2 0 3 2 2
-5758.9 6004.0 -2.2 157 0 13.0 9.6 5.0 2.5 2 0 2 1 1
-5740.0 5965.5 -3.2 81 0 14.7 15.4 10.0 2.5 2 0 4 4 4
-5735.8 5910.1 -5.3 237 0 6.5 15.4 5.0 2.5 2 1 2 0 0
-5827.5 5894.6 -4.8 257 0 15.4 7.3 5.0 2.5 2 0 2 2 2
-5494.5 5985.2 -3.1 254 0 10.3 10.1 5.0 2.5 2 0 2 3 3
-5505.4 5962.9 -3.5 178 0 6.3 14.6 5.0 2.5 2 1 2 0 0
-5472.4 5997.8 -2.5 252 0 12.1 11.2 5.0 2.5 2 0 2 2 2
-5449.9 5974.9 -2.9 340 0 8.0 7.7 5.0 2.5 2 0 2 5 5
-5458.5 5962.5 -3.0 341 0 6.6 11.1 7.5 2.5 2 1 3 5 5
-5455.7 5954.1 -3.2 338 0 6.5 10.8 5.0 2.5 2 1 2 4 4
-5443.2 5947.2 -3.1 347 0 7.3 10.4 7.5 2.5 2 1 3 3 3
-5457.9 5945.0 -3.4 338 0 5.7 8.6 5.0 2.5 2 1 2 4 4
-5482.0 5914.1 -4.3 96 0 6.5 11.9 7.5 2.5 4 1 3 5 5
-5580.8 5849.5 -7.3 82 0 7.2 9.9 5.0 2.5 2 1 2 2 2
-5530.6 5905.4 -5.2 160 0 9.3 8.2 7.5 2.5 2 0 3 0 0
-5470.1 5773.3 -10.1 250 0 18.7 12.7 2.5 2.5 2 0 1 1 1
-5384.8 5812.1 -9.6 246 0 7.2 8.3 5.0 2.5 2 1 2 3 3
-5318.7 5851.6 -10.1 255 0 8.9 6.5 7.5 2.5 2 0 3 4 4
-5319.5 5840.3 -10.0 248 0 9.1 7.0 7.5 2.5 2 0 3 0 0
-5498.1 5760.1 -10.1 251 0 15.6 8.2 7.5 2.5 2 0 3 0 0
-5681.8 5684.4 -10.2 159 0 7.8 8.7 5.0 2.5 2 1 2 1 1
-5694.7 5685.2 -10.1 339 0 9.8 14.3 7.5 2.5 2 1 3 2 2
-5729.6 5667.6 -10.0 160 0 7.0 20.3 7.5 0.0 0 1 3 1 1
-5729.3 5655.5 -10.1 160 0 7.4 19.5 7.5 2.5 4 1 3 1 1
-5875.6 5643.6 -8.8 95 0 6.5 11.2 5.0 2.5 2 1 2 2 2
-5820.7 5637.9 -9.5 251 0 9.3 9.7 7.5 2.5 2 1 3 2 2
-5982.3 5820.3 -5.5 83 0 18.2 16.0 15.0 0.0 0 0 6 2 2
-5815.7 5753.4 -8.0 67 0 10.5 11.6 5.0 2.5 2 1 2 0 0
-5929.4 5879.5 -4.4 80 0 12.1 13.1 5.0 2.5 2 1 2 0 0
-5849.5 5938.1 -3.2 74 0 8.7 8.8 2.5 2.5 2 1 1 3 3
-5831.3 5928.4 -3.6 79 0 5.4 9.8 7.5 2.5 2 1 3 5 5
-5832.6 5968.3 -2.5 73 0 6.7 7.5 2.5 2.5 4 1 1 3 3
-5873.4 6005.6 -1.5 261 0 9.6 10.9 5.0 2.5 2 1 2 1 1
-5857.2 5965.7 -2.4 63 0 7.4 10.5 5.0 0.0 0 1 2 1 1
-5893.6 5964.4 -2.3 155 0 8.1 5.8 7.5 2.5 4 0 3 3 3
-6024.4 5837.9 -4.8 63 0 13.0 12.1 5.0 2.5 2 0 2 4 4
-6063.4 5834.3 -4.4 68 0 7.8 9.9 5.0 2.5 2 1 2 5 5
-6030.3 5689.9 -6.9 169 0 9.4 7.9 5.0 2.5 2 0 2 1 1
-6082.8 5868.5 -3.8 274 0 10.2 5.4 2.5 2.5 2 0 1 4 4
-5969.1 6036.9 -0.5 81 0 15.3 13.2 7.5 0.0 0 0 3 4 4
-5905.0 5975.8 -1.9 147 0 5.6 8.6 7.5 2.5 2 1 3 5 5
-5845.3 5972.2 -2.3 79 0 10.9 7.2 5.0 2.5 2 0 2 2 2
-5828.4 5943.4 -3.2 72 0 6.2 6.1 7.5 2.5 4 0 3 0 0
-6230.1 5895.2 -2.0 177 0 12.1 7.6 5.0 2.5 2 0 2 3 3
