-6159.4 5940.5 -6.1 248 0 13.2 13.9 2.5 2.5 2 1 1 5 5
-6125.6 5914.3 -6.2 75 0 21.5 16.2 10.0 2.5 2 0 4 4 4
-6093.5 5901.9 -6.7 65 0 7.0 12.7 5.0 2.5 2 1 2 3 3
-6070.6 5976.0 -6.5 178 0 17.1 12.9 5.0 2.5 2 0 2 4 4
-6013.6 5922.1 -6.1 83 0 21.0 16.3 12.5 2.5 2 0 5 5 5
-6033.7 5980.8 -6.5 358 0 15.4 8.0 7.5 2.5 2 0 3 1 1
-6014.8 5994.0 -6.7 2 0 12.1 11.1 2.5 2.5 2 0 1 1 1
-6049.0 6030.3 -7.0 264 0 13.8 21.8 10.0 2.5 2 1 4 5 5
-5911.5 5953.2 -6.3 85 0 11.2 14.2 7.5 2.5 2 1 3 4 4
-5933.9 5956.6 -6.4 80 0 9.3 12.3 5.0 2.5 2 1 2 0 0
-5887.5 5926.7 -6.2 225 0 8.5 14.5 5.0 2.5 2 1 2 4 4
-5911.4 5924.9 -6.0 225 0 8.5 14.5 5.0 2.5 2 1 2 3 3
-5922.9 5912.2 -5.9 225 0 8.5 14.5 7.5 2.5 2 1 3 4 4
-5901.7 6026.6 -6.8 225 0 8.5 14.5 5.0 2.5 2 1 2 5 5
-5854.7 6070.5 -8.0 225 0 8.5 14.5 7.5 2.5 2 1 3 2 2
-5835.3 5926.1 -6.2 225 0 8.5 14.5 7.5 2.5 2 1 3 0 0
-5840.8 5904.7 -5.9 225 0 8.5 14.5 7.5 2.5 2 1 3 4 4
-5829.8 5880.8 -5.4 225 0 8.5 14.5 2.5 2.5 2 1 1 0 0
-5773.6 5894.9 -5.2 225 0 8.5 14.5 7.5 2.5 2 1 3 0 0
-5805.7 5859.2 -5.8 225 0 8.5 14.5 7.5 2.5 2 1 3 4 4
-5758.7 5916.8 -5.4 225 0 8.5 14.5 5.0 2.5 2 1 2 4 4
-5774.7 5929.9 -5.8 225 0 8.5 14.5 5.0 2.5 2 1 2 1 1
-5766.4 5964.7 -6.3 225 0 8.5 14.5 7.5 2.5 4 1 3 4 4
-5753.6 5964.7 -6.2 225 0 8.5 14.5 5.0 2.5 2 1 2 4 4
-5740.1 5869.5 -6.3 225 0 8.5 14.5 7.5 2.5 4 1 3 1 1
-5756.2 5866.1 -6.2 225 0 8.5 14.5 5.0 2.5 2 1 2 1 1
-5720.1 5899.5 -4.9 225 0 8.5 14.5 5.0 2.5 2 1 2 2 2
-5679.6 5925.0 -5.0 225 0 8.5 14.5 5.0 2.5 2 1 2 4 4
-5664.9 5905.9 -5.5 225 0 8.5 14.5 2.5 2.5 2 1 1 3 3
-5653.9 5906.3 -5.6 225 0 8.5 14.5 7.5 2.5 2 1 3 0 0
-5919.2 5873.5 -5.5 225 0 8.5 14.5 7.5 2.5 2 1 3 5 5
-6056.8 5828.1 -9.3 225 0 8.5 14.5 7.5 2.5 2 1 3 1 1
-5969.4 5908.8 -5.8 225 0 8.5 14.5 2.5 2.5 2 1 1 5 5
-5763.3 6053.2 -7.8 225 0 8.5 14.5 2.5 0.0 0 1 1 4 4
-5726.4 6063.9 -7.6 225 0 8.5 14.5 5.0 2.5 2 1 2 3 3
-5637.2 5953.4 -5.1 269 0 8.1 11.9 5.0 2.5 2 1 2 0 0
-5658.9 5972.5 -5.6 269 0 8.1 11.9 5.0 2.5 2 1 2 4 4
-5653.2 5927.9 -4.8 269 0 8.1 11.9 5.0 2.5 2 1 2 3 3
-5607.5 5971.1 -5.2 269 0 8.1 11.9 5.0 2.5 2 1 2 0 0
-5604.6 5947.5 -4.7 269 0 8.1 11.9 7.5 2.5 2 1 3 3 3
-5592.0 5935.9 -4.6 89 0 8.1 11.9 5.0 2.5 2 1 2 1 1
-5576.2 5948.2 -4.7 89 0 8.1 11.9 7.5 2.5 2 1 3 4 4
-5592.0 5980.9 -5.2 269 0 8.1 11.9 5.0 2.5 2 1 2 3 3
-5560.3 5979.7 -4.9 269 0 8.1 11.9 7.5 2.5 4 1 3 3 3
-5567.9 6038.3 -6.1 89 0 8.1 11.9 5.0 2.5 2 1 2 4 4
-5612.1 6022.3 -6.2 89 0 8.1 11.9 7.5 2.5 2 1 3 0 0
-5530.5 6017.2 -5.3 269 0 8.1 11.9 5.0 2.5 4 1 2 4 4
-5476.4 6010.2 -4.8 269 0 8.1 11.9 2.5 2.5 2 1 1 3 3
-5475.0 6027.2 -5.0 269 0 8.1 11.9 5.0 2.5 2 1 2 5 5
-5463.3 5983.9 -4.4 89 0 8.1 11.9 7.5 2.5 2 1 3 2 2
-5463.4 5969.6 -4.3 89 0 8.1 11.9 7.5 2.5 2 1 3 5 5
-5497.9 6014.5 -5.0 269 0 8.1 11.9 7.5 2.5 2 1 3 0 0
-5520.4 5973.2 -4.7 89 0 8.1 11.9 7.5 0.0 0 1 3 3 3
-5485.5 6064.9 -5.8 179 0 11.9 8.1 5.0 2.5 2 0 2 2 2
-5467.5 6058.5 -5.7 89 0 8.1 11.9 7.5 2.5 2 1 3 0 0
-5458.5 6064.2 -5.5 89 0 8.1 11.9 7.5 0.0 0 1 3 5 5
-5447.5 6064.9 -5.4 89 0 8.1 11.9 7.5 2.5 4 1 3 1 1
-5409.7 6057.2 -4.8 269 0 8.1 11.9 5.0 2.5 2 1 2 4 4
-5383.6 6035.0 -4.4 269 0 8.1 11.9 7.5 2.5 2 1 3 0 0
-5356.3 6065.4 -4.8 269 0 8.1 11.9 7.5 2.5 2 1 3 0 0
-5362.2 6035.6 -4.3 269 0 8.1 11.9 2.5 2.5 2 1 1 3 3
-5337.7 6060.2 -4.4 269 0 8.1 11.9 2.5 2.5 2 1 1 2 2
-5374.4 6053.8 -4.6 269 0 8.1 11.9 7.5 0.0 0 1 3 5 5
-5327.8 5999.3 -4.6 269 0 8.1 11.9 2.5 2.5 2 1 1 0 0
-5359.6 5922.2 -6.2 89 0 8.1 11.9 5.0 2.5 2 1 2 4 4
-5400.7 5889.9 -7.4 89 0 8.1 11.9 7.5 0.0 0 1 3 0 0
-5401.5 5906.3 -6.9 89 0 8.1 11.9 2.5 2.5 2 1 1 0 0
-5422.2 5930.1 -6.5 89 0 8.1 11.9 5.0 2.5 2 1 2 3 3
-5414.0 6012.6 -4.3 269 0 8.1 11.9 2.5 2.5 2 1 1 0 0
-5305.7 5895.8 -7.1 89 0 8.1 11.9 7.5 2.5 4 1 3 2 2
-5306.0 5878.5 -7.5 89 0 8.1 11.9 2.5 2.5 4 1 1 3 3
-5284.9 5902.7 -7.1 359 0 11.9 8.1 5.0 2.5 2 0 2 1 1
-5268.3 5912.6 -7.0 359 0 11.9 8.1 5.0 0.0 0 0 2 1 1
-5280.2 5951.9 -6.1 359 0 11.9 8.1 7.5 2.5 4 0 3 5 5
-5308.5 5994.1 -4.9 359 0 11.9 8.1 7.5 0.0 0 0 3 5 5
-5284.9 6015.5 -5.2 359 0 11.9 8.1 5.0 2.5 2 0 2 5 5
-5309.7 6037.0 -4.5 269 0 8.1 11.9 2.5 2.5 2 1 1 3 3
-5294.5 6043.1 -4.8 269 0 8.1 11.9 2.5 2.5 2 1 1 2 2
-5343.6 6097.8 -5.3 89 0 8.1 11.9 5.0 2.5 2 1 2 3 3
-5303.1 6154.1 -5.2 89 0 8.1 11.9 10.5 3.5 4 1 3 3 3
-5301.1 6119.8 -4.5 179 0 11.9 8.1 10.5 3.5 2 0 3 3 3
-5269.6 6099.3 -5.0 89 0 8.1 11.9 10.5 3.5 2 1 3 3 3
-5259.1 6131.5 -5.1 89 0 8.1 11.9 10.5 3.5 2 1 3 0 0
-5254.7 6109.5 -5.3 89 0 8.1 11.9 10.5 3.5 2 1 3 5 5
-5264.5 6182.1 -5.0 269 0 8.1 11.9 10.5 0.0 0 1 3 5 5
-5380.6 6078.7 -5.5 89 0 8.1 11.9 2.5 2.5 2 1 1 4 4
-5429.8 6121.3 -6.1 179 0 11.9 8.1 5.0 2.5 2 0 2 1 1
-5236.7 6010.4 -6.3 89 0 8.1 11.9 7.5 2.5 4 1 3 5 5
-5249.1 6184.1 -5.2 269 0 8.1 11.9 10.5 3.5 2 1 3 2 2
-5234.4 6113.0 -5.7 89 0 8.1 11.9 10.5 3.5 2 1 3 0 0
-5219.4 6185.6 -5.8 269 0 8.1 11.9 10.5 3.5 2 1 3 1 1
-5186.1 6071.2 -6.7 359 0 11.9 8.1 2.5 2.5 2 0 1 4 4
-5184.0 6043.0 -7.1 89 0 8.1 11.9 7.5 2.5 2 1 3 3 3
-5444.8 6371.5 -4.9 269 0 8.1 11.9 7.5 2.5 2 1 3 4 4
-5502.8 6414.6 -3.1 269 0 8.1 11.9 5.0 2.5 2 1 2 1 1
-5543.8 6397.6 -3.6 269 0 8.1 11.9 5.0 2.5 2 1 2 5 5
-5596.4 6345.5 -6.9 179 0 11.9 8.1 7.5 0.0 0 0 3 1 1
-5586.4 6379.1 -5.3 269 0 8.1 11.9 5.0 0.0 0 1 2 0 0
-5596.0 6382.3 -5.1 269 0 8.1 11.9 5.0 0.0 0 1 2 0 0
-5555.3 6326.5 -7.8 89 0 8.1 11.9 2.5 2.5 2 1 1 2 2
-5749.0 6392.5 -7.5 89 0 8.1 11.9 2.5 2.5 2 1 1 3 3
-5789.6 6335.4 -7.4 359 0 11.9 8.1 5.0 2.5 2 0 2 5 5
-5837.3 6309.8 -6.6 179 0 11.9 8.1 7.5 2.5 2 0 3 5 5
-5852.7 6530.3 -5.4 179 0 11.9 8.1 2.5 2.5 2 0 1 4 4
-5852.4 6561.6 -5.2 179 0 11.9 8.1 5.0 2.5 2 0 2 3 3
-5821.2 6619.4 -3.4 89 0 8.1 11.9 5.0 2.5 2 1 2 4 4
-5809.5 6661.2 -3.1 269 0 8.1 11.9 5.0 2.5 2 1 2 3 3
-5938.1 6473.7 -3.6 179 0 11.9 8.1 7.5 0.0 0 0 3 1 1
-6024.4 6522.8 -1.2 359 0 11.9 8.1 5.0 2.5 2 0 2 1 1
-6059.8 6541.1 -1.3 89 0 8.1 11.9 7.5 2.5 2 1 3 3 3
-6004.9 6416.9 -2.2 269 0 8.1 11.9 5.0 2.5 2 1 2 2 2
-6076.4 6392.8 -0.9 179 0 11.9 8.1 7.5 2.5 2 0 3 1 1
-6095.3 6366.4 -0.9 179 0 11.9 8.1 2.5 2.5 2 0 1 2 2
-6095.9 6342.0 -1.0 179 0 11.9 8.1 2.5 2.5 2 0 1 1 1
-5988.7 6199.8 -4.7 179 0 11.9 8.1 5.0 2.5 2 0 2 5 5
-6002.4 6126.2 -6.8 89 0 8.1 11.9 5.0 2.5 2 1 2 0 0
-6073.6 6175.0 -5.5 269 0 8.1 11.9 7.5 2.5 2 1 3 0 0
-6086.7 6156.0 -6.4 269 0 8.1 11.9 5.0 2.5 2 1 2 5 5
-6086.3 6125.6 -7.1 89 0 8.1 11.9 7.5 2.5 2 1 3 3 3
-6120.3 6110.1 -8.0 89 0 8.1 11.9 2.5 2.5 2 1 1 4 4
-6150.8 6241.0 -2.1 269 0 8.1 11.9 5.0 2.5 2 1 2 0 0
-6171.6 6121.8 -7.8 89 0 8.1 11.9 5.0 2.5 4 1 2 1 1
-6233.1 6087.0 -6.8 179 0 11.9 8.1 2.5 2.5 2 0 1 1 1
-6259.4 6126.7 -4.3 359 0 11.9 8.1 2.5 2.5 2 0 1 0 0
-6318.3 6194.1 0.1 269 0 8.1 11.9 7.5 2.5 2 1 3 0 0
-6316.4 6146.8 -1.6 179 0 11.9 8.1 2.5 2.5 2 0 1 4 4
-6355.6 6067.4 -5.9 269 0 8.1 11.9 5.0 2.5 2 1 2 0 0
-6213.7 5927.9 -6.1 359 0 11.9 8.1 7.5 2.5 2 0 3 3 3
-6222.4 5967.2 -7.2 359 0 11.9 8.1 5.0 2.5 2 0 2 4 4
-6229.6 5848.6 -6.6 89 0 8.1 11.9 7.5 2.5 2 1 3 5 5
-6251.1 5845.1 -6.4 89 0 8.1 11.9 5.0 2.5 2 1 2 5 5
-6273.8 5846.2 -6.2 89 0 8.1 11.9 5.0 2.5 2 1 2 0 0
-6273.4 5962.5 -7.0 269 0 8.1 11.9 2.5 0.0 0 1 1 1 1
-6305.2 5932.3 -6.5 269 0 8.1 11.9 5.0 2.5 2 1 2 5 5
-6316.6 5841.8 -6.2 89 0 8.1 11.9 5.0 2.5 2 1 2 0 0
-6310.5 5819.8 -6.4 89 0 8.1 11.9 2.5 0.0 0 1 1 3 3
-6201.2 5826.1 -7.5 269 0 8.1 11.9 7.5 2.5 2 1 3 3 3
-6248.4 5813.0 -7.3 269 0 8.1 11.9 7.5 0.0 0 1 3 1 1
-6229.7 5744.9 -8.6 359 0 11.9 8.1 5.0 2.5 2 0 2 4 4
-6283.0 5754.9 -8.1 269 0 8.1 11.9 7.5 2.5 2 1 3 1 1
-6239.6 5691.6 -9.5 359 0 11.9 8.1 2.5 2.5 2 0 1 0 0
-6276.3 5686.6 -9.3 359 0 11.9 8.1 7.5 2.5 2 0 3 1 1
-6250.4 5663.1 -10.0 359 0 11.9 8.1 2.5 2.5 2 0 1 4 4
-6258.4 5615.5 -10.7 89 0 8.1 11.9 7.5 2.5 2 1 3 2 2
-6262.9 5642.0 -10.2 359 0 11.9 8.1 5.0 2.5 2 0 2 1 1
-6296.0 5605.8 -10.6 89 0 8.1 11.9 7.5 2.5 2 1 3 5 5
-6327.7 5628.7 -9.8 89 0 8.1 11.9 7.5 2.5 2 1 3 4 4
-6403.7 5647.4 -8.8 89 0 8.1 11.9 7.5 2.5 4 1 3 2 2
-6348.6 5722.4 -8.1 269 0 8.1 11.9 7.5 2.5 4 1 3 4 4
-6424.7 5783.5 -6.4 89 0 8.1 11.9 2.5 2.5 2 1 1 4 4
-6441.3 5778.5 -6.4 89 0 8.1 11.9 5.0 2.5 2 1 2 5 5
-6386.7 5833.8 -6.4 269 0 8.1 11.9 7.5 2.5 2 1 3 2 2
-6348.4 5841.0 -6.3 89 0 8.1 11.9 2.5 2.5 4 1 1 1 1
-6390.2 5914.7 -6.7 269 0 8.1 11.9 7.5 2.5 2 1 3 2 2
-6430.6 5904.0 -6.9 179 0 11.9 8.1 7.5 2.5 2 0 3 1 1
-6338.4 5928.5 -6.6 269 0 8.1 11.9 5.0 0.0 0 1 2 5 5
-6289.7 5911.5 -6.3 269 0 8.1 11.9 7.5 2.5 2 1 3 4 4
-6403.4 6110.1 -2.6 89 0 8.1 11.9 7.5 2.5 2 1 3 1 1
-6607.7 6078.0 -2.2 359 0 11.9 8.1 7.5 2.5 2 0 3 3 3
-6622.0 6119.9 -0.6 359 0 11.9 8.1 5.0 2.5 2 0 2 2 2
-6684.8 6094.6 -0.5 179 0 11.9 8.1 5.0 2.5 2 0 2 2 2
-6756.1 6050.0 -1.6 89 0 8.1 11.9 7.5 2.5 2 1 3 0 0
-6476.8 5603.8 -9.0 89 0 8.1 11.9 2.5 2.5 2 1 1 4 4
-6485.5 5717.1 -7.0 269 0 8.1 11.9 5.0 2.5 2 1 2 4 4
-6464.7 5647.3 -8.3 359 0 11.9 8.1 5.0 2.5 2 0 2 5 5
-6503.3 5625.5 -8.3 89 0 8.1 11.9 5.0 2.5 4 1 2 1 1
-6506.9 5657.4 -7.8 179 0 11.9 8.1 5.0 2.5 2 0 2 5 5
-6551.7 5611.4 -8.1 89 0 8.1 11.9 2.5 2.5 2 1 1 5 5
-6556.8 5645.8 -7.7 269 0 8.1 11.9 5.0 2.5 2 1 2 3 3
-6588.1 5659.8 -7.1 179 0 11.9 8.1 5.0 2.5 2 0 2 4 4
-6590.0 5696.6 -6.7 269 0 8.1 11.9 5.0 2.5 2 1 2 3 3
-6592.9 5584.0 -8.5 359 0 11.9 8.1 7.5 2.5 2 0 3 0 0
-6610.3 5648.6 -7.1 179 0 11.9 8.1 7.5 2.5 2 0 3 2 2
-6664.0 5603.3 -8.6 269 0 8.1 11.9 7.5 2.5 2 1 3 5 5
-6697.4 5550.2 -10.3 359 0 11.9 8.1 7.5 2.5 2 0 3 5 5
-6694.5 5527.4 -10.9 359 0 11.9 8.1 5.0 2.5 2 0 2 3 3
-6722.3 5537.6 -10.8 89 0 8.1 11.9 5.0 2.5 2 1 2 4 4
-6752.7 5640.8 -9.7 269 0 8.1 11.9 2.5 2.5 2 1 1 2 2
-6709.3 5642.8 -8.7 269 0 8.1 11.9 7.5 2.5 2 1 3 5 5
-6726.3 5690.7 -8.0 179 0 11.9 8.1 2.5 2.5 2 0 1 3 3
-6814.8 5623.4 -11.4 269 0 8.1 11.9 2.5 0.0 0 1 1 3 3
-6833.4 5766.9 -9.1 80 0 5.1 8.4 5.0 2.5 2 1 2 1 1
-2746.4 6536.3 -10.0 179 0 6.0 10.8 2.5 2.5 4 1 1 2 2
-2747.7 6522.2 -10.1 181 0 7.3 5.9 5.0 2.5 2 0 2 3 3
-2727.5 6670.7 -8.7 189 0 9.2 14.2 7.5 2.5 2 1 3 1 1
-2725.2 6715.3 -8.2 271 0 9.1 21.3 7.5 0.0 0 1 3 4 4
-2629.5 6713.4 -10.1 349 0 9.5 27.5 7.5 2.5 2 1 3 3 3
-5814.7 5940.5 -6.8 102 0 12.8 34.1 10.0 0.0 0 1 4 1 1
